# ID time  diameter x y z u v w  (ex ey ez, color)
27  0.006875  0.001 0.01618 0.01691 0.01843    0    0 -0.1
26  0.00855  0.001 0.01853 0.0157 0.01843    0    0 -0.1
9  0.009625  0.001 0.01754 0.01674 0.01843    0    0 -0.1
21  0.01069  0.001 0.0216 0.01586 0.01843    0    0 -0.1
3  0.01114  0.001 0.01482 0.01773 0.01843    0    0 -0.1
20  0.01144  0.001 0.02296 0.01804 0.01843    0    0 -0.1
33  0.01676  0.001 0.02067 0.01857 0.01843    0    0 -0.1
34  0.01824  0.001 0.02201 0.0177 0.01843    0    0 -0.1
2  0.01842  0.001 0.01626 0.01686 0.01843    0    0 -0.1
25  0.01893  0.001 0.01864 0.01738 0.01843    0    0 -0.1
17  0.01918  0.001 0.01616 0.01567 0.01843    0    0 -0.1
39  0.02018  0.001 0.01965 0.01827 0.01843    0    0 -0.1
23  0.02034  0.001 0.01871 0.01898 0.01843    0    0 -0.1
11  0.02071  0.001 0.0216 0.01895 0.01843    0    0 -0.1
5  0.0226  0.001 0.02053 0.01703 0.01843    0    0 -0.1
7  0.02579  0.001 0.01711 0.01814 0.01843    0    0 -0.1
18  0.02928  0.001 0.02163 0.01831 0.01843    0    0 -0.1
24  0.02965  0.001 0.02183 0.01624 0.01843    0    0 -0.1
16  0.03249  0.001 0.01883 0.0192 0.01843    0    0 -0.1
32  0.03322  0.001 0.02045 0.01613 0.01843    0    0 -0.1
29  0.03333  0.001 0.01568 0.0187 0.01843    0    0 -0.1
38  0.03345  0.001 0.01732 0.01709 0.01843    0    0 -0.1
14  0.03424  0.001 0.01651 0.01797 0.01843    0    0 -0.1
35  0.03489  0.001 0.02066 0.01944 0.01843    0    0 -0.1
12  0.03595  0.001 0.01482 0.01777 0.01843    0    0 -0.1
6  0.03967  0.001 0.0164 0.01659 0.01843    0    0 -0.1
15  0.04038  0.001 0.01851 0.01681 0.01843    0    0 -0.1
31  0.04365  0.001 0.0212 0.01539 0.01843    0    0 -0.1
8  0.0439  0.001 0.01862 0.01522 0.01843    0    0 -0.1
36  0.04452  0.001 0.01698 0.01854 0.01843    0    0 -0.1
30  0.04472  0.001 0.01803 0.01874 0.01843    0    0 -0.1
37  0.04554  0.001 0.02125 0.01911 0.01843    0    0 -0.1
10  0.04628  0.001 0.02169 0.01713 0.01843    0    0 -0.1
1  0.05074  0.001 0.01628 0.01757 0.01843    0    0 -0.1
19  0.05294  0.001 0.01763 0.0152 0.01843    0    0 -0.1
22  0.05353  0.001 0.01568 0.01649 0.01843    0    0 -0.1
13  0.0539  0.001 0.02068 0.01794 0.01843    0    0 -0.1
28  0.05669  0.001 0.0183 0.01678 0.01843    0    0 -0.1
4  0.05745  0.001 0.01673 0.01615 0.01843    0    0 -0.1
37  0.06515  0.001 0.02128 0.02012 0.01843 0.001789 0.06191 -0.0557
60  0.07148  0.001 0.01972 0.01526 0.01843    0    0 -0.1
65  0.07157  0.001 0.01617 0.01891 0.01843    0    0 -0.1
59  0.07673  0.001 0.01692 0.01946 0.01843    0    0 -0.1
77  0.07884  0.001 0.02133 0.01814 0.01843    0    0 -0.1
75  0.07902  0.001 0.02356 0.01891 0.01843    0    0 -0.1
58  0.08063  0.001 0.02053 0.01565 0.01843    0    0 -0.1
89  0.08425  0.001 0.02043 0.0181 0.01843    0    0 -0.1
41  0.08624  0.001 0.01628 0.01757 0.01843    0    0 -0.1
69  0.08813  0.001 0.0216 0.01586 0.01843    0    0 -0.1
54  0.08896  0.001 0.01863 0.01723 0.01843    0    0 -0.1
55  0.08959  0.001 0.02229 0.01842 0.01843    0    0 -0.1
71  0.09137  0.001 0.01871 0.01898 0.01843    0    0 -0.1
46  0.09161  0.001 0.01463 0.01945 0.01843    0    0 -0.1
86  0.09292  0.001 0.02066 0.01944 0.01843    0    0 -0.1
82  0.09465  0.001 0.01568 0.0187 0.01843    0    0 -0.1
44  0.09697  0.001 0.01482 0.01773 0.01843    0    0 -0.1
57  0.1003  0.001 0.02031 0.01563 0.01843    0    0 -0.1
56  0.1046  0.001 0.01601 0.01848 0.01843    0    0 -0.1
81  0.1065  0.001 0.01495 0.01817 0.01843    0    0 -0.1
40  0.1073  0.001 0.02081 0.01787 0.01843    0    0 -0.1
66  0.1077  0.001 0.01747 0.01859 0.01843    0    0 -0.1
64  0.1085  0.001 0.01616 0.01567 0.01843    0    0 -0.1
47  0.1137  0.001 0.01962 0.01486 0.01843    0    0 -0.1
79  0.1144  0.001 0.01953 0.01867 0.01843    0    0 -0.1
63  0.1159  0.001 0.01587 0.0178 0.01843    0    0 -0.1
67  0.1184  0.001 0.01763 0.0152 0.01843    0    0 -0.1
45  0.1216  0.001 0.01673 0.01615 0.01843    0    0 -0.1
70  0.1235  0.001 0.01568 0.01649 0.01843    0    0 -0.1
51  0.1267  0.001 0.02169 0.01713 0.01843    0    0 -0.1
80  0.1274  0.001 0.0201 0.01543 0.01843    0    0 -0.1
88  0.1284  0.001 0.01941 0.01807 0.01843    0    0 -0.1
84  0.1288  0.001 0.01876 0.01662 0.01843    0    0 -0.1
62  0.1307  0.001 0.01611 0.01765 0.01843    0    0 -0.1
83  0.1335  0.001 0.01852 0.01915 0.01843    0    0 -0.1
73  0.1372  0.001 0.01761 0.01704 0.01843    0    0 -0.1
49  0.1373  0.001 0.01985 0.01664 0.01843    0    0 -0.1
72  0.1377  0.001 0.02111 0.01615 0.01843    0    0 -0.1
87  0.1403  0.001 0.02328 0.01916 0.01843    0    0 -0.1
85  0.1418  0.001 0.02201 0.0177 0.01843    0    0 -0.1
42  0.1426  0.001 0.01626 0.01686 0.01843    0    0 -0.1
43  0.1426  0.001 0.01997 0.01562 0.01843    0    0 -0.1
76  0.1442  0.001 0.01795 0.01557 0.01843    0    0 -0.1
61  0.1455  0.001 0.02044 0.01858 0.01843    0    0 -0.1
52  0.1461  0.001 0.01873 0.0173 0.01843    0    0 -0.1
53  0.1464  0.001 0.01482 0.01777 0.01843    0    0 -0.1
78  0.1482  0.001 0.01709 0.01522 0.01843    0    0 -0.1
50  0.1504  0.001 0.01948 0.01647 0.01843    0    0 -0.1
68  0.1509  0.001 0.02296 0.01804 0.01843    0    0 -0.1
48  0.153  0.001 0.01711 0.01814 0.01843    0    0 -0.1
74  0.1533  0.001 0.0197 0.01944 0.01843    0    0 -0.1
155  0.1576  0.001 0.01497 0.01833 0.01843    0    0 -0.1
156  0.159  0.001 0.02087 0.01645 0.01843    0    0 -0.1
147  0.1613  0.001 0.02055 0.0176 0.01843    0    0 -0.1
150  0.1677  0.001 0.01808 0.01685 0.01843    0    0 -0.1
157  0.1727  0.001 0.01773 0.0177 0.01843    0    0 -0.1
146  0.1769  0.001 0.01967 0.0186 0.01843    0    0 -0.1
149  0.1773  0.001 0.0201 0.01537 0.01843    0    0 -0.1
153  0.1778  0.001 0.02155 0.01829 0.01843    0    0 -0.1
144  0.1792  0.001 0.02294 0.01818 0.01843    0    0 -0.1
85  0.1819  0.001 0.02174 0.01584 0.01843 0.4356 0.1043 -0.3352
152  0.1926  0.001 0.01647 0.0162 0.01843    0    0 -0.1
145  0.1933  0.001 0.02168 0.0177 0.01843    0    0 -0.1
151  0.1935  0.001 0.02006 0.01532 0.01843    0    0 -0.1
148  0.1975  0.001 0.01484 0.01752 0.01843    0    0 -0.1
157  0.2188  0.001 0.01614 0.01598 0.01843 -0.04065 -0.1215 -0.106
130  0.2209  0.001 0.02065 0.02003 0.01843 -0.2403 0.1589 -0.05393
170  0.2209  0.001 0.01715 0.01514 0.01843    0    0 -0.3048
166  0.2222  0.001 0.02136 0.01577 0.01843    0    0 -0.3182
169  0.2232  0.001 0.01965 0.01827 0.01843    0    0 -0.3275
158  0.2239  0.001 0.02037 0.01475 0.01843    0    0 -0.334
163  0.2259  0.001 0.01531 0.0162 0.01843 -0.02565 -0.02802 -0.3743
154  0.2269  0.001 0.01647 0.01962 0.01843 -0.03226 0.2441 -0.2158
56  0.2285  0.001 0.01742 0.01916 0.01843 0.02245 -0.07549 -0.3838
165  0.2287  0.001 0.0162 0.016 0.01843 -0.004689 -0.08636 -0.3322
119  0.2303  0.001 0.0185 0.01842 0.01843 -0.1459 0.03973 -0.3189
164  0.2307  0.001 0.01798 0.0155 0.01843 0.04728 -0.1322 -0.2721
162  0.2327  0.001 0.02125 0.01911 0.01843    0    0 -0.4212
172  0.2329  0.001 0.01572 0.01929 0.01843    0    0 -0.423
37  0.2336  0.001 0.02047 0.01757 0.01843 0.01758 0.08779 -0.402
159  0.2341  0.001 0.0167 0.01832 0.01843 -0.06676 -0.05261 -0.3592
168  0.2346  0.001 0.01965 0.01918 0.01843    0    0 -0.4395
161  0.2364  0.001 0.02296 0.01903 0.01843 0.2245 0.1627 -0.3272
173  0.2373  0.001 0.01775 0.01872 0.01843 0.05517 0.01206 -0.3458
7  0.244  0.001 0.01399 0.01842 0.01637 0.09221 0.06832 -0.2351
124  0.2498  0.001 0.02404 0.01829 0.01843 -0.0973 -0.05776 -0.08207
159  0.2515  0.001 0.01396 0.019 0.01843 -0.3715 -0.1565 -0.04005
85  0.2535  0.001 0.01622 0.01776 0.01843 -0.1906 -0.03373 -0.1463
167  0.2619  0.001 0.01912 0.01912 0.01843 -0.1522 0.1402 -0.3256
37  0.2697  0.001 0.01719 0.01718 0.01843 -0.02288 0.2327 -0.1233
183  0.2707  0.001 0.01957 0.01763 0.01843 -0.1337 0.2184 -0.08624
174  0.2736  0.001 0.0189 0.0168 0.01843 -0.1686 0.2068 -0.1413
159  0.2898  0.001 0.0207 0.02 0.01843 0.2057 0.0348 -0.165
169  0.2914  0.001 0.01519 0.01897 0.01843 0.1219 0.06225 -0.1823
129  0.2998  0.001 0.014 0.01836 0.01822 0.1842 0.07017 -0.02326
95  0.3173  0.001 0.01599 0.01527 0.01843 0.1005 0.05246 -0.5423
125  0.3255  0.001 0.01501 0.01926 0.01843 0.04422 -0.1111 -0.2984
5  0.3359  0.001 0.02046 0.01415 0.01704 0.04073 0.2995 -0.305
125  0.3461  0.001 0.01567 0.0197 0.01843 -0.147 0.1717 -0.1225
162  0.3511  0.001 0.01594 0.01877 0.01843 -0.08145 -0.07722 -0.1287
18  0.3656  0.001 0.01728 0.01979 0.01843 0.1897 -0.1409 -0.5971
54  0.3821  0.001 0.02413 0.01956 0.01796 -0.09952 -0.03558 -0.05691
146  0.5507  0.001 0.01533 0.0171 0.01843 0.08994 0.05635 -0.3883
18  0.5763  0.001 0.01493 0.01804 0.01843 -0.0897 -0.01967 -0.1271
134  0.5894  0.001 0.0204 0.01964 0.01843 -0.01745 -0.04756 -0.2332
146  0.617  0.001 0.0154 0.01698 0.01843 0.07426 0.06615 -0.2264
80  0.6423  0.001 0.01901 0.01457 0.01843 -0.07897 0.1022 -0.4098
146  0.6688  0.001 0.01503 0.01771 0.01843 -0.02063 0.005574 -0.1746
11  0.695  0.001 0.01829 0.01863 0.01843 0.1604 -0.12 -0.4753
184  0.6961  0.001 0.02127 0.01808 0.01843 0.02795 -0.06773 -0.3027
167  0.7192  0.001 0.0221 0.01945 0.01843 -0.26 -0.09116 -0.5045
144  0.7221  0.001 0.01897 0.01965 0.01843 -0.1094 0.02279 -0.05899
171  0.7226  0.001 0.0238 0.01718 0.01736 -0.03009 0.005821 -0.02194
54  0.7466  0.001 0.02074 0.01473 0.01843 -0.05614 -0.1072 -0.2
183  0.7472  0.001 0.01619 0.01849 0.01843 -0.004161 0.04775 -0.1963
28  0.7568  0.001 0.01897 0.01883 0.01843 0.1233 0.04189 -0.1575
96  0.7662  0.001 0.02141 0.01915 0.01843 0.2406 -0.01427 -0.3384
95  0.769  0.001 0.01966 0.01927 0.01843 0.3184 -0.1022 -0.2831
183  0.7789  0.001 0.01443 0.01958 0.01843 -0.07126 0.0304 -0.04735
71  0.7987  0.001 0.01833 0.01958 0.01843 0.2393 0.06331 -0.1412
6  0.8002  0.001 0.01576 0.01833 0.01843 0.122 0.07055 -0.3034
11  0.8042  0.001 0.01763 0.01975 0.01843 0.1177 -0.106 -0.3428
100  0.8071  0.001 0.014 0.01974 0.01798 0.204 0.01931 -0.2684
17  0.8079  0.001 0.02109 0.01749 0.01843 -0.1452 0.06345 -0.316
55  0.8164  0.001 0.0143 0.01791 0.01843 -0.2661 -0.03498 -0.4427
50  0.8236  0.001 0.01506 0.01587 0.01765 0.1891 0.1317 -0.004066
17  0.8694  0.001 0.02343 0.01749 0.01843 0.05521 -0.005941 -0.2439
114  0.9201  0.001 0.0207 0.02 0.01843 -0.03349 -0.0545 -0.1167
118  0.9206  0.001 0.0225 0.01656 0.01843 0.022 -0.09822 -0.1327
48  0.9369  0.001 0.02407 0.01814 0.0178 -0.1127 -0.02183 -0.0921
129  0.9508  0.001 0.01569 0.01521 0.01827 0.1252 0.1446 0.07414
61  0.9566  0.001 0.02285 0.01848 0.01843 -0.113 -0.009161 -0.3191
168  0.9624  0.001 0.02302 0.01887 0.01843 0.05042 -0.1035 -0.232
129  0.9633  0.001 0.01726 0.01702 0.01843 0.1252 0.1446 -0.04848
48  0.9735  0.001 0.01912 0.01437 0.01843 -0.1508 -0.1326 -0.0613
143  0.9915  0.001 0.02406 0.01804 0.01831 -0.06807 -0.08258 -0.07959
181  1.108  0.001 0.01602 0.01495 0.01732 0.2225 0.1065 -0.2548
162  1.17  0.001 0.02364 0.01898 0.01843 -0.09311 -0.0248 -0.2144
52  1.173  0.001 0.02414 0.01861 0.01682 -0.06485 -0.005027 -0.02506
181  1.231  0.001 0.016 0.01939 0.01843 0.1065 0.07793 -0.1893
43  1.241  0.001 0.01979 0.01605 0.01843 -0.000666 0.02071 -0.2654
15  1.244  0.001 0.01719 0.01883 0.01843 -0.08554 -0.01647 -0.05239
75  1.255  0.001 0.0216 0.01566 0.01843 -0.1441 0.04389 -0.06495
33  1.26  0.001 0.02069 0.01957 0.01843 0.02862 -0.03643 -0.2085
98  1.265  0.001 0.02382 0.01865 0.01843 0.05404 -0.06909 -0.199
149  1.277  0.001 0.02179 0.01475 0.018 -0.04411 0.1809 0.02066
177  1.318  0.001 0.0147 0.01832 0.01843 0.1818 0.002386 -0.1535
150  1.371  0.001 0.01568 0.01957 0.01843 -0.3302 0.07701 -0.3676
