# ID time  diameter x y z u v w  (ex ey ez, color)
34  0.05317  0.001 0.01639 0.01987 0.01843    0    0 -0.01
235  0.05914  0.001 0.02222 0.02067 0.01843    0    0 -0.01
147  0.06392  0.001 0.02045 0.01613 0.01843    0    0 -0.01
250  0.06662  0.001 0.01759 0.01498 0.01843    0    0 -0.01
138  0.06866  0.001 0.01656 0.01692 0.01843    0    0 -0.01
104  0.07182  0.001 0.01616 0.02247 0.01843    0    0 -0.01
97  0.07955  0.001 0.01872 0.02302 0.01843    0    0 -0.01
160  0.08483  0.001 0.0163 0.01863 0.01843    0    0 -0.01
134  0.0854  0.001 0.01984 0.02264 0.01843    0    0 -0.01
132  0.08895  0.001 0.01647 0.02102 0.01843    0    0 -0.01
27  0.0962  0.001 0.01913 0.02014 0.01843    0    0 -0.01
139  0.1053  0.001 0.0183 0.01678 0.01843    0    0 -0.01
110  0.1068  0.001 0.01871 0.01898 0.01843    0    0 -0.01
9  0.1113  0.001 0.02059 0.02017 0.01843    0    0 -0.01
60  0.1229  0.001 0.01791 0.02168 0.01843    0    0 -0.01
190  0.1278  0.001 0.02068 0.017 0.01843    0    0 -0.01
76  0.1478  0.001 0.01562 0.02101 0.01843    0    0 -0.01
21  0.1625  0.001 0.01711 0.01814 0.01843    0    0 -0.01
129  0.1631  0.001 0.0228 0.02163 0.01843    0    0 -0.01
13  0.1643  0.001 0.01463 0.01945 0.01843    0    0 -0.01
191  0.1769  0.001 0.01917 0.02335 0.01843    0    0 -0.01
239  0.1774  0.001 0.01948 0.01932 0.01843    0    0 -0.01
154  0.1823  0.001 0.02328 0.01916 0.01843    0    0 -0.01
7  0.1841  0.001 0.01673 0.01615 0.01843    0    0 -0.01
98  0.1917  0.001 0.02163 0.01831 0.01843    0    0 -0.01
176  0.2017  0.001 0.01694 0.02189 0.01843    0    0 -0.01
113  0.2033  0.001 0.02111 0.01615 0.01843    0    0 -0.01
17  0.206  0.001 0.02091 0.02027 0.01843    0    0 -0.01
43  0.207  0.001 0.01482 0.01777 0.01843    0    0 -0.01
99  0.2159  0.001 0.01617 0.01891 0.01843    0    0 -0.01
102  0.2189  0.001 0.0173 0.0233 0.01843    0    0 -0.01
129  0.2326  0.001 0.02113 0.01956 0.01843 0.1413 0.1282 -0.198
168  0.2337  0.001 0.01555 0.02204 0.01843    0    0 -0.01
245  0.2479  0.001 0.01804 0.02247 0.01843    0    0 -0.01
162  0.2501  0.001 0.01545 0.01635 0.01843    0    0 -0.01
24  0.2578  0.001 0.01754 0.01674 0.01843    0    0 -0.01
189  0.2688  0.001 0.0229 0.01804 0.01843    0    0 -0.01
227  0.2702  0.001 0.02115 0.01512 0.01843    0    0 -0.01
253  0.2798  0.001 0.02154 0.02119 0.01843    0    0 -0.01
52  0.2912  0.001 0.01943 0.02314 0.01843    0    0 -0.01
184  0.2917  0.001 0.02168 0.0177 0.01843    0    0 -0.01
175  0.3013  0.001 0.01918 0.02217 0.01843    0    0 -0.01
231  0.3049  0.001 0.01737 0.01784 0.01843    0    0 -0.01
238  0.3126  0.001 0.01954 0.01846 0.01843    0    0 -0.01
40  0.3195  0.001 0.0216 0.01895 0.01843    0    0 -0.01
93  0.323  0.001 0.01737 0.02071 0.01843    0    0 -0.01
95  0.3248  0.001 0.01616 0.01567 0.01843    0    0 -0.01
86  0.3315  0.001 0.01851 0.01681 0.01843    0    0 -0.01
208  0.3371  0.001 0.02267 0.017 0.01843    0    0 -0.01
61  0.3423  0.001 0.01517 0.01768 0.01843    0    0 -0.01
96  0.3541  0.001 0.01501 0.0202 0.01843    0    0 -0.01
45  0.3594  0.001 0.02211 0.02042 0.01843    0    0 -0.01
213  0.3644  0.001 0.0162 0.01808 0.01843    0    0 -0.01
145  0.3677  0.001 0.01563 0.01933 0.01843    0    0 -0.01
20  0.368  0.001 0.01962 0.01486 0.01843    0    0 -0.01
18  0.3966  0.001 0.01952 0.02012 0.01843    0    0 -0.01
33  0.4006  0.001 0.02169 0.01713 0.01843    0    0 -0.01
1  0.4077  0.001 0.02081 0.01787 0.01843    0    0 -0.01
178  0.4118  0.001 0.01714 0.01984 0.01843    0    0 -0.01
234  0.4187  0.001 0.01655 0.019 0.01843    0    0 -0.01
201  0.4204  0.001 0.0202 0.02347 0.01843    0    0 -0.01
58  0.4211  0.001 0.01666 0.02269 0.01843    0    0 -0.01
136  0.4234  0.001 0.02088 0.01981 0.01843    0    0 -0.01
193  0.4262  0.001 0.0213 0.02224 0.01843    0    0 -0.01
143  0.4284  0.001 0.01495 0.01817 0.01843    0    0 -0.01
187  0.4334  0.001 0.02219 0.02125 0.01843    0    0 -0.01
12  0.4372  0.001 0.01826 0.02318 0.01843    0    0 -0.01
25  0.4389  0.001 0.01985 0.01664 0.01843    0    0 -0.01
159  0.4451  0.001 0.01746 0.02112 0.01843    0    0 -0.01
215  0.4512  0.001 0.01686 0.01645 0.01843    0    0 -0.01
164  0.4514  0.001 0.02136 0.01577 0.01843    0    0 -0.01
36  0.4627  0.001 0.02103 0.02112 0.01843    0    0 -0.01
218  0.4678  0.001 0.01793 0.02221 0.01843    0    0 -0.01
212  0.4696  0.001 0.01521 0.02155 0.01843    0    0 -0.01
214  0.4804  0.001 0.0183 0.01908 0.01843    0    0 -0.01
174  0.4947  0.001 0.01965 0.01827 0.01843    0    0 -0.01
194  0.5005  0.001 0.01511 0.01726 0.01843    0    0 -0.01
5  0.5073  0.001 0.01997 0.01562 0.01843    0    0 -0.01
157  0.5108  0.001 0.01665 0.02084 0.01843    0    0 -0.01
2  0.5116  0.001 0.01628 0.01757 0.01843    0    0 -0.01
205  0.5258  0.001 0.02304 0.01702 0.01843    0    0 -0.01
106  0.5303  0.001 0.01842 0.02092 0.01843    0    0 -0.01
111  0.5352  0.001 0.02183 0.01624 0.01843    0    0 -0.01
109  0.5363  0.001 0.01568 0.01649 0.01843    0    0 -0.01
232  0.5365  0.001 0.01854 0.01581 0.01843    0    0 -0.01
216  0.5384  0.001 0.0203 0.01995 0.01843    0    0 -0.01
180  0.5386  0.001 0.01715 0.01514 0.01843    0    0 -0.01
106  0.5658  0.001 0.01541 0.01982 0.01843 -0.2227 -0.07028 -0.04169
142  0.5668  0.001 0.02311 0.01818 0.01843    0    0 -0.01
252  0.5683  0.001 0.01892 0.01955 0.01843    0    0 -0.01
10  0.5744  0.001 0.01808 0.02272 0.01843    0    0 -0.01
53  0.5898  0.001 0.02289 0.02038 0.01843    0    0 -0.01
219  0.6029  0.001 0.01503 0.02091 0.01843    0    0 -0.01
62  0.614  0.001 0.02153 0.02145 0.01843    0    0 -0.01
152  0.62  0.001 0.021 0.01928 0.01843    0    0 -0.01
170  0.6221  0.001 0.01457 0.01927 0.01843    0    0 -0.01
23  0.6253  0.001 0.01723 0.01959 0.01843    0    0 -0.01
39  0.6331  0.001 0.02185 0.01815 0.01843    0    0 -0.01
220  0.6333  0.001 0.01656 0.0179 0.01843    0    0 -0.01
150  0.6351  0.001 0.01955 0.02079 0.01843    0    0 -0.01
133  0.6373  0.001 0.017 0.02139 0.01843    0    0 -0.01
137  0.6381  0.001 0.01816 0.02008 0.01843    0    0 -0.01
131  0.6386  0.001 0.01488 0.01786 0.01843    0    0 -0.01
163  0.6422  0.001 0.0207 0.01582 0.01843    0    0 -0.01
229  0.6428  0.001 0.0176 0.01613 0.01843    0    0 -0.01
236  0.6505  0.001 0.01902 0.0219 0.01843    0    0 -0.01
155  0.651  0.001 0.01941 0.01807 0.01843    0    0 -0.01
42  0.6615  0.001 0.02035 0.01736 0.01843    0    0 -0.01
49  0.6657  0.001 0.01769 0.01745 0.01843    0    0 -0.01
210  0.6664  0.001 0.0204 0.01858 0.01843    0    0 -0.01
159  0.6678  0.001 0.02397 0.0204 0.01735 -0.08542 -0.02074 -0.0361
103  0.6743  0.001 0.0217 0.02055 0.01843    0    0 -0.01
198  0.7038  0.001 0.01887 0.01494 0.01843    0    0 -0.01
57  0.7097  0.001 0.01552 0.01988 0.01843    0    0 -0.01
108  0.7122  0.001 0.0216 0.01586 0.01843    0    0 -0.01
19  0.7171  0.001 0.01712 0.02242 0.01843    0    0 -0.01
156  0.7224  0.001 0.01698 0.01854 0.01843    0    0 -0.01
80  0.7409  0.001 0.01688 0.0213 0.01843    0    0 -0.01
116  0.7454  0.001 0.01603 0.01891 0.01843    0    0 -0.01
107  0.7475  0.001 0.02296 0.01804 0.01843    0    0 -0.01
115  0.7531  0.001 0.02047 0.0195 0.01843    0    0 -0.01
196  0.7569  0.001 0.01602 0.01569 0.01843    0    0 -0.01
192  0.7577  0.001 0.02155 0.01829 0.01843    0    0 -0.01
123  0.7603  0.001 0.01684 0.01964 0.01843    0    0 -0.01
105  0.7779  0.001 0.01763 0.0152 0.01843    0    0 -0.01
32  0.7825  0.001 0.01888 0.02229 0.01843    0    0 -0.01
117  0.7827  0.001 0.01968 0.01637 0.01843    0    0 -0.01
142  0.7849  0.001 0.02314 0.02193 0.01843 0.03363 0.08021 -0.1218
128  0.795  0.001 0.01953 0.01867 0.01843    0    0 -0.01
199  0.7971  0.001 0.02102 0.01621 0.01843    0    0 -0.01
141  0.7984  0.001 0.02181 0.01962 0.01843    0    0 -0.01
74  0.8036  0.001 0.01815 0.02297 0.01843    0    0 -0.01
88  0.8066  0.001 0.02043 0.02121 0.01843    0    0 -0.01
171  0.8135  0.001 0.02089 0.01773 0.01843    0    0 -0.01
70  0.8141  0.001 0.02335 0.02054 0.01843    0    0 -0.01
30  0.8287  0.001 0.01971 0.02318 0.01843    0    0 -0.01
85  0.832  0.001 0.01688 0.01696 0.01843    0    0 -0.01
254  0.8347  0.001 0.01985 0.01743 0.01843    0    0 -0.01
40  0.8431  0.001 0.02397 0.0204 0.01798 0.04934 -0.3518 0.3165
144  0.8455  0.001 0.01803 0.01874 0.01843    0    0 -0.01
92  0.8456  0.001 0.02119 0.02175 0.01843    0    0 -0.01
53  0.8478  0.001 0.02268 0.02001 0.01843 -0.1968 0.1564 -0.1191
41  0.8485  0.001 0.01653 0.01864 0.01843    0    0 -0.01
142  0.8517  0.001 0.01986 0.01697 0.01843 -0.2444 -0.2201 -0.01511
88  0.8524  0.001 0.02006 0.02105 0.01843 0.07146 0.09448 -0.09531
193  0.8533  0.001 0.02292 0.0207 0.01843 0.0006469 0.09574 -0.2612
35  0.8608  0.001 0.0186 0.01972 0.01843    0    0 -0.01
6  0.8632  0.001 0.01482 0.01773 0.01843    0    0 -0.01
240  0.8689  0.001 0.02228 0.018 0.01843    0    0 -0.01
64  0.877  0.001 0.02031 0.01563 0.01843    0    0 -0.01
121  0.8801  0.001 0.02356 0.01891 0.01843    0    0 -0.01
223  0.8924  0.001 0.01917 0.01547 0.01843    0    0 -0.01
141  0.8958  0.001 0.02361 0.02135 0.01766 -0.07189 0.07944 -0.01031
203  0.8963  0.001 0.01456 0.01956 0.01843    0    0 -0.01
54  0.8994  0.001 0.01829 0.02213 0.01843    0    0 -0.01
62  0.9047  0.001 0.02414 0.01861 0.01759 -0.02354 -0.03962 -0.03643
124  0.9082  0.001 0.01952 0.01848 0.01843    0    0 -0.01
149  0.9126  0.001 0.0176 0.02316 0.01843    0    0 -0.01
225  0.9166  0.001 0.02126 0.0204 0.01843    0    0 -0.01
237  0.9227  0.001 0.01576 0.01741 0.01843    0    0 -0.01
94  0.9358  0.001 0.01871 0.02356 0.01843    0    0 -0.01
38  0.9456  0.001 0.01873 0.0173 0.01843    0    0 -0.01
181  0.9534  0.001 0.01572 0.01929 0.01843    0    0 -0.01
82  0.9634  0.001 0.01999 0.02003 0.01843    0    0 -0.01
158  0.9656  0.001 0.01813 0.01548 0.01843    0    0 -0.01
28  0.9722  0.001 0.01948 0.01647 0.01843    0    0 -0.01
90  0.9769  0.001 0.02262 0.01886 0.01843    0    0 -0.01
243  0.9829  0.001 0.02142 0.02272 0.01843    0    0 -0.01
101  0.9889  0.001 0.01545 0.0212 0.01843    0    0 -0.01
179  0.9931  0.001 0.02016 0.02316 0.01843    0    0 -0.01
50  0.9953  0.001 0.02131 0.02105 0.01843    0    0 -0.01
233  0.9972  0.001 0.01536 0.01815 0.01843    0    0 -0.01
206  1.001  0.001 0.02215 0.02159 0.01843    0    0 -0.01
251  1.004  0.001 0.02085 0.01678 0.01843    0    0 -0.01
140  1.009  0.001 0.02194 0.01688 0.01843    0    0 -0.01
195  1.01  0.001 0.01948 0.02148 0.01843    0    0 -0.01
173  1.027  0.001 0.01619 0.02008 0.01843    0    0 -0.01
185  1.028  0.001 0.01719 0.02313 0.01843    0    0 -0.01
31  1.034  0.001 0.01766 0.0201 0.01843    0    0 -0.01
135  1.034  0.001 0.01716 0.02143 0.01843    0    0 -0.01
29  1.035  0.001 0.01702 0.01859 0.01843    0    0 -0.01
65  1.048  0.001 0.02053 0.01565 0.01843    0    0 -0.01
81  1.066  0.001 0.02044 0.01858 0.01843    0    0 -0.01
4  1.072  0.001 0.01626 0.01686 0.01843    0    0 -0.01
186  1.08  0.001 0.02087 0.02195 0.01843    0    0 -0.01
249  1.08  0.001 0.01506 0.01911 0.01843    0    0 -0.01
197  1.082  0.001 0.01844 0.0214 0.01843    0    0 -0.01
209  1.094  0.001 0.01774 0.0223 0.01843    0    0 -0.01
125  1.095  0.001 0.02314 0.01765 0.01843    0    0 -0.01
68  1.105  0.001 0.0222 0.02101 0.01843    0    0 -0.01
77  1.109  0.001 0.01958 0.02208 0.01843    0    0 -0.01
37  1.111  0.001 0.01944 0.01617 0.01843    0    0 -0.01
91  1.116  0.001 0.01822 0.02322 0.01843    0    0 -0.01
100  1.125  0.001 0.01747 0.01859 0.01843    0    0 -0.01
159  1.132  0.001 0.02415 0.01912 0.01776 -0.06438 -0.01421 -0.13
174  1.146  0.001 0.02326 0.0213 0.01843 0.1097 0.02215 -0.1436
47  1.147  0.001 0.02229 0.01842 0.01843    0    0 -0.01
59  1.154  0.001 0.02068 0.01794 0.01843    0    0 -0.01
188  1.161  0.001 0.01484 0.01752 0.01843    0    0 -0.01
89  1.165  0.001 0.01789 0.01638 0.01843    0    0 -0.01
8  1.17  0.001 0.02325 0.01895 0.01843    0    0 -0.01
173  1.171  0.001 0.01514 0.01577 0.01753 0.2549 -0.01037 -0.2894
165  1.171  0.001 0.01543 0.02166 0.01843    0    0 -0.01
16  1.176  0.001 0.0164 0.01659 0.01843    0    0 -0.01
247  1.189  0.001 0.02286 0.01693 0.01843    0    0 -0.01
172  1.19  0.001 0.01836 0.02136 0.01843    0    0 -0.01
3  1.194  0.001 0.02304 0.02012 0.01843    0    0 -0.01
161  1.195  0.001 0.02125 0.01911 0.01843    0    0 -0.01
69  1.201  0.001 0.0174 0.0211 0.01843    0    0 -0.01
217  1.211  0.001 0.01732 0.0173 0.01843    0    0 -0.01
204  1.211  0.001 0.01955 0.01906 0.01843    0    0 -0.01
79  1.213  0.001 0.02127 0.02095 0.01843    0    0 -0.01
207  1.219  0.001 0.02175 0.01542 0.01843    0    0 -0.01
228  1.221  0.001 0.01998 0.01523 0.01843    0    0 -0.01
130  1.222  0.001 0.02088 0.02226 0.01843    0    0 -0.01
182  1.225  0.001 0.01576 0.0207 0.01843    0    0 -0.01
14  1.227  0.001 0.01703 0.02308 0.01843    0    0 -0.01
119  1.246  0.001 0.01898 0.02029 0.01843    0    0 -0.01
177  1.254  0.001 0.01937 0.02316 0.01843    0    0 -0.01
11  1.255  0.001 0.01504 0.01872 0.01843    0    0 -0.01
112  1.264  0.001 0.02014 0.02048 0.01843    0    0 -0.01
211  1.278  0.001 0.01681 0.01867 0.01843    0    0 -0.01
183  1.282  0.001 0.01967 0.01625 0.01843    0    0 -0.01
83  1.283  0.001 0.01894 0.01545 0.01843    0    0 -0.01
51  1.283  0.001 0.01577 0.01801 0.01843    0    0 -0.01
255  1.295  0.001 0.02178 0.02028 0.01843    0    0 -0.01
66  1.311  0.001 0.02205 0.01867 0.01843    0    0 -0.01
244  1.317  0.001 0.01748 0.02225 0.01843    0    0 -0.01
44  1.318  0.001 0.01863 0.01723 0.01843    0    0 -0.01
161  1.321  0.001 0.01885 0.01826 0.01843 0.02966 -0.04893 -0.135
66  1.321  0.001 0.02129 0.0199 0.01843 0.01205 0.6453 -0.08806
15  1.323  0.001 0.02053 0.01703 0.01843    0    0 -0.01
46  1.341  0.001 0.01998 0.02162 0.01843    0    0 -0.01
242  1.346  0.001 0.01454 0.01972 0.01843    0    0 -0.01
167  1.349  0.001 0.0163 0.0214 0.01843    0    0 -0.01
151  1.351  0.001 0.0234 0.02 0.01843    0    0 -0.01
15  1.353  0.001 0.01839 0.01573 0.01843 -0.004255 -0.0795 -0.1396
246  1.356  0.001 0.0174 0.01488 0.01843    0    0 -0.01
75  1.357  0.001 0.01804 0.0197 0.01843    0    0 -0.01
120  1.359  0.001 0.02157 0.02285 0.01843    0    0 -0.01
56  1.371  0.001 0.0234 0.01844 0.01843    0    0 -0.01
221  1.376  0.001 0.01858 0.02309 0.01843    0    0 -0.01
153  1.383  0.001 0.02067 0.01857 0.01843    0    0 -0.01
73  1.385  0.001 0.01833 0.02209 0.01843    0    0 -0.01
120  1.401  0.001 0.02096 0.02279 0.01843 -0.09956 0.09285 -0.2194
48  1.407  0.001 0.02045 0.01485 0.01843    0    0 -0.01
226  1.409  0.001 0.01601 0.01853 0.01843    0    0 -0.01
222  1.412  0.001 0.02185 0.02021 0.01843    0    0 -0.01
230  1.434  0.001 0.01854 0.01753 0.01843    0    0 -0.01
221  1.439  0.001 0.01781 0.02181 0.01843 0.5791 0.7346 -0.1704
79  1.442  0.001 0.02233 0.02072 0.01843 0.1661 -0.0231 -0.2915
55  1.442  0.001 0.02214 0.02212 0.01843    0    0 -0.01
194  1.454  0.001 0.02043 0.017 0.01843 -0.07157 -0.1126 -0.09789
38  1.464  0.001 0.02065 0.01939 0.01843 0.02341 0.07942 -0.2032
133  1.465  0.001 0.01913 0.02201 0.01843 -0.003051 0.03116 -0.08762
87  1.465  0.001 0.01611 0.01765 0.01843    0    0 -0.01
230  1.468  0.001 0.01754 0.01428 0.01843 0.0678 0.02273 -0.05179
72  1.469  0.001 0.01511 0.01696 0.01843    0    0 -0.01
124  1.472  0.001 0.021 0.01664 0.01843 0.02045 -0.07273 -0.1079
26  1.474  0.001 0.01705 0.02098 0.01843    0    0 -0.01
78  1.474  0.001 0.0198 0.02115 0.01843    0    0 -0.01
169  1.481  0.001 0.01817 0.02277 0.01843    0    0 -0.01
224  1.488  0.001 0.02009 0.02282 0.01843    0    0 -0.01
127  1.493  0.001 0.01837 0.0211 0.01843    0    0 -0.01
148  1.494  0.001 0.01852 0.01915 0.01843    0    0 -0.01
200  1.495  0.001 0.01773 0.0177 0.01843    0    0 -0.01
84  1.497  0.001 0.01984 0.01551 0.01843    0    0 -0.01
67  1.498  0.001 0.02234 0.01837 0.01843    0    0 -0.01
222  1.498  0.001 0.02049 0.01755 0.01843 0.1714 0.3791 -0.1062
114  1.502  0.001 0.02085 0.02051 0.01843    0    0 -0.01
118  1.507  0.001 0.02199 0.01693 0.01843    0    0 -0.01
22  1.508  0.001 0.01862 0.01522 0.01843    0    0 -0.01
135  1.513  0.001 0.01799 0.02148 0.01843 0.003103 0.005037 -0.0345
114  1.513  0.001 0.0206 0.02069 0.01843 -0.02155 0.01354 -0.03971
146  1.513  0.001 0.0212 0.01539 0.01843    0    0 -0.01
166  1.513  0.001 0.02103 0.02249 0.01843    0    0 -0.01
224  1.522  0.001 0.02059 0.02185 0.01843 0.0337 -0.02168 -0.1007
71  1.527  0.001 0.01692 0.01946 0.01843    0    0 -0.01
50  1.528  0.001 0.02214 0.01643 0.01843 -0.05774 -0.1002 -0.122
202  1.529  0.001 0.01518 0.02089 0.01843    0    0 -0.01
32  1.532  0.001 0.01552 0.0226 0.01843 0.02144 -0.05229 -0.07754
73  1.535  0.001 0.02305 0.01588 0.01808 -0.1186 -0.04713 0.009877
164  1.539  0.001 0.02318 0.01682 0.01843 -0.04955 -0.1078 -0.08446
3  1.54  0.001 0.01973 0.014 0.01756 0.1185 0.09174 -0.011
63  1.541  0.001 0.02206 0.02045 0.01843    0    0 -0.01
248  1.543  0.001 0.02129 0.0196 0.01843    0    0 -0.01
241  1.543  0.001 0.01632 0.02149 0.01843    0    0 -0.01
148  1.545  0.001 0.01983 0.02096 0.01843 -0.09549 0.1466 -0.113
126  1.545  0.001 0.01989 0.01651 0.01843    0    0 -0.01
122  1.547  0.001 0.01864 0.01738 0.01843    0    0 -0.01
179  1.574  0.001 0.01819 0.02408 0.01785 0.03532 -0.1525 -0.07277
177  1.579  0.001 0.01411 0.01872 0.01762 0.864 0.1097 2.053
177  1.583  0.001 0.01674 0.02037 0.01843 0.4529 0.6112 -1.21
161  1.584  0.001 0.02009 0.01405 0.01774 0.004618 0.05319 -0.03391
328  1.59  0.001 0.01983 0.02358 0.01843    0    0 -0.01
255  1.599  0.001 0.01614 0.02189 0.01843 -0.06373 0.12 -0.2031
68  1.604  0.001 0.02102 0.01447 0.01843 -0.1248 0.1069 -0.2663
331  1.606  0.001 0.02224 0.02189 0.01843    0    0 -0.01
291  1.629  0.001 0.01735 0.01524 0.01843    0    0 -0.01
296  1.673  0.001 0.01602 0.01779 0.01843    0    0 -0.01
336  1.678  0.001 0.01912 0.01629 0.01843    0    0 -0.01
314  1.682  0.001 0.01834 0.01805 0.01843    0    0 -0.01
130  1.697  0.001 0.02043 0.02324 0.01743 -0.04221 0.02887 0.1241
331  1.714  0.001 0.02275 0.02129 0.01843 0.03151 -0.05696 -0.01775
130  1.719  0.001 0.01988 0.02381 0.01843 -7.65e-05 0.02263 -0.02026
322  1.732  0.001 0.01949 0.02156 0.01843    0    0 -0.01
295  1.761  0.001 0.01811 0.02141 0.01843    0    0 -0.01
303  1.771  0.001 0.02237 0.01642 0.01843    0    0 -0.01
312  1.773  0.001 0.02024 0.01482 0.01843    0    0 -0.01
266  1.78  0.001 0.01926 0.01734 0.01843    0    0 -0.01
322  1.781  0.001 0.0196 0.02031 0.01843 0.0682 -0.0002219 -0.1105
320  1.785  0.001 0.02251 0.01862 0.01843    0    0 -0.01
74   1.8  0.001 0.02152 0.02336 0.01745 -0.02581 0.001688 0.2442
144  1.824  0.001 0.02138 0.02354 0.01843 -0.03174 0.03581 -0.1333
30  1.842  0.001 0.02309 0.01641 0.01843 -0.09085 0.03882 -0.05369
74  1.845  0.001 0.02036 0.02344 0.01843 -0.02572 0.001767 -0.2005
162  1.848  0.001 0.02267 0.02216 0.01843 -0.05497 -0.07439 -0.2334
298  1.854  0.001 0.0201 0.01557 0.01843    0    0 -0.01
281  1.879  0.001 0.01819 0.02002 0.01843    0    0 -0.01
256  1.891  0.001 0.01746 0.02099 0.01843    0    0 -0.01
337  1.894  0.001 0.01666 0.02006 0.01843    0    0 -0.01
135  1.898  0.001 0.02123 0.02366 0.01808 -0.02402 -0.03419 -0.03287
292  1.909  0.001 0.02215 0.01982 0.01843    0    0 -0.01
156  1.917  0.001 0.02306 0.01614 0.01746 -0.2313 0.005258 0.06711
259  1.944  0.001 0.01506 0.01708 0.01843    0    0 -0.01
299  1.952  0.001 0.01724 0.02263 0.01843    0    0 -0.01
285  1.958  0.001 0.01561 0.01865 0.01843    0    0 -0.01
92  1.961  0.001 0.02258 0.02218 0.01843 -0.1448 -0.0008051 -0.09915
329  1.981  0.001 0.02011 0.02123 0.01843    0    0 -0.01
304  1.982  0.001 0.02073 0.01682 0.01843    0    0 -0.01
269  1.984  0.001 0.01517 0.02104 0.01843    0    0 -0.01
333  1.986  0.001 0.01964 0.01633 0.01843    0    0 -0.01
118  1.998  0.001 0.02075 0.01687 0.01843 -0.06497 -0.08409 -0.09776
265  2.009  0.001 0.0171 0.02071 0.01843 0.004423 -0.02185 -0.04909
288  2.01  0.001 0.01914 0.01857 0.01843    0    0 -0.1111
311  2.011  0.001 0.01766 0.02315 0.01843    0    0 -0.118
282  2.012  0.001 0.01762 0.01644 0.01843    0    0 -0.1262
247  2.012  0.001 0.0229 0.01864 0.01843 0.02533 -0.05734 -0.1031
279  2.012  0.001 0.01637 0.01736 0.01843    0    0 -0.1322
277  2.015  0.001 0.02209 0.022 0.01843 -0.04509 0.02116 -0.08108
332  2.015  0.001 0.02186 0.01914 0.01843    0    0 -0.1575
271  2.017  0.001 0.02232 0.01655 0.01843    0    0 -0.1814
338  2.019  0.001 0.0211 0.01712 0.01843    0    0 -0.1984
261  2.019  0.001 0.01942 0.02344 0.01843    0    0 -0.1992
294  2.02  0.001 0.01744 0.0184 0.01843    0    0 -0.2081
319  2.021  0.001 0.01746 0.01942 0.01843 0.03808 -0.08704 -0.1196
267  2.021  0.001 0.02132 0.01941 0.01843 -0.05097 0.02507 -0.1009
310  2.022  0.001 0.01771 0.01491 0.01843    0    0 -0.2245
133  2.022  0.001 0.02164 0.02337 0.01759 -0.06033 -0.005105 0.2105
318  2.024  0.001 0.02094 0.01509 0.01843    0    0 -0.2466
341  2.025  0.001 0.02241 0.01758 0.01843 -0.009893 -0.04156 -0.213
290  2.026  0.001 0.01848 0.02167 0.01843 -0.03785 0.1121 -0.06933
324  2.026  0.001 0.02103 0.02156 0.01843 0.0529 -0.01177 -0.1957
327  2.027  0.001 0.02029 0.01897 0.01843 -0.07853 0.03953 -0.02783
308  2.028  0.001 0.02118 0.01817 0.01843 0.02384 -0.1084 -0.05878
270  2.028  0.001 0.0168 0.02253 0.01843 -0.03898 0.05105 -0.1502
306  2.028  0.001 0.01909 0.01504 0.01843    0    0 -0.2894
262  2.029  0.001 0.01715 0.02111 0.01843 -0.02856 -0.1182 -0.1173
257  2.031  0.001 0.02065 0.01574 0.01843    0    0 -0.3169
273  2.032  0.001 0.01926 0.02224 0.01843 0.09237 -0.01493 -0.1347
263  2.032  0.001 0.01823 0.01819 0.01843    0    0 -0.3227
316  2.032  0.001 0.01642 0.02007 0.01843 -0.05533 -0.1164 -0.1779
309  2.032  0.001 0.01872 0.01934 0.01843    0    0 -0.3276
277  2.033  0.001 0.02269 0.02075 0.01843 0.04868 -0.1015 -0.05037
293  2.033  0.001 0.01811 0.02076 0.01843 0.02804 0.08156 -0.1139
297  2.034  0.001 0.01748 0.02164 0.01843 0.03598 -0.02603 -0.08327
315  2.034  0.001 0.0157 0.01653 0.01843    0    0 -0.3458
283  2.035  0.001 0.02137 0.01874 0.01843 0.0208 0.02256 -0.1702
264  2.036  0.001 0.02218 0.01615 0.01843    0    0 -0.3618
339  2.037  0.001 0.01456 0.01816 0.01843    0    0 -0.3736
317  2.037  0.001 0.01967 0.0158 0.01843    0    0 -0.3749
258  2.037  0.001 0.02313 0.01902 0.01843    0    0 -0.3757
335  2.038  0.001 0.02324 0.02055 0.01843 0.1328 -0.002693 -0.1335
321  2.038  0.001 0.01653 0.01861 0.01843    0    0 -0.3797
330  2.038  0.001 0.02033 0.02175 0.01843 0.03814 0.01972 -0.0595
323  2.038  0.001 0.01683 0.01535 0.01843    0    0 -0.3807
327  2.038  0.001 0.02024 0.01922 0.01843 0.02642 0.01577 -0.02278
272  2.038  0.001 0.02225 0.01705 0.01843 -0.1392 0.001475 -0.23
278  2.039  0.001 0.02256 0.0184 0.01843    0    0 -0.3927
302  2.041  0.001 0.01579 0.02186 0.01843    0    0 -0.4107
326  2.041  0.001 0.01808 0.01993 0.01843 -0.01723 -0.0755 -0.1066
307  2.041  0.001 0.01789 0.01885 0.01843 0.08405 -0.03991 -0.1124
305  2.042  0.001 0.01912 0.02009 0.01843 0.006923 -0.01686 -0.381
260  2.042  0.001 0.01951 0.02172 0.01843 -0.08721 -0.001313 -0.2413
274  2.042  0.001 0.01663 0.0217 0.01843 -0.08547 -0.07154 -0.06088
92  2.043  0.001 0.02001 0.02363 0.01843 -0.001213 0.07739 -0.08877
289  2.043  0.001 0.02154 0.01892 0.01843 0.02592 0.01462 -0.1071
340  2.044  0.001 0.01608 0.01648 0.01843    0    0 -0.4426
276  2.045  0.001 0.02013 0.02089 0.01843    0    0 -0.4497
286  2.046  0.001 0.01894 0.01759 0.01843 0.03221 -0.07327 -0.08967
275  2.046  0.001 0.02297 0.02029 0.01843 -0.02657 -0.02366 -0.1056
268  2.047  0.001 0.01764 0.02381 0.01843 -0.008228 0.06383 -0.03843
284  2.05  0.001 0.02141 0.01706 0.01843 -0.1037 -0.002325 -0.1067
300  2.052  0.001 0.01707 0.01914 0.01843 -0.006255 -0.01319 -0.02979
325  2.056  0.001 0.01929 0.02276 0.01843 -0.007164 -0.03382 -0.05907
334  2.058  0.001 0.01793 0.02008 0.01843 -0.003524 -0.05416 -0.09725
287  2.059  0.001 0.01961 0.01974 0.01843 -0.05653 -0.05295 -0.05104
135  2.086  0.001 0.01945 0.02398 0.01843 0.02248 -0.0033 -0.01961
313  2.093  0.001 0.01807 0.022 0.01843 0.002664 -0.01749 -0.02181
267  2.095  0.001 0.0217 0.01869 0.01843 -0.006025 -0.04329 -0.1071
289  2.095  0.001 0.01962 0.01625 0.01843 -0.06907 -0.1083 -0.1295
313  2.096  0.001 0.01808 0.02195 0.01843 0.003157 -0.02012 -0.006594
126  2.098  0.001 0.02312 0.01935 0.01843 0.07052 -0.0548 -0.0335
324   2.1  0.001 0.02077 0.02382 0.01843 0.02544 -0.01624 -0.0413
116  2.102  0.001 0.02052 0.01964 0.01843 -0.01068 -0.02734 -0.06941
133  2.105  0.001 0.02012 0.02291 0.01843 0.032 -0.04011 -0.09415
270  2.105  0.001 0.01626 0.02307 0.01843 0.005153 0.002818 -0.01736
305  2.107  0.001 0.01671 0.01988 0.01843 -0.1006 -0.03113 -0.1219
327  2.11  0.001 0.01962 0.01562 0.01843 -0.03262 -0.1337 -0.1403
276  2.115  0.001 0.01873 0.0229 0.01843 0.01055 -0.0403 -0.045
330  2.117  0.001 0.02141 0.02109 0.01843 0.007914 -0.04888 -0.126
195  2.118  0.001 0.02309 0.0219 0.01843 -0.003252 -0.03813 -0.1401
277  2.133  0.001 0.01836 0.014 0.01809 -0.02123 0.07817 -0.03844
12  2.138  0.001 0.01857 0.01547 0.01843 0.0009688 0.1828 -0.126
270  2.162  0.001 0.01618 0.02306 0.01843 -0.007493 -0.01256 -0.01015
276  2.172  0.001 0.01895 0.02205 0.01843 0.01401 -0.04323 -0.04801
325  2.174  0.001 0.02048 0.02185 0.01843 0.03382 -0.05151 -0.02296
268  2.175  0.001 0.01798 0.02369 0.01843 0.02523 -0.0109 -0.0477
331  2.181  0.001 0.02379 0.02094 0.01772 -0.03002 -0.03086 0.001633
97  2.191  0.001 0.01799 0.01406 0.01787 -0.009813 0.08626 -0.03606
261  2.193  0.001 0.01934 0.0239 0.01843 -0.02786 -0.04388 -0.1222
126   2.2  0.001 0.02246 0.01897 0.01843 -0.02706 -0.03399 -0.1054
270  2.205  0.001 0.01572 0.02217 0.01843 0.01691 -0.008573 -0.02455
281  2.214  0.001 0.01737 0.02031 0.01843 0.00206 0.01138 -0.01828
86  2.214  0.001 0.02096 0.02237 0.01843 -0.02018 0.06071 -0.04421
252  2.243  0.001 0.0156 0.02281 0.01821 0.01236 -0.01396 -0.002658
113  2.31  0.001 0.02281 0.02054 0.01744 -0.1055 0.1566 0.3206
151  2.31  0.001 0.02327 0.02158 0.01744 -0.3609 0.1947 0.4079
192  2.344  0.001 0.02244 0.01747 0.01843 -0.05873 -0.02514 -0.1697
276  2.357  0.001 0.01697 0.02113 0.01843 0.01043 -0.0115 -0.01486
325  2.357  0.001 0.0197 0.02307 0.01843 0.00832 -0.01208 -0.01661
267  2.369  0.001 0.01494 0.01896 0.01843 0.06971 -0.01402 -0.2512
243  2.372  0.001 0.02336 0.01798 0.0175 -0.7278 -0.3622 0.9263
113  2.373  0.001 0.02237 0.02292 0.01822 0.01886 -0.1342 -0.06149
40  2.377  0.001 0.02333 0.02131 0.01745 -1.929 -0.1951 3.814
301  2.379  0.001 0.02111 0.01442 0.01744 -0.09908 -0.02794 0.06616
67  2.381  0.001 0.02242 0.01543 0.01744 -0.07522 -0.04061 0.06167
162  2.382  0.001 0.01848 0.0219 0.01843 0.0335 -0.06165 -0.06214
201  2.383  0.001 0.01853 0.01489 0.01744 -0.07361 0.0006394 0.07178
304  2.418  0.001 0.01437 0.01965 0.01843 0.08329 -0.009908 -0.1569
311  2.44  0.001 0.01656 0.02338 0.01843 0.007527 -0.04109 -0.08667
276  2.446  0.001 0.01821 0.01919 0.01843 0.03261 -0.07071 -0.1319
116  2.461  0.001 0.01746 0.0142 0.01772 -0.04608 0.1266 -0.0557
195  2.482  0.001 0.019 0.01395 0.01748 -0.02253 0.1872 -0.6142
276  2.491  0.001 0.01779 0.01685 0.01843 -0.07331 0.06672 -0.2639
208  2.497  0.001 0.01726 0.01612 0.01843 -0.09923 -0.02858 -0.1572
162  2.501  0.001 0.01627 0.01903 0.01843 -0.07974 -0.0818 -0.09999
252  2.504  0.001 0.01471 0.02148 0.01843 -0.06269 -0.07872 -0.05338
235  2.504  0.001 0.01443 0.01854 0.01843 0.1111 0.04381 -0.2894
161  2.505  0.001 0.01862 0.02228 0.01843 0.01835 -0.04516 -0.03385
268  2.512  0.001 0.01772 0.02284 0.01843 0.04266 0.02098 -0.04716
273  2.515  0.001 0.01841 0.01997 0.01843 -0.03517 -0.03593 -0.1973
74  2.524  0.001 0.01627 0.02191 0.01843 -0.03401 -0.003298 -0.04686
27  2.532  0.001 0.02303 0.01715 0.01745 -0.1435 0.2329 0.1547
148  2.535  0.001 0.0201 0.02337 0.01843 0.05368 -0.07048 -0.04069
311  2.536  0.001 0.01568 0.02263 0.01843 -0.02465 -0.01983 -0.02541
178  2.537  0.001 0.02141 0.02282 0.01843 0.0236 0.01122 -0.03926
3  2.538  0.001 0.02334 0.02128 0.01744 -0.003145 -0.07176 0.07995
261  2.554  0.001 0.01724 0.02342 0.01843 0.009674 0.00517 -0.02663
261  2.555  0.001 0.0172 0.02346 0.01843 -0.01567 0.01579 -0.009434
149  2.566  0.001 0.0181 0.02359 0.01843 -0.007924 0.02097 -0.008264
161  2.568  0.001 0.01904 0.02297 0.01843 0.0009508 -0.006632 -0.04634
131  2.576  0.001 0.01855 0.01846 0.01843 -0.04964 -0.1416 -0.06555
27  2.579  0.001 0.02007 0.02371 0.01843 -0.003632 0.04986 -0.1119
295  2.594  0.001 0.02323 0.02146 0.01843 0.08052 -0.01627 -0.1568
268  2.599  0.001 0.01613 0.02105 0.01843 -0.0525 0.008834 -0.07189
98  2.61  0.001 0.02062 0.01852 0.01743 -0.001588 0.01154 0.017
113  2.632  0.001 0.02346 0.01906 0.01843 -0.0375 -0.08767 -0.057
224  2.666  0.001 0.0165 0.02327 0.01843 0.005034 -0.0001302 -0.003274
149  2.674  0.001 0.01815 0.02384 0.01843 0.006812 -0.007671 -0.01273
112  2.675  0.001 0.01948 0.01994 0.01745 -0.005068 0.01692 0.007803
172  2.693  0.001 0.02065 0.02117 0.01843 -0.02765 0.001241 -0.01323
34  2.725  0.001 0.0211 0.02348 0.01843 0.01167 0.01946 -0.05724
27  2.725  0.001 0.02022 0.02396 0.01843 -0.003376 0.004277 -0.01362
172  2.736  0.001 0.0174 0.0199 0.01843 -0.09234 -0.03425 -0.1653
42  2.744  0.001 0.02248 0.02207 0.01744 0.01743 -0.0162 0.02314
149  2.749  0.001 0.01799 0.02382 0.01843 -0.005343 0.008017 -0.01427
204  2.776  0.001 0.02207 0.0175 0.01843 0.02696 -0.005137 -0.1563
195  2.798  0.001 0.02109 0.0175 0.01843 0.06127 0.06312 -0.1458
34  2.801  0.001 0.02112 0.02351 0.01843 0.001794 -0.008143 -0.03759
324  2.874  0.001 0.01743 0.01549 0.01744 -0.006056 0.06504 0.08498
34  2.896  0.001 0.0212 0.02352 0.01843 0.004571 -0.00345 -0.00434
34  2.908  0.001 0.02125 0.02352 0.01843 -0.004393 -0.01963 -0.03393
325  2.915  0.001 0.01989 0.0229 0.01843 0.01472 -0.01547 -0.07066
87  2.946  0.001 0.02086 0.02297 0.01843 -0.001076 -0.008446 -0.04757
194  2.948  0.001 0.01651 0.01845 0.01843 -0.04816 -0.03137 -0.1501
268  2.948  0.001 0.01426 0.02072 0.01843 -0.08849 -0.01416 -0.06233
313  2.949  0.001 0.0168 0.0147 0.01843 0.02566 0.1007 -0.03767
19  2.951  0.001 0.01846 0.02339 0.01843 0.003253 -0.002371 -0.05652
83  2.957  0.001 0.02228 0.02006 0.01843 0.003472 0.003905 -0.1064
305  2.963  0.001 0.01422 0.01875 0.01843 0.1893 0.04628 -0.1611
88  2.964  0.001 0.01429 0.01721 0.01829 0.141 -0.05264 -0.2105
27  2.967  0.001 0.02038 0.02379 0.01843 0.03186 0.00749 -0.04284
250  2.979  0.001 0.01408 0.01792 0.01749 0.08276 -0.03014 -0.0243
137  2.979  0.001 0.0212 0.01709 0.01843 0.06126 -0.08766 -0.2459
261  2.98  0.001 0.01774 0.01956 0.01843 -0.0003568 -0.09577 -0.09307
341  2.983  0.001 0.02248 0.01773 0.0175 -0.1761 0.07969 0.1885
74  2.988  0.001 0.01747 0.02282 0.01843 0.06871 -0.05253 -0.1114
305  2.989  0.001 0.01571 0.01886 0.01843 0.03344 -0.003629 -0.07456
268  2.992  0.001 0.01397 0.01861 0.01759 0.04891 0.008474 0.005853
168  2.998  0.001 0.01968 0.01399 0.01779 -0.0262 0.05701 -0.191
103  3.006  0.001 0.02385 0.02076 0.01745 0.01362 -0.009344 0.05246
5  3.015  0.001 0.02335 0.0218 0.01763 -0.04834 0.00513 -0.02867
341  3.016  0.001 0.01673 0.02033 0.01843 -0.1761 0.07969 -0.1315
311  3.02  0.001 0.01398 0.01942 0.01744 0.0009957 -0.03306 0.01789
159  3.024  0.001 0.02363 0.01951 0.01843 -0.05269 -0.07275 -0.06705
92  3.028  0.001 0.01457 0.02082 0.01843 -0.04663 0.1677 -0.2988
63  3.03  0.001 0.02121 0.02367 0.01773 -0.144 -0.1084 -0.1481
210  3.034  0.001 0.02359 0.02139 0.01766 -0.05711 0.02405 0.03102
49  3.052  0.001 0.01735 0.01424 0.01815 0.004554 0.1832 -0.02114
166  3.054  0.001 0.02371 0.02113 0.01756 -0.02794 -0.07875 -0.03544
119  3.074  0.001 0.02169 0.01555 0.01744 -0.07889 0.08982 0.04407
161  3.076  0.001 0.01551 0.01537 0.01788 0.2072 0.02257 -0.1609
60  3.085  0.001 0.02313 0.01602 0.0177 -0.06405 -0.1749 0.8812
148  3.119  0.001 0.01944 0.01396 0.01778 -0.01593 0.2408 -0.535
21  3.126  0.001 0.01864 0.01996 0.01843 -0.1232 0.06574 -0.1433
191  3.138  0.001 0.01882 0.02356 0.01843 -0.08337 -0.05462 -0.09603
212  3.149  0.001 0.01476 0.02114 0.01843 0.116 -0.08899 -0.08027
46  3.16  0.001 0.02407 0.01997 0.01772 -0.06399 -0.007631 0.003163
245  3.171  0.001 0.01487 0.01636 0.01843 0.06508 -0.08759 -0.1074
34  3.224  0.001 0.01845 0.02412 0.01838 -0.0005129 -0.01988 -0.004793
195  3.226  0.001 0.0174 0.01437 0.01843 -0.02498 0.3155 -0.7466
108  3.234  0.001 0.02185 0.02296 0.01843 -0.02099 -0.04728 -0.06466
195  3.263  0.001 0.01857 0.02097 0.01843 0.01926 0.1101 -0.08478
209  3.267  0.001 0.01875 0.02412 0.01751 0.04848 0.02739 0.1804
29  3.27  0.001 0.01839 0.02286 0.01746 0.00246 0.01943 0.06478
142  3.274  0.001 0.0219 0.02158 0.01747 -0.3025 -0.2588 0.4967
27  3.282  0.001 0.01524 0.02192 0.01843 -0.06776 -0.0395 -0.05075
299  3.283  0.001 0.01708 0.02336 0.01843 -0.02083 0.02192 -0.02785
195  3.297  0.001 0.01638 0.0212 0.01843 -0.1374 -0.01571 -0.1378
74   3.3  0.001 0.0177 0.01808 0.01843 -0.09534 -0.1236 -0.141
219  3.303  0.001 0.01984 0.02338 0.01843 0.01452 0.03549 -0.04874
336  3.307  0.001 0.01896 0.02219 0.01843 -0.03365 -0.03675 -0.06544
34  3.314  0.001 0.01743 0.02389 0.01789 0.02393 -0.00378 -0.03142
333  3.319  0.001 0.02222 0.01592 0.01843 -0.04567 -0.07857 -0.1866
191  3.33  0.001 0.01665 0.02335 0.01843 -0.01348 -0.004745 -0.07158
179  3.366  0.001 0.0222 0.02157 0.01751 -0.3976 -0.3313 1.406
205  3.371  0.001 0.02123 0.0227 0.01743 -0.02734 0.04171 0.133
128  3.374  0.001 0.01799 0.02039 0.01843 -0.1837 0.09145 -0.04486
37  3.389  0.001 0.01847 0.01868 0.01843 -0.011 -0.04689 -0.1271
148  3.391  0.001 0.01685 0.01635 0.01843 -0.1038 -0.1245 -0.1074
219  3.392  0.001 0.01861 0.02243 0.01843 -0.0723 -0.0498 -0.08873
256  3.404  0.001 0.01538 0.01577 0.01764 -0.5782 0.003962 0.8253
100  3.407  0.001 0.0162 0.01939 0.01843 -0.1044 -0.06934 -0.1726
210  3.41  0.001 0.02129 0.02135 0.01843 0.008074 -0.07045 -0.1898
130  3.417  0.001 0.01988 0.02408 0.01776 0.007596 -0.03334 -0.02347
140  3.438  0.001 0.02098 0.02085 0.01748 0.07888 0.06986 0.1172
149  3.446  0.001 0.01425 0.02038 0.01746 0.00568 -0.06718 0.1399
121  3.449  0.001 0.02392 0.01753 0.01793 -0.08563 -0.1128 -0.04079
124  3.453  0.001 0.01744 0.01421 0.01779 0.01266 0.04755 0.001886
317  3.46  0.001 0.02051 0.01531 0.01743 -0.215 0.005032 0.05146
49  3.462  0.001 0.01808 0.0145 0.01843 -0.0548 -0.1454 -0.1214
149  3.463  0.001 0.01435 0.01928 0.01843 0.00568 -0.06718 -0.02193
67  3.463  0.001 0.02255 0.0202 0.01843 -0.3259 0.03353 -0.3246
149  3.471  0.001 0.01418 0.01866 0.01843 -0.02443 -0.07466 -0.03091
208  3.486  0.001 0.0214 0.01452 0.01812 -0.04883 0.05787 -0.1021
323  3.491  0.001 0.01534 0.01718 0.01843 -0.07862 -0.07865 -0.1499
94  3.502  0.001 0.02056 0.02216 0.01745 -0.03448 -0.03329 0.0758
7  3.505  0.001 0.01987 0.02098 0.01746 0.01298 -0.005925 0.08391
67  3.509  0.001 0.01672 0.02165 0.01843 -0.08526 0.03058 -0.03702
75  3.509  0.001 0.0209 0.01766 0.01762 -2.345 -3.178 2.686
168  3.519  0.001 0.01607 0.01491 0.01744 0.05317 0.04567 -0.2775
108  3.524  0.001 0.023 0.01591 0.01843 -0.03925 0.06918 -0.2112
48  3.528  0.001 0.02394 0.02052 0.01831 -0.1434 0.1537 0.0835
5  3.529  0.001 0.014 0.01976 0.0177 0.08251 -0.04809 -0.0197
305  3.529  0.001 0.01867 0.01464 0.01744 0.178 -0.03061 0.07851
43  3.53  0.001 0.01647 0.02339 0.01843 0.01772 0.006482 -0.01465
48  3.544  0.001 0.02173 0.02289 0.01843 -0.1434 0.1537 -0.06765
48  3.565  0.001 0.01976 0.02404 0.01843 -0.08189 0.01778 -0.03377
170  3.571  0.001 0.0151 0.01944 0.01758 0.09379 -0.1638 0.2716
255  3.575  0.001 0.01582 0.02084 0.01745 0.08082 -0.11 0.03917
43  3.578  0.001 0.01679 0.02353 0.01843 0.02185 0.0009642 -0.01625
195  3.588  0.001 0.01575 0.02247 0.01843 0.02249 -0.01385 -0.06749
270  3.615  0.001 0.01715 0.01431 0.01762 0.05508 0.02852 -0.168
170  3.639  0.001 0.01932 0.01396 0.01751 -0.06277 0.009887 -0.006481
130  3.681  0.001 0.01805 0.02361 0.01843 0.02938 0.01448 -0.02101
217  3.724  0.001 0.02144 0.02072 0.01843 0.02561 -0.02914 -0.2363
275  3.744  0.001 0.02204 0.02248 0.0175 0.1859 0.02803 0.2662
55  3.745  0.001 0.02073 0.02175 0.01763 -0.02121 -0.1079 0.507
217  3.784  0.001 0.02356 0.01665 0.01822 -0.0568 -0.0205 -0.1712
128  3.788  0.001 0.01813 0.01426 0.01843 -0.01475 -0.146 -0.1982
103  3.792  0.001 0.02392 0.02035 0.01843 0.04046 -0.03706 -0.2007
263  3.806  0.001 0.02072 0.01927 0.01843 0.02595 -0.04096 -0.2912
219  3.814  0.001 0.01591 0.02064 0.01751 -0.02424 -0.04924 0.1621
227  3.838  0.001 0.0172 0.02023 0.01744 -0.01507 -0.06519 0.01152
219  3.84  0.001 0.01529 0.01937 0.01843 -0.02424 -0.04924 -0.09025
295  3.841  0.001 0.02117 0.01767 0.01753 -0.02354 -0.1428 0.1463
21  3.844  0.001 0.01914 0.02198 0.01843 0.06728 0.01746 -0.1257
43  3.848  0.001 0.01674 0.02319 0.01843 -0.01102 -0.01496 -0.05256
340  3.856  0.001 0.01399 0.01967 0.01805 0.1575 -0.06244 -0.2067
55  3.858  0.001 0.01865 0.01432 0.01843 -0.005531 0.1317 -0.2895
46  3.861  0.001 0.02298 0.02105 0.01744 -0.04752 0.0511 0.05549
295  3.862  0.001 0.02067 0.01466 0.01843 -0.02354 -0.1428 -0.06055
235  3.862  0.001 0.0163 0.02203 0.01843 -0.03375 0.01835 -0.07153
275  3.865  0.001 0.02409 0.01983 0.01782 -0.0276 -0.08429 0.008286
262  3.926  0.001 0.01648 0.02187 0.01772 -0.08803 -0.1312 0.3089
169  3.934  0.001 0.01766 0.01627 0.01747 -0.7099 0.07913 1.379
258  3.935  0.001 0.01645 0.02249 0.01744 -0.01249 -0.003441 0.06407
94  3.938  0.001 0.01823 0.02006 0.01843 -0.06486 -0.0497 -0.07655
118  3.938  0.001 0.0204 0.01735 0.01843 -0.06088 -0.1131 -0.113
46  3.943  0.001 0.01674 0.02019 0.01843 -0.1341 -0.0475 -0.1616
191  3.951  0.001 0.01474 0.0208 0.01843 -0.1184 -0.06084 -0.08841
299  3.954  0.001 0.01924 0.02167 0.01843 -0.006021 -0.03575 -0.08214
214  3.954  0.001 0.01629 0.01626 0.01843 -0.152 -0.1588 -0.1085
19  3.971  0.001 0.01453 0.01668 0.01753 0.0662 0.01333 -0.1155
137  3.984  0.001 0.01687 0.0235 0.01843 -0.02966 -0.1623 -0.1223
212  3.994  0.001 0.02378 0.02097 0.01761 -0.05606 0.036 0.02528
31  3.996  0.001 0.02262 0.02186 0.01744 0.004326 0.01752 0.01464
205  4.004  0.001 0.01778 0.02399 0.01765 0.01551 -0.0722 -0.004494
78  4.016  0.001 0.01716 0.02379 0.01791 0.07206 -0.04676 -0.04616
24  4.034  0.001 0.02183 0.023 0.01758 -0.05345 0.006663 0.1502
266  4.053  0.001 0.02045 0.01479 0.01759 0.06885 -0.03346 0.1766
160  4.053  0.001 0.01725 0.01985 0.01751 0.06948 -0.1129 0.08512
24  4.057  0.001 0.02059 0.02316 0.01843 -0.05345 0.006663 -0.07671
29  4.076  0.001 0.01783 0.02109 0.01843 -0.07062 -0.02795 -0.2097
208  4.078  0.001 0.02278 0.02105 0.01843 0.0256 0.04778 -0.1167
271  4.08  0.001 0.01514 0.02233 0.01756 0.01534 0.00582 -0.009559
31  4.085  0.001 0.01788 0.01409 0.01796 0.01357 0.07765 -0.09176
321  4.101  0.001 0.02311 0.02113 0.01843 0.1213 -0.04429 -0.06579
270  4.108  0.001 0.02217 0.01501 0.01762 -0.109 0.207 -0.5012
34  4.124  0.001 0.0231 0.01629 0.01843 0.05686 -0.1176 -0.2182
106  4.13  0.001 0.0177 0.02397 0.01827 0.0591 -0.00175 -0.00618
270  4.135  0.001 0.02082 0.01882 0.01843 -0.06009 0.09422 -0.04639
166  4.157  0.001 0.02263 0.02129 0.01756 0.08807 -0.2051 0.2864
208  4.18  0.001 0.01575 0.02295 0.01806 0.0004025 -0.01523 0.004096
294  4.188  0.001 0.01682 0.01938 0.01746 0.005322 -0.04633 0.1104
5  4.196  0.001 0.02195 0.01763 0.01748 0.05352 -0.1141 0.07147
159  4.197  0.001 0.02348 0.02159 0.01752 -0.009841 -0.02922 0.0312
182  4.197  0.001 0.02192 0.02294 0.01843 0.04228 0.001663 -0.1238
91  4.214  0.001 0.02171 0.01615 0.01843 -0.04382 -0.06658 -0.05086
302  4.229  0.001 0.01952 0.02125 0.01843 0.01402 -0.06367 -0.08455
312  4.231  0.001 0.0193 0.01396 0.01787 -0.03144 0.05945 -0.08204
62  4.232  0.001 0.02006 0.02406 0.0179 0.06337 -0.06185 0.02377
159  4.245  0.001 0.02145 0.02262 0.01843 -0.0717 0.04974 -0.06925
95  4.245  0.001 0.02392 0.02057 0.01752 -0.1339 -0.04249 0.2146
198  4.252  0.001 0.02251 0.02194 0.01746 0.1911 -0.1019 0.1169
248  4.253  0.001 0.01922 0.01971 0.01843 -0.1595 0.008664 -0.1559
159  4.256  0.001 0.02142 0.02275 0.01843 0.02334 -0.00298 -0.00681
25  4.267  0.001 0.02336 0.01774 0.01757 -0.05053 -0.7155 3.996
95  4.288  0.001 0.01979 0.01862 0.01843 -0.04645 -0.07084 -0.06948
208  4.298  0.001 0.01548 0.02262 0.01843 0.01399 -0.0002795 -0.009698
210  4.31  0.001 0.02357 0.02007 0.01752 -0.1695 0.3466 0.4521
277  4.351  0.001 0.01831 0.01937 0.01748 0.07915 -0.1924 0.1586
338  4.351  0.001 0.01802 0.02389 0.01766 0.3847 0.1342 0.8268
24  4.364  0.001 0.02122 0.01997 0.01843 0.0005954 -0.06759 -0.1282
88  4.38  0.001 0.02158 0.01735 0.01843 0.06537 -0.1008 -0.1027
277  4.383  0.001 0.01967 0.01399 0.01742 -0.04289 0.1731 -0.4055
248  4.388  0.001 0.01679 0.01589 0.01843 -0.01475 -0.1038 -0.1447
273  4.389  0.001 0.02013 0.01412 0.01843 0.01952 0.1163 -0.183
270  4.393  0.001 0.02095 0.01682 0.01843 0.03778 -0.1017 -0.1803
319  4.394  0.001 0.01776 0.02099 0.01843 -0.0351 -0.02368 -0.1613
310  4.394  0.001 0.01733 0.01734 0.01843 -0.03263 -0.08965 -0.1792
72  4.401  0.001 0.0213 0.01447 0.01808 -0.01528 0.06192 -0.1165
168  4.414  0.001 0.01677 0.02241 0.01746 -0.02106 -0.00321 0.106
142  4.435  0.001 0.0208 0.02089 0.01748 0.06465 -0.1124 0.14
319  4.444  0.001 0.01753 0.02099 0.01843 0.01633 -0.03116 -0.04264
293  4.45  0.001 0.02 0.01461 0.0175 -0.1443 -0.01022 0.2739
142  4.453  0.001 0.02193 0.01892 0.01843 0.06465 -0.1124 -0.03172
80  4.456  0.001 0.02372 0.017 0.01747 -0.01094 0.1024 0.06622
150  4.462  0.001 0.01944 0.02122 0.01753 0.003722 -0.5519 0.7515
195  4.463  0.001 0.01837 0.02366 0.01746 -0.07086 -0.005537 0.3918
109  4.464  0.001 0.01987 0.02019 0.01752 0.09265 -0.08961 0.2169
200  4.465  0.001 0.01881 0.01884 0.01748 0.001659 -0.1128 0.2025
127  4.465  0.001 0.01731 0.02207 0.01749 -0.05402 -0.1317 0.1709
336  4.467  0.001 0.01499 0.02107 0.01744 -0.01683 -0.03805 0.04381
127  4.493  0.001 0.0158 0.01838 0.01843 -0.05402 -0.1317 -0.1038
227  4.495  0.001 0.02301 0.0222 0.01744 0.01955 0.007446 0.05867
200   4.5  0.001 0.01887 0.01479 0.01843 0.001659 -0.1128 -0.1496
153  4.503  0.001 0.02396 0.02045 0.01767 -0.04762 -0.04144 0.04713
109  4.505  0.001 0.02169 0.0163 0.01843 0.04428 -0.09593 -0.1762
167  4.505  0.001 0.02182 0.01476 0.01784 -0.2332 -0.07524 -0.1834
321  4.512  0.001 0.01986 0.0221 0.01843 -0.1325 0.08189 -0.1204
62  4.544  0.001 0.02315 0.02142 0.01766   -3 -0.3604 5.253
32  4.544  0.001 0.02368 0.02119 0.01818 -3.328 0.3141 6.466
78  4.545  0.001 0.02352 0.01803 0.01756 -1.679 -3.117 1.842
182  4.545  0.001 0.02263 0.02073 0.01748 -1.818 0.5116 1.265
261  4.545  0.001 0.0212 0.01735 0.01746 -0.674 -0.9674 0.955
213  4.546  0.001 0.01824 0.01834 0.0175 -1.721 -0.9522 0.954
192  4.546  0.001 0.02065 0.02171 0.01747 -0.4595 0.1909 0.7265
6  4.546  0.001 0.02014 0.02404 0.01799 -0.5219 -0.2997 0.435
177  4.548  0.001 0.0205 0.0227 0.01745 -0.09328 0.1513 0.4669
212  4.549  0.001 0.02246 0.01537 0.01744 -0.0618 -0.144 0.2348
302  4.55  0.001 0.02201 0.01646 0.01743 -0.09502 -0.1503 0.1497
223  4.553  0.001 0.01957 0.02361 0.01744 -0.0599 0.09637 0.176
322  4.553  0.001 0.02095 0.01554 0.01743 -0.04293 -0.1555 0.1428
89  4.56  0.001 0.02006 0.01883 0.01744 -0.03217 -0.1626 0.1308
298  4.561  0.001 0.02013 0.02219 0.01747 0.3621 -0.1042 0.7362
241  4.562  0.001 0.01926 0.02079 0.01744 0.2186 -0.5308 0.5728
69  4.566  0.001 0.01863 0.02389 0.01746 -0.1067 0.02846 0.454
307  4.569  0.001 0.01601 0.0214 0.01744 -0.08926 -0.108 0.06486
122  4.571  0.001 0.02297 0.01985 0.01744 0.1791 -0.09152 0.06178
281  4.575  0.001 0.01788 0.02168 0.01747 -0.1226 -0.4376 0.6596
195  4.576  0.001 0.01451 0.01996 0.01843 0.009689 -0.07362 -0.1552
131  4.579  0.001 0.01991 0.02092 0.01748 0.2137 0.05278 0.4728
37  4.582  0.001 0.0189 0.02415 0.01744 0.1359 -0.04253 -0.1797
329  4.59  0.001 0.01619 0.02328 0.0177 0.04428 -0.03848 -0.05257
87  4.603  0.001 0.02186 0.02273 0.01843 -0.1223 -0.1217 -0.4706
