# ID time  diameter x y z u v w  (ex ey ez, color)
30  0.003456  0.0001 0.01497 0.01668 0.01843    0    0 -0.1
39  0.004218  0.0001 0.01568 0.01649 0.01843    0    0 -0.1
10  0.005121  0.0001 0.01711 0.01814 0.01843    0    0 -0.1
26  0.005612  0.0001 0.01511 0.01696 0.01843    0    0 -0.1
2  0.006636  0.0001 0.01997 0.01562 0.01843    0    0 -0.1
21  0.007787  0.0001 0.02045 0.01485 0.01843    0    0 -0.1
24  0.009622  0.0001 0.02053 0.01565 0.01843    0    0 -0.1
23  0.01028  0.0001 0.01601 0.01848 0.01843    0    0 -0.1
27  0.01156  0.0001 0.01439 0.01888 0.01843    0    0 -0.1
8  0.01175  0.0001 0.0164 0.01659 0.01843    0    0 -0.1
32  0.01177  0.0001 0.01984 0.01551 0.01843    0    0 -0.1
31  0.01467  0.0001 0.01635 0.01953 0.01843    0    0 -0.1
5  0.0161  0.0001 0.01504 0.01872 0.01843    0    0 -0.1
33  0.01709  0.0001 0.01688 0.01696 0.01843    0    0 -0.1
17  0.02462  0.0001 0.02035 0.01736 0.01843    0    0 -0.1
34  0.02477  0.0001 0.01576 0.01553 0.01843    0    0 -0.1
13  0.02745  0.0001 0.01639 0.01987 0.01843    0    0 -0.1
28  0.0278  0.0001 0.02044 0.01858 0.01843    0    0 -0.1
29  0.03091  0.0001 0.01894 0.01545 0.01843    0    0 -0.1
15  0.03144  0.0001 0.02245 0.01579 0.01843    0    0 -0.1
7  0.0323  0.0001 0.02053 0.01703 0.01843    0    0 -0.1
6  0.03516  0.0001 0.01463 0.01945 0.01843    0    0 -0.1
25  0.03587  0.0001 0.01972 0.01526 0.01843    0    0 -0.1
37  0.03631  0.0001 0.01617 0.01891 0.01843    0    0 -0.1
20  0.03761  0.0001 0.01734 0.01457 0.01843    0    0 -0.1
4  0.03922  0.0001 0.02325 0.01895 0.01843    0    0 -0.1
11  0.04177  0.0001 0.01702 0.01859 0.01843    0    0 -0.1
1  0.04623  0.0001 0.02081 0.01787 0.01843    0    0 -0.1
38  0.04708  0.0001 0.01639 0.01582 0.01843    0    0 -0.1
36  0.04902  0.0001 0.0236 0.01788 0.01843    0    0 -0.1
22  0.04939  0.0001 0.01769 0.01745 0.01843    0    0 -0.1
3  0.05294  0.0001 0.01482 0.01773 0.01843    0    0 -0.1
18  0.05448  0.0001 0.01642 0.01496 0.01843    0    0 -0.1
19  0.0574  0.0001 0.01482 0.01777 0.01843    0    0 -0.1
9  0.05803  0.0001 0.01643 0.01692 0.01843    0    0 -0.1
12  0.05881  0.0001 0.02169 0.01713 0.01843    0    0 -0.1
14  0.06166  0.0001 0.0186 0.01972 0.01843    0    0 -0.1
16  0.06207  0.0001 0.02185 0.01815 0.01843    0    0 -0.1
35  0.06293  0.0001 0.01851 0.01681 0.01843    0    0 -0.1
76  0.06666  0.0001 0.02191 0.01537 0.01843    0    0 -0.1
72  0.06697  0.0001 0.01651 0.01797 0.01843    0    0 -0.1
48  0.06722  0.0001 0.0164 0.01659 0.01843    0    0 -0.1
71  0.07223  0.0001 0.02068 0.01794 0.01843    0    0 -0.1
74  0.07448  0.0001 0.02334 0.01691 0.01843    0    0 -0.1
55  0.07502  0.0001 0.02169 0.01713 0.01843    0    0 -0.1
69  0.07594  0.0001 0.0234 0.01844 0.01843    0    0 -0.1
80  0.07765  0.0001 0.02083 0.01468 0.01843    0    0 -0.1
64  0.07794  0.0001 0.02229 0.01842 0.01843    0    0 -0.1
68  0.07885  0.0001 0.01458 0.01791 0.01843    0    0 -0.1
41  0.08173  0.0001 0.02081 0.01787 0.01843    0    0 -0.1
47  0.08274  0.0001 0.02053 0.01703 0.01843    0    0 -0.1
81  0.08397  0.0001 0.01972 0.01526 0.01843    0    0 -0.1
60  0.08508  0.0001 0.0216 0.01895 0.01843    0    0 -0.1
79  0.08609  0.0001 0.02205 0.01867 0.01843    0    0 -0.1
75  0.08722  0.0001 0.01517 0.01768 0.01843    0    0 -0.1
43  0.09246  0.0001 0.01997 0.01562 0.01843    0    0 -0.1
58  0.09258  0.0001 0.01873 0.0173 0.01843    0    0 -0.1
52  0.09276  0.0001 0.01408 0.01826 0.01843    0    0 -0.1
62  0.09369  0.0001 0.0191 0.01443 0.01843    0    0 -0.1
89  0.09393  0.0001 0.01688 0.01696 0.01843    0    0 -0.1
77  0.09797  0.0001 0.02031 0.01563 0.01843    0    0 -0.1
67  0.1001  0.0001 0.01577 0.01801 0.01843    0    0 -0.1
70  0.1011  0.0001 0.01552 0.01988 0.01843    0    0 -0.1
40  0.1028  0.0001 0.0168 0.01476 0.01843    0    0 -0.1
87  0.1039  0.0001 0.01635 0.01953 0.01843    0    0 -0.1
66  0.104  0.0001 0.01769 0.01745 0.01843    0    0 -0.1
85  0.1043  0.0001 0.02044 0.01858 0.01843    0    0 -0.1
51  0.1044  0.0001 0.01723 0.01959 0.01843    0    0 -0.1
46  0.1082  0.0001 0.01504 0.01872 0.01843    0    0 -0.1
63  0.1092  0.0001 0.0191 0.01414 0.01843    0    0 -0.1
49  0.1092  0.0001 0.01643 0.01692 0.01843    0    0 -0.1
65  0.1092  0.0001 0.02045 0.01485 0.01843    0    0 -0.1
45  0.1096  0.0001 0.02325 0.01895 0.01843    0    0 -0.1
59  0.1131  0.0001 0.02185 0.01815 0.01843    0    0 -0.1
44  0.1171  0.0001 0.01482 0.01773 0.01843    0    0 -0.1
54  0.1222  0.0001 0.01702 0.01859 0.01843    0    0 -0.1
88  0.1235  0.0001 0.01984 0.01551 0.01843    0    0 -0.1
50  0.1328  0.0001 0.01862 0.01522 0.01843    0    0 -0.1
73  0.1337  0.0001 0.01601 0.01848 0.01843    0    0 -0.1
61  0.1338  0.0001 0.01863 0.01723 0.01843    0    0 -0.1
82  0.1362  0.0001 0.01511 0.01696 0.01843    0    0 -0.1
86  0.1369  0.0001 0.01894 0.01545 0.01843    0    0 -0.1
42  0.1381  0.0001 0.01626 0.01686 0.01843    0    0 -0.1
56  0.1416  0.0001 0.01644 0.01498 0.01843    0    0 -0.1
57  0.1419  0.0001 0.02245 0.01579 0.01843    0    0 -0.1
84  0.1438  0.0001 0.01776 0.01443 0.01843    0    0 -0.1
83  0.1449  0.0001 0.01804 0.0197 0.01843    0    0 -0.1
78  0.145  0.0001 0.02053 0.01565 0.01843    0    0 -0.1
53  0.1459  0.0001 0.01754 0.01674 0.01843    0    0 -0.1
155  0.1519  0.0001 0.01684 0.01964 0.01843    0    0 -0.1
147  0.1524  0.0001 0.0197 0.01944 0.01843    0    0 -0.1
144  0.1544  0.0001 0.01744 0.01849 0.01843    0    0 -0.1
148  0.156  0.0001 0.02199 0.01693 0.01843    0    0 -0.1
152  0.1788  0.0001 0.01795 0.01557 0.01843    0    0 -0.1
154  0.1823  0.0001 0.01477 0.01708 0.01843    0    0 -0.1
145  0.1878  0.0001 0.01603 0.01891 0.01843    0    0 -0.1
150  0.1883  0.0001 0.02107 0.01709 0.01843    0    0 -0.1
153  0.1902  0.0001 0.02133 0.01814 0.01843    0    0 -0.1
149  0.202  0.0001 0.02324 0.01642 0.01843    0    0 -0.1195
146  0.2069  0.0001 0.01968 0.01637 0.01843    0    0 -0.1681
151  0.2092  0.0001 0.02356 0.01891 0.01843    0    0 -0.1901
156  0.2128  0.0001 0.01576 0.01553 0.01843    0    0 -0.2257
169  0.2139  0.0001 0.02373 0.01934 0.01843    0    0 -0.2359
159  0.2179  0.0001 0.01697 0.01686 0.01843    0    0 -0.2756
161  0.2191  0.0001 0.02262 0.01886 0.01843    0    0 -0.2869
172  0.2262  0.0001 0.02183 0.01624 0.01843    0    0 -0.3571
163  0.2286  0.0001 0.01883 0.0192 0.01843    0    0 -0.3807
173  0.2297  0.0001 0.02111 0.01615 0.01843    0    0 -0.3913
167  0.2297  0.0001 0.01747 0.01859 0.01843    0    0 -0.3913
165  0.2303  0.0001 0.01617 0.01891 0.01843    0    0 -0.3972
162  0.2322  0.0001 0.01587 0.0178 0.01843    0    0 -0.4162
166  0.2331  0.0001 0.01639 0.01582 0.01843    0    0 -0.4251
168  0.2338  0.0001 0.01763 0.0152 0.01843    0    0 -0.4311
170  0.2346  0.0001 0.01568 0.01649 0.01843    0    0 -0.4391
157  0.2347  0.0001 0.01851 0.01681 0.01843    0    0 -0.4401
171  0.2347  0.0001 0.01871 0.01898 0.01843    0    0 -0.4402
160  0.235  0.0001 0.0236 0.01788 0.01843    0    0 -0.4432
158  0.2353  0.0001 0.01747 0.0199 0.01843    0    0 -0.4461
164  0.2358  0.0001 0.015 0.01657 0.01843    0    0 -0.4514
157  0.3052  0.0001 0.01782 0.01442 0.01843 -0.002107 0.108 -0.2157
162  0.3113  0.0001 0.01641 0.01469 0.01764 0.04895 0.1282 -0.1413
