# ID time  diameter x y z u v w  (ex ey ez, color)
34  0.05317  0.001 0.01639 0.01987 0.01843    0    0 -0.01
147  0.06392  0.001 0.02045 0.01613 0.01843    0    0 -0.01
138  0.06866  0.001 0.01656 0.01692 0.01843    0    0 -0.01
104  0.07182  0.001 0.01616 0.02247 0.01843    0    0 -0.01
97  0.07955  0.001 0.01872 0.02302 0.01843    0    0 -0.01
134  0.0854  0.001 0.01984 0.02264 0.01843    0    0 -0.01
132  0.08895  0.001 0.01647 0.02102 0.01843    0    0 -0.01
27  0.0962  0.001 0.01913 0.02014 0.01843    0    0 -0.01
139  0.1053  0.001 0.0183 0.01678 0.01843    0    0 -0.01
110  0.1068  0.001 0.01871 0.01898 0.01843    0    0 -0.01
9  0.1113  0.001 0.02059 0.02017 0.01843    0    0 -0.01
60  0.1229  0.001 0.01791 0.02168 0.01843    0    0 -0.01
76  0.1478  0.001 0.01562 0.02101 0.01843    0    0 -0.01
21  0.1625  0.001 0.01711 0.01814 0.01843    0    0 -0.01
129  0.1631  0.001 0.0228 0.02163 0.01843    0    0 -0.01
13  0.1643  0.001 0.01463 0.01945 0.01843    0    0 -0.01
7  0.1841  0.001 0.01673 0.01615 0.01843    0    0 -0.01
98  0.1917  0.001 0.02163 0.01831 0.01843    0    0 -0.01
113  0.2033  0.001 0.02111 0.01615 0.01843    0    0 -0.01
17  0.206  0.001 0.02091 0.02027 0.01843    0    0 -0.01
43  0.207  0.001 0.01482 0.01777 0.01843    0    0 -0.01
99  0.2159  0.001 0.01617 0.01891 0.01843    0    0 -0.01
102  0.2189  0.001 0.0173 0.0233 0.01843    0    0 -0.01
129  0.2457  0.001 0.01691 0.01966 0.01843 -0.8842 -0.2528 -0.2831
24  0.2578  0.001 0.01754 0.01674 0.01843    0    0 -0.01
52  0.2912  0.001 0.01943 0.02314 0.01843    0    0 -0.01
40  0.3195  0.001 0.0216 0.01895 0.01843    0    0 -0.01
93  0.323  0.001 0.01737 0.02071 0.01843    0    0 -0.01
95  0.3248  0.001 0.01616 0.01567 0.01843    0    0 -0.01
86  0.3315  0.001 0.01851 0.01681 0.01843    0    0 -0.01
61  0.3423  0.001 0.01517 0.01768 0.01843    0    0 -0.01
96  0.3541  0.001 0.01501 0.0202 0.01843    0    0 -0.01
45  0.3594  0.001 0.02211 0.02042 0.01843    0    0 -0.01
145  0.3677  0.001 0.01563 0.01933 0.01843    0    0 -0.01
20  0.368  0.001 0.01962 0.01486 0.01843    0    0 -0.01
18  0.3966  0.001 0.01952 0.02012 0.01843    0    0 -0.01
33  0.4006  0.001 0.02169 0.01713 0.01843    0    0 -0.01
1  0.4077  0.001 0.02081 0.01787 0.01843    0    0 -0.01
58  0.4211  0.001 0.01666 0.02269 0.01843    0    0 -0.01
136  0.4234  0.001 0.02088 0.01981 0.01843    0    0 -0.01
143  0.4284  0.001 0.01495 0.01817 0.01843    0    0 -0.01
12  0.4372  0.001 0.01826 0.02318 0.01843    0    0 -0.01
25  0.4389  0.001 0.01985 0.01664 0.01843    0    0 -0.01
36  0.4627  0.001 0.02103 0.02112 0.01843    0    0 -0.01
5  0.5073  0.001 0.01997 0.01562 0.01843    0    0 -0.01
2  0.5116  0.001 0.01628 0.01757 0.01843    0    0 -0.01
106  0.5303  0.001 0.01842 0.02092 0.01843    0    0 -0.01
111  0.5352  0.001 0.02183 0.01624 0.01843    0    0 -0.01
109  0.5363  0.001 0.01568 0.01649 0.01843    0    0 -0.01
142  0.5668  0.001 0.02311 0.01818 0.01843    0    0 -0.01
10  0.5744  0.001 0.01808 0.02272 0.01843    0    0 -0.01
110  0.5792  0.001 0.02211 0.02313 0.01838 -0.05067 -0.1554 -0.02164
53  0.5898  0.001 0.02289 0.02038 0.01843    0    0 -0.01
62  0.614  0.001 0.02153 0.02145 0.01843    0    0 -0.01
23  0.6253  0.001 0.01723 0.01959 0.01843    0    0 -0.01
39  0.6331  0.001 0.02185 0.01815 0.01843    0    0 -0.01
150  0.6351  0.001 0.01955 0.02079 0.01843    0    0 -0.01
133  0.6373  0.001 0.017 0.02139 0.01843    0    0 -0.01
137  0.6381  0.001 0.01816 0.02008 0.01843    0    0 -0.01
131  0.6386  0.001 0.01488 0.01786 0.01843    0    0 -0.01
42  0.6615  0.001 0.02035 0.01736 0.01843    0    0 -0.01
49  0.6657  0.001 0.01769 0.01745 0.01843    0    0 -0.01
103  0.6743  0.001 0.0217 0.02055 0.01843    0    0 -0.01
57  0.7097  0.001 0.01552 0.01988 0.01843    0    0 -0.01
108  0.7122  0.001 0.0216 0.01586 0.01843    0    0 -0.01
19  0.7171  0.001 0.01712 0.02242 0.01843    0    0 -0.01
80  0.7409  0.001 0.01688 0.0213 0.01843    0    0 -0.01
116  0.7454  0.001 0.01603 0.01891 0.01843    0    0 -0.01
107  0.7475  0.001 0.02296 0.01804 0.01843    0    0 -0.01
115  0.7531  0.001 0.02047 0.0195 0.01843    0    0 -0.01
123  0.7603  0.001 0.01684 0.01964 0.01843    0    0 -0.01
105  0.7779  0.001 0.01763 0.0152 0.01843    0    0 -0.01
32  0.7825  0.001 0.01888 0.02229 0.01843    0    0 -0.01
117  0.7827  0.001 0.01968 0.01637 0.01843    0    0 -0.01
128  0.795  0.001 0.01953 0.01867 0.01843    0    0 -0.01
141  0.7984  0.001 0.02181 0.01962 0.01843    0    0 -0.01
74  0.8036  0.001 0.01815 0.02297 0.01843    0    0 -0.01
88  0.8066  0.001 0.02043 0.02121 0.01843    0    0 -0.01
70  0.8141  0.001 0.02335 0.02054 0.01843    0    0 -0.01
88  0.8149  0.001 0.02029 0.02112 0.01843 -0.01809 -0.01142 -0.04054
30  0.8287  0.001 0.01971 0.02318 0.01843    0    0 -0.01
85  0.832  0.001 0.01688 0.01696 0.01843    0    0 -0.01
144  0.8455  0.001 0.01803 0.01874 0.01843    0    0 -0.01
92  0.8456  0.001 0.02119 0.02175 0.01843    0    0 -0.01
129  0.8464  0.001 0.02413 0.01958 0.01775 -0.06605 -0.02606 -0.1812
41  0.8485  0.001 0.01653 0.01864 0.01843    0    0 -0.01
35  0.8608  0.001 0.0186 0.01972 0.01843    0    0 -0.01
6  0.8632  0.001 0.01482 0.01773 0.01843    0    0 -0.01
64  0.877  0.001 0.02031 0.01563 0.01843    0    0 -0.01
121  0.8801  0.001 0.02356 0.01891 0.01843    0    0 -0.01
54  0.8994  0.001 0.01829 0.02213 0.01843    0    0 -0.01
124  0.9082  0.001 0.01952 0.01848 0.01843    0    0 -0.01
149  0.9126  0.001 0.0176 0.02316 0.01843    0    0 -0.01
49  0.9198  0.001 0.01599 0.01497 0.01721 0.04455 0.05156 -0.1149
94  0.9358  0.001 0.01871 0.02356 0.01843    0    0 -0.01
38  0.9456  0.001 0.01873 0.0173 0.01843    0    0 -0.01
82  0.9634  0.001 0.01999 0.02003 0.01843    0    0 -0.01
28  0.9722  0.001 0.01948 0.01647 0.01843    0    0 -0.01
90  0.9769  0.001 0.02262 0.01886 0.01843    0    0 -0.01
101  0.9889  0.001 0.01545 0.0212 0.01843    0    0 -0.01
50  0.9953  0.001 0.02131 0.02105 0.01843    0    0 -0.01
140  1.009  0.001 0.02194 0.01688 0.01843    0    0 -0.01
31  1.034  0.001 0.01766 0.0201 0.01843    0    0 -0.01
135  1.034  0.001 0.01716 0.02143 0.01843    0    0 -0.01
29  1.035  0.001 0.01702 0.01859 0.01843    0    0 -0.01
65  1.048  0.001 0.02053 0.01565 0.01843    0    0 -0.01
81  1.066  0.001 0.02044 0.01858 0.01843    0    0 -0.01
4  1.072  0.001 0.01626 0.01686 0.01843    0    0 -0.01
125  1.095  0.001 0.02314 0.01765 0.01843    0    0 -0.01
68  1.105  0.001 0.0222 0.02101 0.01843    0    0 -0.01
77  1.109  0.001 0.01958 0.02208 0.01843    0    0 -0.01
37  1.111  0.001 0.01944 0.01617 0.01843    0    0 -0.01
91  1.116  0.001 0.01822 0.02322 0.01843    0    0 -0.01
100  1.125  0.001 0.01747 0.01859 0.01843    0    0 -0.01
47  1.147  0.001 0.02229 0.01842 0.01843    0    0 -0.01
59  1.154  0.001 0.02068 0.01794 0.01843    0    0 -0.01
89  1.165  0.001 0.01789 0.01638 0.01843    0    0 -0.01
8  1.17  0.001 0.02325 0.01895 0.01843    0    0 -0.01
16  1.176  0.001 0.0164 0.01659 0.01843    0    0 -0.01
23  1.183  0.001 0.01396 0.01879 0.01782 0.05459 -0.005712 -0.2011
3  1.194  0.001 0.02304 0.02012 0.01843    0    0 -0.01
39  1.196  0.001 0.02119 0.02328 0.01843 -0.1978 0.003996 -0.07391
69  1.201  0.001 0.0174 0.0211 0.01843    0    0 -0.01
79  1.213  0.001 0.02127 0.02095 0.01843    0    0 -0.01
130  1.222  0.001 0.02088 0.02226 0.01843    0    0 -0.01
14  1.227  0.001 0.01703 0.02308 0.01843    0    0 -0.01
119  1.246  0.001 0.01898 0.02029 0.01843    0    0 -0.01
11  1.255  0.001 0.01504 0.01872 0.01843    0    0 -0.01
112  1.264  0.001 0.02014 0.02048 0.01843    0    0 -0.01
94  1.272  0.001 0.01528 0.02183 0.01843 -0.1109 -0.03969 -0.08873
83  1.283  0.001 0.01894 0.01545 0.01843    0    0 -0.01
51  1.283  0.001 0.01577 0.01801 0.01843    0    0 -0.01
85  1.286  0.001 0.01816 0.02099 0.01843 -0.0631 -0.6049 -0.3339
66  1.311  0.001 0.02205 0.01867 0.01843    0    0 -0.01
44  1.318  0.001 0.01863 0.01723 0.01843    0    0 -0.01
15  1.323  0.001 0.02053 0.01703 0.01843    0    0 -0.01
3  1.329  0.001 0.02117 0.01896 0.01843 -0.3306 -0.009192 -0.4575
35  1.331  0.001 0.01725 0.02204 0.0177 0.2054 -0.3649 1.727
23  1.333  0.001 0.01527 0.02241 0.01745 -0.2356 -0.08871 0.2827
10  1.334  0.001 0.01643 0.02275 0.01756 -0.003715 -0.1383 0.3229
46  1.341  0.001 0.01998 0.02162 0.01843    0    0 -0.01
112  1.345  0.001 0.01968 0.02021 0.01843 -0.1121 -0.008463 -0.1751
35  1.355  0.001 0.01624 0.02126 0.01843 0.08176 -0.113 -0.09824
75  1.357  0.001 0.01804 0.0197 0.01843    0    0 -0.01
120  1.359  0.001 0.02157 0.02285 0.01843    0    0 -0.01
21  1.367  0.001 0.01875 0.02314 0.01777 0.03444 0.05063 0.4378
56  1.371  0.001 0.0234 0.01844 0.01843    0    0 -0.01
41  1.374  0.001 0.01429 0.01722 0.01766 0.06122 0.005619 -0.1211
73  1.385  0.001 0.01833 0.02209 0.01843    0    0 -0.01
58   1.4  0.001 0.01681 0.02363 0.01725 0.008742 -0.04899 -0.1498
48  1.407  0.001 0.02045 0.01485 0.01843    0    0 -0.01
55  1.442  0.001 0.02214 0.02212 0.01843    0    0 -0.01
87  1.465  0.001 0.01611 0.01765 0.01843    0    0 -0.01
72  1.469  0.001 0.01511 0.01696 0.01843    0    0 -0.01
26  1.474  0.001 0.01705 0.02098 0.01843    0    0 -0.01
78  1.474  0.001 0.0198 0.02115 0.01843    0    0 -0.01
69  1.48  0.001 0.02137 0.01451 0.01761 -0.1112 0.1852 -0.4519
127  1.493  0.001 0.01837 0.0211 0.01843    0    0 -0.01
148  1.494  0.001 0.01852 0.01915 0.01843    0    0 -0.01
84  1.497  0.001 0.01984 0.01551 0.01843    0    0 -0.01
67  1.498  0.001 0.02234 0.01837 0.01843    0    0 -0.01
114  1.502  0.001 0.02085 0.02051 0.01843    0    0 -0.01
118  1.507  0.001 0.02199 0.01693 0.01843    0    0 -0.01
22  1.508  0.001 0.01862 0.01522 0.01843    0    0 -0.01
146  1.513  0.001 0.0212 0.01539 0.01843    0    0 -0.01
71  1.527  0.001 0.01692 0.01946 0.01843    0    0 -0.01
92  1.533  0.001 0.02031 0.02326 0.01747 -0.6126 0.5139 1.125
91  1.534  0.001 0.02034 0.02164 0.01744 -0.1848 -0.0521 0.253
147  1.536  0.001 0.02139 0.01943 0.01746 -0.2175 -0.2829 0.2023
63  1.541  0.001 0.02206 0.02045 0.01843    0    0 -0.01
55  1.544  0.001 0.02059 0.02242 0.01843 -0.05066 -0.004192 -0.08269
126  1.545  0.001 0.01989 0.01651 0.01843    0    0 -0.01
122  1.547  0.001 0.01864 0.01738 0.01843    0    0 -0.01
120  1.55  0.001 0.0184 0.02407 0.01843 -0.05655 -0.0842 -0.09597
47  1.554  0.001 0.01823 0.01413 0.01843 -0.0397 0.07205 -0.2054
236  1.576  0.001 0.01771 0.01514 0.01843    0    0 -0.01
66  1.585  0.001 0.02279 0.02184 0.01843 -0.07932 -0.04718 -0.2888
170  1.585  0.001 0.01746 0.02112 0.01843    0    0 -0.01
56  1.586  0.001 0.02227 0.01513 0.01843 -0.0424 0.06851 -0.1805
100  1.587  0.001 0.02407 0.0181 0.01783 -0.02298 -0.06055 -0.06063
147  1.588  0.001 0.01953 0.01946 0.01843 0.05773 -0.0429 -0.1605
245  1.59  0.001 0.0202 0.02347 0.01843    0    0 -0.01
273  1.605  0.001 0.02022 0.02096 0.01843    0    0 -0.01
223  1.613  0.001 0.0229 0.01804 0.01843    0    0 -0.01
158  1.622  0.001 0.01876 0.01662 0.01843    0    0 -0.01
104  1.634  0.001 0.02069 0.01931 0.01843 -0.1213 -0.02503 -0.4312
267  1.634  0.001 0.01542 0.01859 0.01843    0    0 -0.01
273  1.637  0.001 0.02268 0.02178 0.01843 0.3246 0.08525 -0.1614
291  1.643  0.001 0.02076 0.02256 0.01843    0    0 -0.01
127  1.65  0.001 0.01828 0.02093 0.01843 0.09923 0.09701 -0.3248
128  1.651  0.001 0.01968 0.02164 0.01843 -0.03807 0.003312 -0.1195
171  1.657  0.001 0.0211 0.01768 0.01843    0    0 -0.01
148  1.666  0.001 0.01758 0.02201 0.01843 0.09865 0.02476 -0.182
162  1.668  0.001 0.01973 0.01501 0.01843    0    0 -0.01
21  1.671  0.001 0.02025 0.02201 0.0176 0.07075 -0.04867 0.3575
21  1.675  0.001 0.02028 0.02201 0.01843 -0.1429 0.1167 -0.1697
226  1.677  0.001 0.02207 0.02059 0.01843    0    0 -0.01
15  1.678  0.001 0.02104 0.02359 0.01843 -0.05886 0.865 -0.1946
270  1.678  0.001 0.01686 0.01645 0.01843    0    0 -0.01
128  1.684  0.001 0.01881 0.01973 0.01843 -0.05236 -0.02016 -0.2224
245  1.69  0.001 0.01877 0.0225 0.01843 -0.1648 0.1423 -0.2276
177  1.692  0.001 0.0207 0.01582 0.01843    0    0 -0.01
199  1.702  0.001 0.01795 0.01586 0.01843    0    0 -0.01
128  1.705  0.001 0.0189 0.01926 0.01843 0.01469 -0.02266 -0.04323
82  1.707  0.001 0.02013 0.02256 0.01843 -0.07399 -0.01463 -0.2339
247  1.727  0.001 0.02018 0.01805 0.01843    0    0 -0.01
285  1.737  0.001 0.01723 0.01779 0.01843    0    0 -0.01
226  1.741  0.001 0.01896 0.02136 0.01843 0.03064 0.07829 -0.2386
155  1.749  0.001 0.021 0.01928 0.01843    0    0 -0.01
222  1.769  0.001 0.01919 0.0236 0.01843    0    0 -0.01
224  1.773  0.001 0.02068 0.017 0.01843    0    0 -0.01
281  1.775  0.001 0.02091 0.0215 0.01843    0    0 -0.01
232  1.778  0.001 0.01497 0.01833 0.01843    0    0 -0.01
212  1.792  0.001 0.01967 0.01625 0.01843    0    0 -0.01
178  1.834  0.001 0.01628 0.01688 0.01843    0    0 -0.01
180  1.846  0.001 0.02136 0.01577 0.01843    0    0 -0.01
274  1.847  0.001 0.02286 0.02071 0.01843    0    0 -0.01
163  1.849  0.001 0.01941 0.01807 0.01843    0    0 -0.01
286  1.861  0.001 0.01459 0.01919 0.01843    0    0 -0.01
268  1.864  0.001 0.01521 0.02155 0.01843    0    0 -0.01
262  1.906  0.001 0.02267 0.017 0.01843    0    0 -0.01
201  1.912  0.001 0.01937 0.02316 0.01843    0    0 -0.01
202  1.912  0.001 0.01714 0.01984 0.01843    0    0 -0.01
228  1.926  0.001 0.01747 0.0179 0.01843    0    0 -0.01
217  1.933  0.001 0.02167 0.02044 0.01843    0    0 -0.01
152  1.94  0.001 0.02247 0.01982 0.01843    0    0 -0.01
169  1.945  0.001 0.01813 0.01548 0.01843    0    0 -0.01
195  1.949  0.001 0.01619 0.02008 0.01843    0    0 -0.01
269  1.951  0.001 0.0183 0.01908 0.01843    0    0 -0.01
179  1.951  0.001 0.02124 0.01752 0.01843    0    0 -0.01
174  1.955  0.001 0.01976 0.01616 0.01843    0    0 -0.01
264  1.958  0.001 0.0204 0.01858 0.01843    0    0 -0.01
250  1.959  0.001 0.01456 0.01956 0.01843    0    0 -0.01
67  1.97  0.001 0.01756 0.02046 0.01744 -0.2915 -0.1458 0.6011
147  1.976  0.001 0.01828 0.02039 0.01843 -0.07552 0.1695 -0.3345
187  1.978  0.001 0.01817 0.02277 0.01843    0    0 -0.01
28  1.978  0.001 0.01795 0.02113 0.01744 -0.07881 -0.106 0.0934
63  1.98  0.001 0.01786 0.02401 0.01802 -0.0222 -0.1692 -0.05465
273  1.99  0.001 0.01708 0.02241 0.01843 -0.09122 0.04747 -0.1704
217  1.991  0.001 0.0219 0.02038 0.01843 -0.01558 -0.03501 -0.2419
128  1.994  0.001 0.01443 0.01783 0.01843 0.06127 -0.1479 -0.05084
147  1.994  0.001 0.01571 0.0199 0.01843 -0.1268 0.01391 -0.05122
197  1.995  0.001 0.01783 0.01705 0.01843    0    0 -0.01
179  1.998  0.001 0.01996 0.01539 0.01843 -0.05623 0.07514 -0.0771
180  1.998  0.001 0.02205 0.01869 0.01843 -0.004015 0.1108 -0.04428
152  1.998  0.001 0.02315 0.01636 0.01843 -0.07418 -0.08812 -0.09382
229  2.001  0.001 0.0213 0.02224 0.01843    0    0 -0.01
224  2.01  0.001 0.02375 0.01706 0.01807 -0.03434 0.01266 -0.1782
167  2.011  0.001 0.01698 0.01854 0.01843    0    0 -0.01
67  2.011  0.001 0.01429 0.01876 0.01843 -0.07583 -0.009487 -0.2378
258  2.026  0.001 0.01955 0.01906 0.01843    0    0 -0.01
180  2.034  0.001 0.01805 0.0195 0.01843 0.0108 0.0693 -0.3398
207  2.039  0.001 0.02069 0.02323 0.01843    0    0 -0.01
82  2.044  0.001 0.01806 0.02295 0.01843 -0.08777 -0.02566 -0.08528
187  2.047  0.001 0.01883 0.02192 0.01843 0.006943 -2.28 -1.307
258  2.101  0.001 0.0205 0.01653 0.01843 0.09271 0.08918 -0.3374
284  2.108  0.001 0.0189 0.01915 0.01843    0    0 -0.01
233  2.117  0.001 0.02019 0.02271 0.01843    0    0 -0.01
154  2.12  0.001 0.0234 0.02 0.01843    0    0 -0.01
112  2.122  0.001 0.02264 0.02267 0.01843 -0.1094 -0.03881 -0.03179
188  2.122  0.001 0.02141 0.01968 0.01843    0    0 -0.01
155  2.123  0.001 0.01915 0.0205 0.01843 0.1579 -0.0424 -0.1109
163  2.13  0.001 0.0225 0.01562 0.01843 1.178 -0.955 -0.6072
256  2.13  0.001 0.01779 0.02055 0.01843    0    0 -0.01
287  2.131  0.001 0.01565 0.0194 0.01843    0    0 -0.01
160  2.132  0.001 0.02067 0.01857 0.01843    0    0 -0.01
279  2.133  0.001 0.01769 0.01913 0.01843    0    0 -0.01
129  2.139  0.001 0.01874 0.01857 0.01743 0.2185 -0.4501 0.3551
29  2.139  0.001 0.017 0.0189 0.01745 -0.1515 -0.6979 0.6856
28  2.14  0.001 0.01558 0.02262 0.01843 -0.6759 0.9416 -0.8218
281  2.142  0.001 0.02049 0.02093 0.01843 0.1744 0.5703 -0.2001
176  2.142  0.001 0.01732 0.01709 0.01843    0    0 -0.01
190  2.144  0.001 0.01884 0.02323 0.01843    0    0 -0.01
273  2.144  0.001 0.0167 0.02175 0.01843 0.179 -0.1504 -0.09491
170  2.146  0.001 0.02064 0.01808 0.01843 0.03065 -0.4758 -0.1499
256  2.147  0.001 0.01845 0.02007 0.01843 0.07136 -0.009485 -0.1714
129  2.148  0.001 0.02037 0.01608 0.01843 -0.09466 -0.2515 -0.06671
126  2.15  0.001 0.02214 0.02118 0.01843 -0.6281 -0.2846 -0.5342
103  2.152  0.001 0.02338 0.02149 0.01746 0.1038 -0.08933 0.2607
298  2.155  0.001 0.02115 0.01512 0.01843    0    0 -0.01
29  2.159  0.001 0.01459 0.01658 0.0179 0.1044 0.05003 -0.07198
263  2.166  0.001 0.01774 0.0223 0.01843    0    0 -0.01
7  2.168  0.001 0.01451 0.01791 0.01843 -0.09477 0.06895 -0.1627
5  2.174  0.001 0.02296 0.0195 0.01843 -0.01154 0.03443 -0.2617
97  2.179  0.001 0.01396 0.01937 0.01756 0.07274 0.02783 -0.09508
212  2.18  0.001 0.01918 0.0188 0.01843 -0.01253 -0.005652 -0.2516
270  2.18  0.001 0.01938 0.01425 0.01843 -0.005834 0.04943 -0.1851
112  2.185  0.001 0.02254 0.01809 0.01843 -0.07389 -0.06393 -0.201
240  2.204  0.001 0.01844 0.0214 0.01843    0    0 -0.01
163  2.204  0.001 0.01713 0.01667 0.01843 -0.01319 -0.005346 -0.09214
188  2.211  0.001 0.02007 0.01776 0.01843 -0.01705 0.06458 -0.1724
252  2.217  0.001 0.01802 0.01726 0.01843    0    0 -0.01
166  2.222  0.001 0.02037 0.01475 0.01843    0    0 -0.01
297  2.235  0.001 0.02174 0.01945 0.01843    0    0 -0.01
296  2.24  0.001 0.01711 0.02097 0.01843    0    0 -0.01
272  2.243  0.001 0.02104 0.02086 0.01843    0    0 -0.01
175  2.246  0.001 0.02063 0.022 0.01843    0    0 -0.01
173  2.249  0.001 0.01545 0.01635 0.01843    0    0 -0.01
237  2.257  0.001 0.02277 0.02146 0.01843    0    0 -0.01
227  2.258  0.001 0.01733 0.02254 0.01843    0    0 -0.01
244  2.265  0.001 0.01654 0.01597 0.01843    0    0 -0.01
185  2.289  0.001 0.0179 0.01556 0.01843    0    0 -0.01
184  2.29  0.001 0.0163 0.0214 0.01843    0    0 -0.01
276  2.295  0.001 0.01799 0.01992 0.01843    0    0 -0.01
261  2.297  0.001 0.02175 0.01542 0.01843    0    0 -0.01
241  2.297  0.001 0.01887 0.01494 0.01843    0    0 -0.01
283  2.311  0.001 0.01977 0.01625 0.01843    0    0 -0.01
191  2.314  0.001 0.01889 0.02041 0.01843    0    0 -0.01
253  2.319  0.001 0.02076 0.01938 0.01843    0    0 -0.01
207  2.333  0.001 0.02358 0.0214 0.01781 -0.1861 0.01194 0.3346
39  2.337  0.001 0.02286 0.01928 0.01843 -0.02547 0.05987 -0.5056
189  2.337  0.001 0.01457 0.01927 0.01843    0    0 -0.01
207  2.345  0.001 0.02251 0.02179 0.01843 0.02111 0.05751 -0.268
161  2.347  0.001 0.02201 0.0177 0.01843    0    0 -0.01
63  2.349  0.001 0.02223 0.02291 0.01747 -0.08049 -0.03385 0.1784
141  2.373  0.001 0.01949 0.02152 0.01746 0.07566 0.007953 0.07581
191  2.376  0.001 0.01845 0.01979 0.01843 -0.01515 -0.07847 -0.1069
296  2.376  0.001 0.01868 0.02216 0.01843 -0.06184 -0.01019 -0.08575
254  2.379  0.001 0.01833 0.01865 0.01843    0    0 -0.01
180  2.379  0.001 0.01677 0.02148 0.01843 -0.007405 0.07771 -0.07784
183  2.38  0.001 0.02103 0.02249 0.01843    0    0 -0.01
219  2.381  0.001 0.0174 0.02303 0.01843    0    0 -0.01
289  2.392  0.001 0.02185 0.02021 0.01843    0    0 -0.01
42  2.393  0.001 0.02295 0.02063 0.01746 -0.1369 -0.409 0.4575
249  2.396  0.001 0.01518 0.02089 0.01843    0    0 -0.01
42  2.397  0.001 0.02291 0.01948 0.01843 0.1403 0.1265 -0.3146
289  2.401  0.001 0.02135 0.02029 0.01843 0.07224 0.05022 -0.09551
251  2.402  0.001 0.01643 0.02264 0.01843    0    0 -0.01
233  2.404  0.001 0.02212 0.02267 0.01746 0.03268 0.009303 0.1697
231  2.422  0.001 0.01594 0.01794 0.01843    0    0 -0.01
246  2.429  0.001 0.02026 0.01585 0.01843    0    0 -0.01
289  2.452  0.001 0.02409 0.01986 0.01808 -0.1054 -0.03242 -0.04687
158  2.457  0.001 0.02042 0.02161 0.01843 -0.07292 0.05627 -0.07285
300  2.459  0.001 0.0176 0.01613 0.01843    0    0 -0.01
168  2.466  0.001 0.01665 0.02084 0.01843    0    0 -0.01
198  2.467  0.001 0.01918 0.02217 0.01843    0    0 -0.01
151  2.471  0.001 0.02044 0.01975 0.01843    0    0 -0.01
60  2.472  0.001 0.02121 0.02367 0.01805 -0.107 -0.01782 0.04498
209  2.476  0.001 0.01572 0.01929 0.01843    0    0 -0.01
72  2.481  0.001 0.0191 0.02214 0.01843 0.02278 0.2047 -0.1164
213  2.491  0.001 0.01849 0.02026 0.01843    0    0 -0.01
205  2.493  0.001 0.02263 0.01883 0.01843    0    0 -0.01
151  2.497  0.001 0.02154 0.01955 0.01843 0.05799 -0.1022 -0.2538
103  2.497  0.001 0.02233 0.01695 0.01744 -0.04753 -1.085 0.3181
56  2.497  0.001 0.02009 0.01934 0.01744 -0.5033 -0.1952 0.1589
101   2.5  0.001 0.02129 0.0232 0.01748 -0.08254 -0.001235 0.1877
191  2.503  0.001 0.01636 0.02115 0.01843 -0.03726 -0.06087 -0.09395
229  2.506  0.001 0.0176 0.02247 0.01843 0.01893 -0.01689 -0.05575
141  2.507  0.001 0.02258 0.01909 0.01843 0.0281 -0.07937 -0.06784
296  2.507  0.001 0.01611 0.02271 0.01843 -0.1179 0.05666 -0.04651
234  2.51  0.001 0.01954 0.02066 0.01843    0    0 -0.01
179  2.515  0.001 0.01744 0.02135 0.01843 0.009939 -0.02268 -0.08888
213  2.522  0.001 0.01876 0.02057 0.01843 0.01212 -0.05281 -0.1024
278  2.523  0.001 0.02163 0.02207 0.01843    0    0 -0.01
194  2.527  0.001 0.02158 0.01753 0.01843    0    0 -0.01
214  2.528  0.001 0.01736 0.01864 0.01843    0    0 -0.01
101  2.529  0.001 0.02091 0.02322 0.01843 0.04421 0.002578 -0.1188
277  2.536  0.001 0.01659 0.01929 0.01843    0    0 -0.01
62  2.542  0.001 0.0191 0.0203 0.01843 -0.01026 -0.07096 -0.02769
81  2.544  0.001 0.02168 0.01818 0.01843 -0.061 0.04495 -0.1364
58  2.547  0.001 0.0217 0.02186 0.0175 0.1337 0.03584 0.3469
208  2.549  0.001 0.01931 0.01853 0.01843    0    0 -0.01
242  2.552  0.001 0.02102 0.01621 0.01843    0    0 -0.01
225  2.56  0.001 0.01647 0.0162 0.01843    0    0 -0.01
299  2.565  0.001 0.01923 0.02316 0.01843    0    0 -0.01
104  2.565  0.001 0.024 0.02027 0.01842 -0.08848 -0.08219 0.2561
181  2.565  0.001 0.01543 0.02166 0.01843    0    0 -0.01
218  2.566  0.001 0.02219 0.02125 0.01843    0    0 -0.01
236  2.572  0.001 0.01908 0.01992 0.01843 0.2589 0.2634 -0.1985
292  2.573  0.001 0.02126 0.0204 0.01843    0    0 -0.01
277  2.576  0.001 0.01561 0.01831 0.01843 -0.05145 -0.2185 -0.133
215  2.58  0.001 0.01719 0.02313 0.01843    0    0 -0.01
26  2.58  0.001 0.01865 0.02378 0.01843 0.1096 0.09748 -0.1574
239  2.582  0.001 0.0195 0.01699 0.01843    0    0 -0.01
90  2.587  0.001 0.01984 0.01949 0.01766 0.007355 -0.1764 0.2125
259  2.587  0.001 0.02304 0.01702 0.01843    0    0 -0.01
179  2.589  0.001 0.01931 0.01758 0.01843 0.0135 0.01415 -0.3181
106  2.591  0.001 0.01887 0.02 0.01843 -0.04979 0.08082 -0.4145
42  2.593  0.001 0.01777 0.02399 0.018 0.03303 -0.02641 0.004693
235  2.594  0.001 0.01948 0.02148 0.01843    0    0 -0.01
83  2.597  0.001 0.02193 0.02179 0.01843 0.009921 0.02608 -0.1473
39  2.601  0.001 0.02267 0.01816 0.01843 0.1187 -0.06491 -0.09046
167  2.602  0.001 0.01761 0.01437 0.01843 0.01584 -0.1709 -0.1283
156  2.602  0.001 0.01767 0.02069 0.01843    0    0 -0.01
196  2.606  0.001 0.01578 0.01975 0.01843    0    0 -0.01
181  2.607  0.001 0.01513 0.02147 0.01843 0.04572 -0.04411 -0.1945
292  2.61  0.001 0.02028 0.01958 0.01843 0.003698 0.05006 -0.1407
214  2.61  0.001 0.01969 0.01468 0.01843 -0.002301 0.06956 -0.1772
104  2.617  0.001 0.01939 0.01598 0.01843 -0.08848 -0.08219 -0.2558
256  2.622  0.001 0.01649 0.02337 0.01843 0.04915 -0.09969 -0.0983
236  2.623  0.001 0.02127 0.01868 0.01843 -0.01363 -0.06339 -0.1363
229  2.631  0.001 0.02199 0.02322 0.01785 -0.03395 -0.01596 -0.01314
203  2.631  0.001 0.02201 0.01985 0.01843    0    0 -0.01
276  2.653  0.001 0.01746 0.0239 0.01776 0.001098 -0.04403 -0.02183
111  2.661  0.001 0.01396 0.01875 0.01827 0.1176 -0.01002 0.06469
220  2.661  0.001 0.02055 0.0176 0.01843    0    0 -0.01
101  2.667  0.001 0.02285 0.01944 0.01843 -0.01241 -0.08512 -0.06953
221  2.668  0.001 0.01484 0.01752 0.01843    0    0 -0.01
111  2.671  0.001 0.01513 0.01862 0.01843 0.09549 -0.03987 -0.02464
192  2.69  0.001 0.01809 0.01841 0.01843    0    0 -0.01
172  2.695  0.001 0.0213 0.01657 0.01843    0    0 -0.01
257  2.711  0.001 0.01609 0.0166 0.01843    0    0 -0.01
216  2.711  0.001 0.02087 0.02195 0.01843    0    0 -0.01
260  2.719  0.001 0.02215 0.02159 0.01843    0    0 -0.01
210  2.725  0.001 0.01988 0.02079 0.01843    0    0 -0.01
266  2.75  0.001 0.01681 0.01867 0.01843    0    0 -0.01
200  2.754  0.001 0.01694 0.02189 0.01843    0    0 -0.01
82  2.756  0.001 0.01531 0.02251 0.01753 0.1788 0.1071 0.2207
226  2.756  0.001 0.01436 0.02107 0.01785 0.003228 -0.2096 0.3671
22  2.758  0.001 0.01597 0.02028 0.01749 0.03606 -0.1315 0.2423
227  2.762  0.001 0.01805 0.01873 0.01843 0.05097 -0.06293 -0.04537
161  2.764  0.001 0.01496 0.02083 0.01744 -0.004129 -0.1169 0.07091
165  2.772  0.001 0.02043 0.0181 0.01843    0    0 -0.01
265  2.778  0.001 0.02294 0.018 0.01843    0    0 -0.01
211  2.782  0.001 0.01576 0.0207 0.01843    0    0 -0.01
238  2.785  0.001 0.01602 0.01569 0.01843    0    0 -0.01
22  2.785  0.001 0.01708 0.0165 0.01843 0.02269 -0.01277 -0.1524
282  2.786  0.001 0.01919 0.01737 0.01843    0    0 -0.01
97  2.789  0.001 0.01823 0.0175 0.01843 -0.01413 -0.04886 -0.1243
269  2.795  0.001 0.02373 0.02066 0.01744 0.1083 0.0001649 0.12
82  2.831  0.001 0.01897 0.02211 0.01843 -0.01208 -0.0151 -0.1608
164  2.842  0.001 0.022 0.02034 0.01843    0    0 -0.01
206  2.849  0.001 0.02016 0.02316 0.01843    0    0 -0.01
153  2.851  0.001 0.01912 0.0195 0.01843    0    0 -0.01
157  2.855  0.001 0.02293 0.02082 0.01843    0    0 -0.01
212  2.856  0.001 0.02341 0.01705 0.01746 -0.09854 0.06202 0.05453
28  2.868  0.001 0.01555 0.0214 0.01747 0.00316 -0.02517 0.1752
164  2.875  0.001 0.02367 0.01892 0.01843 0.2154 0.1134 -0.1489
260  2.879  0.001 0.02093 0.02364 0.01843 -0.01203 -0.03594 -0.01194
159  2.883  0.001 0.01704 0.01575 0.01843    0    0 -0.01
98  2.899  0.001 0.0204 0.01413 0.01823 -0.03075 0.06164 -0.06853
204   2.9  0.001 0.02003 0.02198 0.01843    0    0 -0.01
293  2.909  0.001 0.01743 0.01997 0.01843    0    0 -0.01
90  2.91  0.001 0.01863 0.01956 0.01843 -0.13 -0.01106 -0.1018
288  2.912  0.001 0.01858 0.02309 0.01843    0    0 -0.01
158  2.914  0.001 0.02247 0.01527 0.01729 -0.08057 0.1811 -0.4642
260  2.914  0.001 0.02015 0.02318 0.01843 0.09278 0.006795 -0.3144
242  2.924  0.001 0.02154 0.01673 0.01843 0.1635 0.05933 -0.1004
227  2.926  0.001 0.0187 0.01413 0.01843 0.133 -0.1439 -0.107
275  2.931  0.001 0.01503 0.02091 0.01843    0    0 -0.01
210  2.934  0.001 0.0215 0.01992 0.01843 0.02106 -0.07968 -0.04121
204  2.936  0.001 0.01986 0.02057 0.01843 -0.006473 -0.05456 -0.1035
294  2.944  0.001 0.01601 0.01853 0.01843    0    0 -0.01
271  2.952  0.001 0.02079 0.02242 0.01843    0    0 -0.01
195  2.954  0.001 0.01721 0.01972 0.01744 0.01908 0.004151 0.01411
25  2.964  0.001 0.01918 0.02415 0.01828 -0.02064 -0.06675 -0.2269
193  2.967  0.001 0.01836 0.02136 0.01843    0    0 -0.01
186  2.981  0.001 0.01555 0.02204 0.01843    0    0 -0.01
290  2.988  0.001 0.01917 0.01547 0.01843    0    0 -0.01
32  2.992  0.001 0.0223 0.02159 0.01843 -0.0367 -0.01312 -0.09997
243  2.995  0.001 0.01622 0.01644 0.01843    0    0 -0.01
170  2.995  0.001 0.02216 0.01861 0.01843 0.01278 -0.08393 -0.176
280  3.002  0.001 0.01656 0.0179 0.01843    0    0 -0.0305
182  3.004  0.001 0.02269 0.01654 0.01843    0    0 -0.05184
116  3.006  0.001 0.01758 0.02394 0.01793 0.09538 -0.02801 -0.04954
278  3.007  0.001 0.02166 0.01799 0.01843 -0.05627 -0.07407 -0.1927
248  3.008  0.001 0.0198 0.02306 0.01843    0    0 -0.08548
295  3.008  0.001 0.01561 0.01873 0.01843    0    0 -0.08801
230  3.008  0.001 0.01511 0.01726 0.01843    0    0 -0.09135
154  3.009  0.001 0.01745 0.01879 0.01746 0.0009686 -0.08445 0.06347
14  3.024  0.001 0.01947 0.01396 0.01758 -0.01198 0.1868 -0.4989
56  3.025  0.001 0.01881 0.01969 0.01843 0.04444 -0.01972 -0.05183
101  3.028  0.001 0.02176 0.0186 0.01843 -0.08395 -0.08076 -0.03317
252  3.031  0.001 0.02287 0.02244 0.01788 -0.01998 -0.04327 0.005085
32  3.044  0.001 0.02148 0.02189 0.01843 -0.02909 0.05 -0.04089
222  3.071  0.001 0.02265 0.01754 0.01749 -0.004517 -0.4222 0.2475
15  3.071  0.001 0.02266 0.02117 0.01751 0.1397 -0.09337 0.4009
124  3.072  0.001 0.01751 0.01637 0.01843 -0.1438 -0.09284 -0.1604
294  3.092  0.001 0.01602 0.01719 0.01843 -0.01832 -0.1195 -0.07785
128  3.093  0.001 0.02261 0.0154 0.01745 -0.06877 0.08696 -0.2953
222  3.093  0.001 0.02128 0.01446 0.01835 -0.09962 0.06133 -0.1114
28  3.097  0.001 0.01745 0.02278 0.01843 0.01831 0.01147 -0.1095
252  3.097  0.001 0.01785 0.01788 0.01843 -0.134 -0.1009 -0.165
250  3.099  0.001 0.0152 0.01817 0.01843 -0.03915 -0.1063 -0.1102
151  3.105  0.001 0.0191 0.01783 0.01789 -0.6995 -1.072 3.142
46  3.132  0.001 0.01644 0.01962 0.01746 -0.03575 -0.1331 0.1864
69  3.134  0.001 0.023 0.01599 0.01843 -0.02711 0.04809 -0.3072
42  3.136  0.001 0.01599 0.02238 0.01744 -0.02295 -0.02856 0.02928
218  3.142  0.001 0.02352 0.02094 0.01767 -0.08797 -0.1354 0.1693
69  3.147  0.001 0.02276 0.01645 0.01843 0.08187 -0.02573 -0.09221
192  3.151  0.001 0.02162 0.02007 0.01843 0.1067 -0.04908 -0.05542
71  3.154  0.001 0.02023 0.02279 0.01843 0.02358 0.00183 -0.05657
15  3.162  0.001 0.02403 0.01795 0.01792 -0.1272 -0.02494 0.01723
29  3.162  0.001 0.01827 0.02037 0.01843 0.02679 -0.05063 -0.08255
163  3.163  0.001 0.01679 0.02019 0.01843 -0.0186 -0.03731 -0.113
153  3.169  0.001 0.02166 0.01657 0.01843 -0.03303 -0.1495 -0.1242
104  3.171  0.001 0.01876 0.01632 0.01843 0.02374 -0.08327 -0.1607
50  3.173  0.001 0.02025 0.01587 0.0178 0.01283 -0.1383 0.8468
200  3.175  0.001 0.01518 0.02042 0.01843 -0.04542 -0.02816 -0.2053
46  3.176  0.001 0.01559 0.01531 0.01783 0.03975 0.02994 -0.06919
254  3.181  0.001 0.01872 0.01641 0.01843 0.02196 -0.0873 -0.2107
160  3.181  0.001 0.02092 0.01965 0.01843 0.05908 -0.04278 -0.2216
106  3.182  0.001 0.02038 0.02312 0.01843 0.03258 0.01674 -0.2306
102  3.183  0.001 0.02041 0.01436 0.01746 -0.005362 -0.04446 0.05032
255  3.185  0.001 0.0237 0.0208 0.01761 0.08906 0.01271 0.5243
58  3.186  0.001 0.0236 0.02125 0.01748 0.02223 -0.1078 0.4453
180  3.188  0.001 0.02185 0.02267 0.01751 -0.07827 -0.08961 0.2403
135  3.189  0.001 0.02333 0.01899 0.01751 0.03549 -0.2154 0.2006
63  3.19  0.001 0.0238 0.01719 0.0177 -0.1482 -0.08101 0.1106
186  3.212  0.001 0.01453 0.02142 0.01744 0.01383 -0.02145 -0.007587
160  3.225  0.001 0.0239 0.01745 0.0177 -0.05393 0.02993 -0.1554
297  3.227  0.001 0.02115 0.01482 0.01843 0.01209 -0.1454 -0.134
235  3.231  0.001 0.01895 0.01818 0.01843 -0.05202 -0.08949 -0.169
180  3.239  0.001 0.01889 0.01932 0.01843 -0.05096 -0.05741 -0.2196
66  3.259  0.001 0.02196 0.01486 0.01769 0.04083 0.09801 -0.02875
260  3.282  0.001 0.02415 0.01888 0.01748 -0.08078 -0.03055 -0.06015
179  3.295  0.001 0.01467 0.01689 0.01744 0.004427 0.04296 0.04433
195  3.302  0.001 0.02394 0.02051 0.01749 -0.1462 -0.001467 -0.06441
32  3.325  0.001 0.01408 0.02018 0.01747 0.05947 -0.005031 -0.01664
26  3.33  0.001 0.01595 0.015 0.01736 0.1209 0.1299 -0.2608
82  3.333  0.001 0.02158 0.01462 0.01754 0.1254 0.2612 -0.1454
88  3.334  0.001 0.01915 0.02376 0.01843 -0.1327 -0.0312 -0.0319
59  3.342  0.001 0.01801 0.01964 0.01744 -0.07681 -0.0309 0.1212
29  3.362  0.001 0.0148 0.0211 0.01843 -0.07912 0.008469 -0.163
271  3.375  0.001 0.02244 0.02216 0.01746 0.07633 -0.05292 0.09895
112  3.39  0.001 0.01663 0.01455 0.01763 0.04605 0.0355 -0.1018
256  3.396  0.001 0.0194 0.02414 0.01782 0.07497 -0.05635 -0.1873
25  3.397  0.001 0.02158 0.0189 0.01843 0.01341 -0.1308 -0.09308
92  3.398  0.001 0.01662 0.01594 0.01843 -0.06385 -0.1008 -0.2681
255  3.417  0.001 0.02367 0.0181 0.01745 0.05095 -0.1774 0.1767
234  3.423  0.001 0.01669 0.02357 0.01839 0.04151 -0.05657 -0.05414
218  3.434  0.001 0.02408 0.01817 0.01762 -0.05738 -0.04339 -0.06523
195  3.458  0.001 0.01473 0.01798 0.01843 0.08838 0.02117 -0.225
35  3.467  0.001 0.02383 0.01977 0.01785 -6.477 0.9468 9.129
156  3.486  0.001 0.01529 0.02249 0.01813 0.03089 -0.03078 -0.02926
166  3.486  0.001 0.02054 0.01688 0.01843 0.01258 -0.1646 -0.1779
253  3.492  0.001 0.02266 0.02119 0.0175 -0.5273 0.4785  1.1
213  3.494  0.001 0.02085 0.01905 0.01744 -0.1434 -0.0286 0.2273
229  3.497  0.001 0.02033 0.0225 0.01743 0.00927 -0.05555 0.05535
177  3.505  0.001 0.01576 0.02083 0.01843 -0.1212 -0.01482 -0.223
88  3.512  0.001 0.0175 0.02022 0.01843 -0.1326 0.04289 -0.03018
213  3.536  0.001 0.0149 0.01786 0.01843 -0.1434 -0.0286 -0.1797
157  3.555  0.001 0.02102 0.02 0.01748 -0.05364 -0.03116 0.2465
136  3.57  0.001 0.01857 0.01803 0.01843 -0.1013 -0.04312 -0.1414
215  3.582  0.001 0.01551 0.02099 0.01843 -0.1004 -0.02775 -0.0853
103  3.584  0.001 0.01865 0.02053 0.01744 -0.01366 -0.001438 0.04967
224  3.59  0.001 0.01397 0.01862 0.01778 0.05569 -0.03946 0.1076
157  3.601  0.001 0.01855 0.01857 0.01843 -0.05364 -0.03116 -0.2049
282  3.609  0.001 0.02181 0.01832 0.01743 0.006996 0.02707 0.007609
255  3.62  0.001 0.02192 0.01575 0.01779 0.04502 0.2955 0.8765
260  3.622  0.001 0.0209 0.01478 0.0175 0.04146 -0.1129 0.394
288  3.63  0.001 0.02176 0.01724 0.01755 0.01817 0.1166 0.1893
282  3.66  0.001 0.01993 0.02408 0.01813 -0.05819 -0.04988 -0.01839
288  3.663  0.001 0.02237 0.02111 0.01843 0.01817 0.1166 -0.1358
90  3.684  0.001 0.02248 0.02148 0.01843 0.01707 0.06701 -0.2842
98  3.692  0.001 0.0182 0.02124 0.01747 -0.3407 0.01125 0.207
199  3.711  0.001 0.01979 0.02381 0.01843 -0.04992 0.09804 -0.03359
288  3.711  0.001 0.02258 0.02217 0.01843 0.05022 0.04753 -0.06279
153  3.727  0.001 0.02005 0.01581 0.01843 -0.02169 -0.09894 -0.1323
224  3.737  0.001 0.01942 0.02414 0.01801 -0.02817 -0.07642 -0.04034
88  3.742  0.001 0.01522 0.0215 0.01843 0.1007 -0.06238 -0.05599
234  3.743  0.001 0.01405 0.02008 0.01782 0.04564 -0.1043 -0.03345
98  3.752  0.001 0.01684 0.01945 0.01843 0.0944 -0.07218 -0.03725
88  3.768  0.001 0.01571 0.02132 0.01843 -0.02902 -0.007319 -0.04217
8  3.783  0.001 0.02097 0.02224 0.01755 0.02484 -0.0224 0.2292
56  3.785  0.001 0.01614 0.01966 0.01747 -0.06628 -0.07931 0.06541
122  3.787  0.001 0.02004 0.02223 0.01751 -0.1095 -0.02941 0.2072
72  3.796  0.001 0.01988 0.02287 0.01745 0.1601 -0.03271 0.05145
61   3.8  0.001 0.02231 0.02227 0.01843 -0.01012 -0.03755 -0.05341
191  3.801  0.001 0.0161 0.0195 0.01843 -0.05834 -0.05717 -0.03614
111  3.805  0.001 0.01842 0.01866 0.01843 -0.04691 -0.08084 -0.06578
250  3.807  0.001 0.01624 0.01817 0.01843 -0.02629 -0.05247 -0.1208
122  3.811  0.001 0.01799 0.02116 0.01843 -0.08566 -0.04577 -0.07867
103  3.813  0.001 0.0163 0.01837 0.01843 -0.07528 -0.08806 -0.1168
184  3.819  0.001 0.01576 0.02019 0.01843 -0.08244 -0.04531 -0.1704
282  3.825  0.001 0.01655 0.01913 0.01843 -0.072 -0.07647 -0.1831
199  3.825  0.001 0.02093 0.02242 0.01843 0.02799 -0.01277 -0.2119
8  3.825  0.001 0.02203 0.02129 0.01843 0.02484 -0.0224 -0.1874
86  3.842  0.001 0.01996 0.01674 0.01843 -0.0006619 -0.07881 -0.2838
59  3.853  0.001 0.01789 0.02054 0.01843 0.009292 0.01064 -0.3829
48  3.861  0.001 0.01601 0.02218 0.01843 -0.03598 -0.09381 -0.0777
58  3.889  0.001 0.02374 0.01885 0.01744 0.02855 -0.161 0.03185
116  3.891  0.001 0.01508 0.0213 0.01771 0.06212 -0.3055 0.4666
203  3.932  0.001 0.01534 0.02104 0.01748 -0.1043 -0.06022 0.1016
141  3.954  0.001 0.01491 0.02107 0.01749 0.02652 -0.05585 0.2841
15  3.976  0.001 0.02349 0.01654 0.01749 -0.0355 0.03626 -0.105
256  3.979  0.001 0.02156 0.02225 0.01744 -0.03625 -0.034 0.03883
170  4.009  0.001 0.02402 0.01792 0.01767 -0.04618 -0.01431 -0.07742
291  4.031  0.001 0.02317 0.0195 0.01744 0.03005 -0.05776 0.06867
87  4.042  0.001 0.02229 0.01892 0.01746 0.04256 -0.2219 0.2418
234  4.043  0.001 0.02409 0.01983 0.01768 -0.02196 -0.09545 -0.02338
225  4.05  0.001 0.01573 0.01563 0.01747 -0.127 0.0732 0.102
296  4.054  0.001 0.01787 0.02325 0.01751 -0.5409 0.08105 0.4498
172  4.055  0.001 0.02071 0.02092 0.01745 -0.05402 -0.04614 0.1179
190  4.055  0.001 0.01748 0.01935 0.01752 -0.01572 -0.09124 0.2526
61  4.066  0.001 0.02208 0.02038 0.01843 -0.01842 -0.02133 -0.1057
27  4.067  0.001 0.02263 0.02164 0.01751 -0.4737 -0.207 1.226
75  4.068  0.001 0.02068 0.02094 0.0177 -1.324 -1.082 1.244
165  4.069  0.001 0.01963 0.02355 0.01747 -0.3648 0.04198 0.4397
199  4.095  0.001 0.02099 0.02184 0.01843 0.07243 -0.01529 -0.1654
184  4.096  0.001 0.01823 0.01541 0.01843 0.06456 0.0249 -0.1531
60  4.102  0.001 0.01978 0.0153 0.0175 0.2507 0.02361 0.2949
59  4.105  0.001 0.01645 0.02153 0.01774 0.1567 -0.4586 1.024
157  4.106  0.001 0.01854 0.01397 0.0182 0.02111 0.07006 -0.1194
172  4.106  0.001 0.01587 0.01666 0.01843 0.1187 0.01946 -0.1894
129  4.107  0.001 0.01612 0.02256 0.01745 -0.0132 -0.1639 0.2166
163  4.122  0.001 0.01396 0.01941 0.01771 0.06441 -0.02143 -0.1872
72  4.125  0.001 0.01797 0.01406 0.01745 -0.07779 0.1146 -0.1169
147  4.143  0.001 0.01645 0.02183 0.01761 -0.06646 0.4908 0.7398
104  4.144  0.001 0.01792 0.02137 0.0175 0.01324 -0.1057 0.197
129  4.146  0.001 0.0156 0.01616 0.01843 -0.0132 -0.1639 -0.1662
61  4.147  0.001 0.02383 0.01801 0.01843 0.02254 -0.02943 -0.3862
291  4.15  0.001 0.01847 0.01644 0.01843 0.005429 -0.005087 -0.06751
240  4.161  0.001 0.01943 0.02231 0.01758 0.07072 -0.07288 0.2876
276  4.161  0.001 0.01712 0.02374 0.01746 0.09881 0.1162 0.2417
14  4.162  0.001 0.01955 0.02022 0.01747 0.09729 -0.01274 0.09578
106  4.163  0.001 0.01856 0.02307 0.01748 0.01216 -0.007673 0.1492
292  4.165  0.001 0.01879 0.01654 0.01843 -0.02143 0.08872 -0.4279
83  4.166  0.001 0.018 0.02074 0.0175 0.05395 -0.2463 0.1692
198  4.167  0.001 0.0175 0.02223 0.01744 -0.01646 -0.1477 0.1363
235  4.174  0.001 0.02345 0.01653 0.01743 -0.0447 0.01746 0.05601
94  4.179  0.001 0.01628 0.01477 0.01779 0.04257 0.03392 -0.03286
106  4.185  0.001 0.01882 0.02291 0.01843 0.01216 -0.007673 -0.05903
104  4.192  0.001 0.01896 0.01397 0.01843 0.03334 -0.222 -0.1341
278  4.208  0.001 0.01911 0.0239 0.01753 0.1079 -0.009948 0.656
209  4.216  0.001 0.02406 0.02005 0.01756 -0.06484 -0.03413 0.04714
240  4.217  0.001 0.02336 0.01827 0.01843 0.07072 -0.07288 -0.2567
73  4.221  0.001 0.01944 0.02401 0.01843 0.101 -0.06765 -0.008095
92  4.226  0.001 0.01737 0.01568 0.01843 -0.005282 0.06483 -0.4168
8  4.232  0.001 0.02372 0.02098 0.01772 -0.2377 -0.606 0.7911
166  4.234  0.001 0.01523 0.01713 0.01744 0.1165 0.001579 0.1494
227  4.239  0.001 0.01396 0.01931 0.01751 0.2834 -0.08272 -0.09039
146  4.249  0.001 0.01743 0.02309 0.01843 -0.03886 -0.0213 -0.1273
218  4.251  0.001 0.01869 0.02309 0.01747 -0.07809 0.1082 0.1328
166  4.255  0.001 0.01764 0.01716 0.01843 0.1165 0.001579 -0.05397
148  4.256  0.001 0.01745 0.01881 0.01746 0.1179 -0.07757 0.08032
106  4.267  0.001 0.01762 0.01431 0.01843 0.02104 0.06771 -0.1649
280  4.269  0.001 0.02083 0.01469 0.01843 -0.01981 0.0773 -0.1463
124  4.274  0.001 0.01932 0.02278 0.01752 0.009455 -0.03425 0.3019
228  4.299  0.001 0.02215 0.01987 0.01745 -0.03381 -0.1049 0.1674
31   4.3  0.001 0.01941 0.01899 0.01745 -0.1732 -0.07142 0.1136
185  4.31  0.001 0.01717 0.0238 0.01804 0.2162 -0.1715 -0.3477
260  4.31  0.001 0.01728 0.02159 0.01743 -0.04738 -0.0356 0.1333
210  4.317  0.001 0.02002 0.02213 0.01746 0.1173 -0.06698 0.2439
147  4.325  0.001 0.01954 0.02413 0.01827 0.1087 -0.06876 -0.03703
228  4.325  0.001 0.02125 0.01708 0.01843 -0.03381 -0.1049 -0.09373
124  4.333  0.001 0.01987 0.02078 0.01843 0.009455 -0.03425 -0.2705
250  4.335  0.001 0.02105 0.02213 0.01752 0.06461 -0.2638 0.3471
260  4.342  0.001 0.01553 0.01953 0.01843 -0.05717 -0.07051 -0.1134
278  4.368  0.001 0.02403 0.02017 0.01747 -0.1498 -0.0909 -0.2175
48  4.377  0.001 0.01654 0.02141 0.01747 -0.04178 -0.06168 0.2308
208  4.391  0.001 0.02138 0.02335 0.01743 0.1429 0.06609 0.02442
60  4.396  0.001 0.02348 0.0197 0.01748 -0.1219 -0.8874 3.295
169  4.398  0.001 0.01898 0.02003 0.01843 0.06214 -0.01402 -0.05415
196   4.4  0.001 0.02028 0.01533 0.01745 -0.4646 -0.1113 0.5703
48  4.419  0.001 0.01476 0.01879 0.01843 -0.04178 -0.06168 -0.1855
214  4.446  0.001 0.01435 0.01777 0.01748 0.2119 -0.03864 0.109
181  4.454  0.001 0.01929 0.02091 0.01762 0.09709 -0.03168 0.2761
175  4.465  0.001 0.0218 0.02153 0.01745 0.1531 -0.07404 0.05899
291  4.479  0.001 0.01599 0.02301 0.01843 -0.07296 0.08082 -0.09901
169  4.49  0.001 0.01791 0.02008 0.01843 0.1422 -0.04701 -0.08599
210  4.494  0.001 0.02397 0.01893 0.01749 -0.7311 -0.8244 1.214
191  4.496  0.001 0.01894 0.02143 0.01755 -0.4805 -0.01292 0.5219
95  4.513  0.001 0.02212 0.02101 0.01768 0.07896 -0.4226 1.354
126  4.517  0.001 0.01976 0.02101 0.01746 -0.06754 0.0782 0.1267
276  4.522  0.001 0.01831 0.02282 0.01744 0.01389 -0.002261 0.04401
147  4.525  0.001 0.01415 0.01853 0.01749 0.01665 0.1428 0.2247
26  4.54  0.001 0.01403 0.01994 0.01813 0.04276 -0.03448 0.04865
86  4.552  0.001 0.01922 0.02058 0.01746 -0.1146 -0.005583 0.06905
235  4.554  0.001 0.01976 0.01485 0.01843 -0.08899 0.008366 -0.1586
174  4.558  0.001 0.01853 0.02139 0.01843 -0.007155 0.00503 -0.1877
243  4.568  0.001 0.01567 0.01573 0.01843 0.0193 0.08275 -0.2688
109  4.651  0.001 0.02379 0.01715 0.01766 -0.03893 -0.0565 -0.08243
294  4.657  0.001 0.01728 0.02239 0.01843 0.02165 -0.01613 -0.1366
218  4.675  0.001 0.02247 0.02154 0.01748 -0.1028 -0.1172 0.1137
42  4.676  0.001 0.02034 0.02122 0.01748 0.09022 -0.01868 0.1567
83  4.676  0.001 0.01755 0.01425 0.01843 0.04074 0.163 -0.5065
109  4.676  0.001 0.02036 0.01584 0.01843 -0.1625 -0.04941 -0.04829
23  4.678  0.001 0.01934 0.02142 0.01754 0.1006 -0.1237 0.322
16  4.68  0.001 0.02089 0.01969 0.01843 -0.003574 0.108 -0.05783
73  4.682  0.001 0.01895 0.02294 0.01748 -0.06964 0.01009 0.1114
234  4.686  0.001 0.01576 0.01578 0.01744 -0.1979 0.1308 0.5497
86  4.695  0.001 0.02041 0.0221 0.01843 0.01575 -0.006128 -0.048
221  4.698  0.001 0.02244 0.02215 0.01748 -0.03721 0.1102 0.06706
42  4.699  0.001 0.02242 0.02107 0.01843 0.08742 0.0004224 -0.075
294   4.7  0.001 0.01689 0.02312 0.01843 -0.05815 0.03084 -0.05781
169  4.704  0.001 0.02069 0.01496 0.01843 0.09637 -0.1457 -0.1265
218  4.709  0.001 0.02065 0.01739 0.01843 -0.05257 -0.1228 -0.136
61  4.751  0.001 0.02253 0.01659 0.01843 0.06307 -0.1453 -0.06377
291  4.76  0.001 0.02102 0.0147 0.01843 -0.05767 0.1325 -0.3884
90  4.794  0.001 0.02087 0.02161 0.01745 -0.04494 -0.03674 0.1189
234  4.83  0.001 0.0142 0.02062 0.01778 -0.004852 -0.1846 0.0639
6  4.862  0.001 0.02196 0.01993 0.01744 -0.0539 0.000833 0.02202
165  4.866  0.001 0.01484 0.02172 0.01745 0.03425 -0.04894 0.2452
176  4.895  0.001 0.01621 0.01981 0.01752 -0.1028 -0.2277 0.1679
75  4.903  0.001 0.01511 0.01909 0.01751 -0.0203 -0.572 0.6163
278  4.904  0.001 0.0224 0.02246 0.01746 -0.06706 0.02252 0.07849
28  4.907  0.001 0.01447 0.0198 0.01749 0.04196 -0.2673 0.183
89  4.907  0.001 0.01537 0.02092 0.01753 -0.06914 -0.1756 0.3095
69  4.915  0.001 0.02255 0.0215 0.01744 0.01658 0.02488 0.01669
296  4.924  0.001 0.01693 0.02252 0.01752 0.02907 -0.03828 0.09482
31  4.93  0.001 0.01889 0.02206 0.01843 0.117 0.0883 -0.0822
165  4.933  0.001 0.01754 0.01646 0.01843 0.05976 -0.1303 -0.1054
198  4.942  0.001 0.02239 0.01796 0.01843 0.1382 -0.07 -0.1546
87  4.952  0.001 0.02198 0.02258 0.01743 0.07485 0.02831 0.005297
170  4.96  0.001 0.02133 0.01787 0.01766 -0.03261 -0.3172 0.2636
199  4.964  0.001 0.02264 0.02047 0.01744 0.05115 0.0005248 0.09785
293  4.987  0.001 0.02386 0.01933 0.01745 0.005082 -0.141 0.1509
170  5.005  0.001 0.02042 0.0143 0.01843 -0.01268 0.07037 -0.2191
208  5.06  0.001 0.02273 0.02144 0.01746 0.002321 0.07305 0.1296
268  5.133  0.001 0.01583 0.02155 0.01777 -0.03883 0.8496 1.865
236  5.149  0.001 0.01719 0.01582 0.01793 -0.5356 1.696 8.881
75  5.153  0.001 0.01601 0.01816 0.01744 -0.2219 0.28 0.2751
176  5.153  0.001 0.01986 0.01842 0.01744 -0.09679 0.2395 0.1166
116  5.224  0.001 0.01888 0.02047 0.01749 -0.003194 -0.07521 0.1734
256  5.225  0.001 0.01788 0.02006 0.01748 -0.04402 -0.09134 0.05094
174  5.23  0.001 0.02408 0.01936 0.01773 -0.1442 -0.136 0.34
231  5.233  0.001 0.01729 0.02113 0.01749 -0.09806 -0.8135 0.9775
172  5.233  0.001 0.01959 0.01686 0.01746 -0.04946 -0.4547 0.4208
92  5.234  0.001 0.01773 0.02342 0.01752 0.2335 -0.111 0.4043
8  5.234  0.001 0.01847 0.0173 0.01745 0.1002 -0.7015 0.4286
25  5.235  0.001 0.01986 0.01715 0.01749 0.2235 -0.6036 0.3488
62  5.235  0.001 0.01894 0.01846 0.01747 0.2909 -0.424 0.2195
209  5.235  0.001 0.01827 0.01977 0.01752 0.105 -0.2974 0.3922
191  5.243  0.001 0.01781 0.02071 0.01745 0.08858 -0.07828 0.1227
178  5.247  0.001 0.01824 0.01503 0.01745 -0.01779 -0.08801 0.08212
292  5.258  0.001 0.01571 0.01866 0.01843 0.06089 0.0983 -0.1466
280  5.259  0.001 0.01645 0.0203 0.01843 -0.07902 -0.091 -0.06673
62  5.274  0.001 0.01968 0.01399 0.01751 -0.07925 0.03085 -0.2014
260  5.286  0.001 0.02198 0.01639 0.01843 -0.05676 0.0622 -0.2257
294  5.309  0.001 0.02319 0.02204 0.01772 -0.04546 -0.088 -0.1658
221  5.322  0.001 0.0229 0.02063 0.01746 -0.05016 -0.06349 0.02772
244  5.325  0.001 0.0168 0.01447 0.01779 -0.06816 0.07636 -0.2308
148  5.343  0.001 0.01678 0.0197 0.01744 -0.0703 -0.09296 0.09802
267  5.36  0.001 0.02005 0.02172 0.01843 0.03961 -0.02121 -0.2035
124  5.37  0.001 0.02303 0.02024 0.01745 -0.06735 -0.09428 0.1911
276  5.371  0.001 0.02397 0.01769 0.01763 -0.05155 0.01331 0.1462
127  5.381  0.001 0.02104 0.01435 0.01744 -0.08235 0.1627 -0.3964
294  5.382  0.001 0.01442 0.0199 0.01843 0.06914 -0.04454 -0.2049
116  5.386  0.001 0.02298 0.01579 0.0175 -0.1385 0.154 -0.4287
214  5.386  0.001 0.02283 0.01726 0.01744 -0.03768 -0.04228 0.02866
276  5.393  0.001 0.02281 0.01799 0.01843 -0.05155 0.01331 -0.07483
191  5.394  0.001 0.01843 0.01896 0.01843 0.03428 0.08724 -0.2637
124  5.402  0.001 0.02082 0.01714 0.01843 -0.06735 -0.09428 -0.1312
267  5.423  0.001 0.01892 0.01859 0.01843 -0.04779 -0.1141 -0.1016
274  5.436  0.001 0.02355 0.01863 0.01777 -3.222 -4.589 5.582
245  5.441  0.001 0.02334 0.01682 0.01744 0.003306 -0.1414 0.1469
221  5.461  0.001 0.01421 0.01744 0.01745 0.1864 0.1387 -0.4636
228  5.477  0.001 0.02283 0.02136 0.01743 -0.02143 -0.04819 0.0143
258  5.484  0.001 0.01816 0.0238 0.01748 -0.06713 0.0177 0.2191
92  5.49  0.001 0.02341 0.01985 0.01745 0.1192 -0.1429 0.6011
109   5.5  0.001 0.01864 0.02082 0.01744 -0.1255 0.1284 0.08808
251  5.506  0.001 0.02054 0.02327 0.01747 0.2459 0.1177 0.3033
195  5.509  0.001 0.01892 0.02248 0.01748 0.08151 -0.006173 0.2591
133  5.542  0.001 0.01913 0.01458 0.01843 -0.05857 -0.09479 -0.2259
195  5.558  0.001 0.02273 0.02207 0.01843 -0.06373 -0.08242 -0.1698
128  5.582  0.001 0.02184 0.01478 0.01727 -0.104 0.1355 -0.4162
199  5.59  0.001 0.01473 0.02176 0.01754 0.05944 -0.002368 0.09556
112  5.621  0.001 0.02116 0.01781 0.01843 0.0252 -0.02262 -0.2698
36  5.625  0.001 0.01642 0.01766 0.01843 0.03445 0.1202 -0.3559
172  5.626  0.001 0.02042 0.0211 0.01746 -0.01321 0.1291 0.154
101  5.626  0.001 0.01928 0.01402 0.01843 -0.01437 -0.01862 -0.08797
58  5.641  0.001 0.01512 0.02163 0.01758 -0.07282 0.09404 0.1973
147  5.644  0.001 0.02029 0.02267 0.01778 0.3239 0.03281 0.627
73  5.665  0.001 0.01981 0.01593 0.01789 -0.02301 0.1827 0.6156
245  5.668  0.001 0.02051 0.01594 0.01749 -0.158 0.1077 0.2307
171  5.676  0.001 0.02212 0.01613 0.01747 0.05699 -0.01653 0.06656
103  5.69  0.001 0.02172 0.02049 0.01745 0.04294 -0.3817 0.8066
293  5.691  0.001 0.02332 0.01947 0.01755 0.213 -0.478 0.4883
208  5.708  0.001 0.02377 0.021 0.01744 -0.044 0.009558 -0.09077
100  5.716  0.001 0.02267 0.02235 0.01768 1.027 0.7962 1.806
218  5.719  0.001 0.02223 0.02008 0.01754 0.2604 -0.5223 0.583
158  5.722  0.001 0.01947 0.021 0.01747 -0.1965 -0.1187 0.2216
245  5.723  0.001 0.01421 0.02066 0.01755 0.07389 -0.009296 -0.09393
168  5.764  0.001 0.01601 0.01495 0.01751 0.09013 0.1005 -0.2235
158  5.776  0.001 0.01432 0.01713 0.018 0.0628 0.002352 -0.1723
251  5.785  0.001 0.01898 0.02317 0.01746 -0.1335 0.1738 0.5395
147  5.791  0.001 0.02175 0.02006 0.01843 -0.08041 0.02051 -0.1702
42  5.793  0.001 0.01736 0.01835 0.01843 -0.02921 -0.03773 -0.4864
257  5.818  0.001 0.01664 0.02328 0.01843 -0.0359 0.005001 -0.6086
73  5.828  0.001 0.01737 0.02387 0.01763 -0.05432 -0.1248 0.0467
195  5.837  0.001 0.02352 0.01775 0.01744 0.02911 0.1005 0.05132
257  5.854  0.001 0.018 0.01626 0.01843 0.01466 -0.1579 -0.08447
104  5.854  0.001 0.01961 0.01398 0.01761 -0.03056 0.09619 -0.09017
177  5.885  0.001 0.02235 0.01536 0.01749 0.02601 0.01383 0.3283
165  5.889  0.001 0.01728 0.02349 0.01744 -0.006512 -0.02541 0.01534
148  5.892  0.001 0.01469 0.0166 0.01843 0.007645 -0.1233 -0.1336
92  5.91  0.001 0.02385 0.02068 0.01746 -0.0349 -0.03993 0.06433
109  5.926  0.001 0.01543 0.02197 0.01843 -0.03701 -0.01012 -0.08288
293  5.952  0.001 0.01965 0.01477 0.01762 0.1476 0.1257 0.9744
285  5.958  0.001 0.0232 0.02177 0.01748 0.05688 -0.1252 0.1524
285  5.984  0.001 0.02416 0.019 0.01815 -0.03862 -0.04721 -0.0943
258  5.997  0.001 0.01758 0.02387 0.01752 0.1155 0.0295 0.2543
172  5.998  0.001 0.02013 0.02383 0.01753 0.1328 -0.02789 0.2404
156  5.998  0.001 0.01566 0.02238 0.01758 0.02122 -0.1251 0.4502
163  5.999  0.001 0.01639 0.02046 0.01758 0.1309 -0.35 0.5035
58  6.004  0.001 0.01598 0.02052 0.01758 0.06736 -0.2083 0.1883
287  6.013  0.001 0.0166 0.02182 0.0175 -0.01971 -0.02912 0.0984
75  6.019  0.001 0.02036 0.02359 0.01745 0.1101 0.03243 0.07309
214  6.029  0.001 0.02206 0.01496 0.01843 0.2036 -0.2565 -0.01506
173  6.031  0.001 0.01732 0.02339 0.01746 -0.1182 -0.01432 0.02498
25  6.055  0.001 0.02219 0.02056 0.01747 -0.1233 -0.08013 0.03702
73  6.07  0.001 0.01741 0.02301 0.01843 -0.1427 0.001337 -0.0306
89  6.094  0.001 0.0195 0.02254 0.01765 -0.1753 -0.1254 0.2976
156   6.1  0.001 0.01818 0.01403 0.01843 0.04097 0.1061 -0.2432
260  6.105  0.001 0.01812 0.02319 0.01748 -0.1985 -0.02964 0.3094
39  6.109  0.001 0.02086 0.0206 0.01745 0.04005 -0.1353 0.0489
67  6.112  0.001 0.01559 0.02115 0.01744 -0.1143 -0.07941 0.05383
285  6.116  0.001 0.01578 0.01541 0.01843 0.06185 0.04755 -0.2371
66  6.139  0.001 0.0204 0.01705 0.01743 0.1191 0.1102 0.01904
13  6.14  0.001 0.0241 0.01831 0.01745 -0.05434 -0.01599 -0.1673
196  6.168  0.001 0.01743 0.02124 0.01745 0.02676 0.02543 0.165
256  6.169  0.001 0.01668 0.01726 0.0175 -0.03168 2.125 2.588
215  6.169  0.001 0.01743 0.01582 0.01761 0.1134 0.8517 3.458
172  6.177  0.001 0.023 0.01939 0.01746 0.09371 -0.1954 0.3365
8  6.177  0.001 0.01853 0.01954 0.01744 0.01315 0.2143 0.1411
199  6.179  0.001 0.01618 0.01595 0.01843 -0.02447 -0.08081 -0.3619
90  6.181  0.001 0.01954 0.0237 0.01744 0.003644 -0.00517 0.09988
196  6.196  0.001 0.0179 0.02257 0.01843 -0.002668 0.08816 -0.08845
8  6.212  0.001 0.01917 0.02175 0.01843 0.02402 0.03169 -0.1363
76  6.248  0.001 0.02178 0.02255 0.01763 -0.3071 0.01248 0.6944
281  6.254  0.001 0.02257 0.0208 0.0175 -0.01408 -0.06179 0.1113
117  6.259  0.001 0.02011 0.0239 0.01745 -0.1834 0.1051 0.8445
124  6.259  0.001 0.01815 0.02071 0.0177 -0.6285 -0.3534 0.856
271  6.26  0.001 0.02199 0.02232 0.01759 0.1877 -0.4214 0.6848
6  6.263  0.001 0.02237 0.02169 0.01756 0.04277 -0.006917 0.2934
221  6.273  0.001 0.01522 0.01794 0.01744 -0.2328 -0.1724 0.03879
8  6.292  0.001 0.02087 0.02188 0.01843 0.004436 -0.01815 -0.1086
198  6.294  0.001 0.02338 0.02081 0.01746 -0.1442 0.1045 0.08466
72  6.299  0.001 0.01575 0.02272 0.01843 -0.08096 -0.01805 -0.08321
194  6.342  0.001 0.01439 0.01739 0.01843 0.1486 -0.05197 -0.2999
36  6.417  0.001 0.01809 0.02244 0.01749 0.396 -0.1082 0.3956
177  6.428  0.001 0.01889 0.02209 0.01756 -1.259 0.6884 1.808
111  6.444  0.001 0.02366 0.02059 0.01744 0.01181 -0.1018 0.05392
294  6.466  0.001 0.01962 0.01409 0.01746 -0.1114 -0.08567 0.1477
29  6.493  0.001 0.01782 0.02154 0.01759 0.3568 -0.4851 0.8008
124  6.511  0.001 0.01868 0.01946 0.01743 -0.01275 -0.3056 0.164
82  6.512  0.001 0.02028 0.02105 0.01755 0.3811 -0.0322 0.2982
13  6.515  0.001 0.02017 0.01521 0.0176 0.03057 0.03141 0.3074
124  6.546  0.001 0.01885 0.01395 0.01835 0.03189 0.07199 -0.09274
13  6.574  0.001 0.022 0.01709 0.01843 0.03057 0.03141 -0.2796
203  6.581  0.001 0.02048 0.02267 0.01744 -0.04879 -0.05904 0.06159
172  6.601  0.001 0.0203 0.0177 0.01759 -5.53 -5.971 3.78
299  6.625  0.001 0.01901 0.01976 0.01745 0.2373 0.2691 1.517
171  6.647  0.001 0.01519 0.02088 0.0175 0.2831 -0.1219 0.3992
258  6.648  0.001 0.01724 0.02086 0.01743 0.2279 -0.06048 0.04302
29  6.651  0.001 0.02214 0.01499 0.01749 -0.1369 0.1471 -0.4596
89  6.656  0.001 0.01402 0.01993 0.01823 0.06085 -0.0599 0.09757
89  6.674  0.001 0.01509 0.01887 0.01843 0.06085 -0.0599 -0.07452
202  6.687  0.001 0.01573 0.01518 0.01731 0.1558 0.17 -0.3345
231  6.706  0.001 0.01432 0.02098 0.0182 0.1007 -0.03129 -0.2418
257  6.718  0.001 0.01965 0.01736 0.01751 -0.1248 0.1334 0.2978
136  6.728  0.001 0.02161 0.01464 0.01813 -0.0827 0.01933 -0.0805
158  6.77  0.001 0.02097 0.02204 0.01758 0.05419 -0.03072 0.1342
158  6.788  0.001 0.02192 0.0215 0.01843 0.05419 -0.03072 -0.03651
257  6.791  0.001 0.01521 0.02241 0.01778 0.04883 -0.04086 -0.2443
271  6.808  0.001 0.02113 0.02213 0.01745 -0.06069 0.03057 0.04343
285  6.815  0.001 0.02079 0.02111 0.01843 -0.02249 -0.0446 -0.02137
149  6.889  0.001 0.02152 0.02069 0.01756 -0.05684 -0.06903 0.3903
193  6.89  0.001 0.01639 0.02145 0.01746 -0.3454 -0.2483 0.3581
9  6.892  0.001 0.0206 0.02324 0.01755 -0.01027 -0.03814 0.3562
36  6.897  0.001 0.02078 0.02001 0.01748 0.001033 -0.003415 0.07022
170  6.911  0.001 0.01887 0.01958 0.01843 -0.06419 -0.01643 -0.07262
243  6.913  0.001 0.02088 0.02196 0.01746 0.2096 -0.1103 0.1919
98  6.92  0.001 0.01952 0.02314 0.0175 -0.2768 0.1033 0.5545
61  6.958  0.001 0.02361 0.02011 0.01745 -0.1045 0.02278 0.05203
243  6.96  0.001 0.02415 0.01886 0.01775 -0.05384 -0.117 0.02166
9  6.962  0.001 0.01988 0.02057 0.01843 -0.01027 -0.03814 -0.3311
149  6.966  0.001 0.01713 0.01536 0.01843 -0.05684 -0.06903 -0.3678
73  6.971  0.001 0.02053 0.02334 0.01755 0.1231 -0.06604 0.2438
9  6.997  0.001 0.01972 0.0227 0.01843 -0.004037 0.06706 -0.1377
73  7.041  0.001 0.02397 0.02041 0.01749 -0.05703 0.02268 0.005201
119  7.045  0.001 0.02294 0.01982 0.01843 0.03992 -0.08019 -0.0582
61  7.066  0.001 0.02093 0.01979 0.01843 -0.01937 -0.04289 -0.1529
97  7.113  0.001 0.02302 0.01967 0.01748 -0.1925 -0.2251 0.1498
97  7.135  0.001 0.01887 0.01482 0.01843 -0.1925 -0.2251 -0.06151
9  7.192  0.001 0.02408 0.01988 0.01768 -0.04419 -0.2112 0.0436
3  7.246  0.001 0.01985 0.01483 0.01771 -0.07069 0.03883 0.4769
141  7.311  0.001 0.01924 0.02318 0.01746 -1.407 0.197 0.8626
282  7.324  0.001 0.02285 0.02211 0.0179 -0.9438 0.02319 3.201
75  7.445  0.001 0.01879 0.02216 0.01748 0.1511 0.01201 0.4445
101  7.452  0.001 0.01887 0.01903 0.01745 -0.02177 -0.1077 0.1656
101  7.478  0.001 0.01831 0.01622 0.01843 -0.02177 -0.1077 -0.0907
3   7.5  0.001 0.01606 0.02141 0.0178 0.2051 -0.08214 0.2532
61  7.511  0.001 0.02414 0.01879 0.01748 -0.2039 0.03037 0.08555
124  7.532  0.001 0.02148 0.01671 0.01747 0.09365 0.1047 0.2207
234  7.554  0.001 0.02361 0.01966 0.01843 0.09748 0.04844 -0.1947
124  7.569  0.001 0.02398 0.01855 0.01843 0.01592 0.0276 -0.1448
211  7.573  0.001 0.01422 0.02028 0.01766 -0.1376 -0.2497 0.1991
98  7.579  0.001 0.01585 0.02041 0.01752 -0.05333 -0.1767 0.1027
153  7.582  0.001 0.01775 0.02004 0.01843 0.05049 0.083 -0.3545
148  7.627  0.001 0.01915 0.0237 0.01843 -0.003479 0.006294 -0.1119
213  7.68  0.001 0.02377 0.01942 0.01843 -0.0393 -0.004318 -0.09767
120  7.735  0.001 0.0211 0.02088 0.01843 0.08786 -0.04605 -0.1787
83  7.756  0.001 0.01842 0.02306 0.01783 0.01847 -0.07513 0.5267
29  7.764  0.001 0.01413 0.01847 0.01843 0.09858 0.0178 -0.2588
124  7.777  0.001 0.02023 0.01804 0.01843 -0.0832 -0.06675 -0.167
109  7.818  0.001 0.02198 0.02092 0.01762 0.04638 -0.1197 0.1897
62  7.824  0.001 0.02263 0.01546 0.01766 0.0868 0.01937 0.2461
13  7.828  0.001 0.02051 0.01908 0.01843 -0.009809 -0.06755 -0.2166
213  7.84  0.001 0.01554 0.02276 0.01793 0.07124 -0.04788 -0.3223
109  7.852  0.001 0.02355 0.01688 0.01843 0.04638 -0.1197 -0.1413
83  7.862  0.001 0.02038 0.01508 0.01843 0.01847 -0.07513 -0.5152
294  7.893  0.001 0.0199 0.02221 0.01746 -0.08121 0.01697 0.08324
174  7.936  0.001 0.01853 0.02187 0.01763 -0.02262 -0.3577 0.6902
82  7.99  0.001 0.01777 0.02157 0.01745 -0.177 -0.1672 0.2031
62  8.012  0.001 0.02291 0.01856 0.01744 -0.02936 -0.107 0.01541
136  8.018  0.001 0.02412 0.01963 0.01786 -0.005645 -0.02805 -0.02202
82  8.039  0.001 0.01441 0.01693 0.01745 0.06249 -0.006552 -0.1952
66  8.159  0.001 0.01548 0.02002 0.01758 -0.2112 -0.3366 0.4251
136  8.192  0.001 0.01509 0.01601 0.01843 -0.2315 -0.1364 -0.1368
119  8.199  0.001 0.01761 0.01983 0.01749 0.01993 -0.233 0.2189
119  8.253  0.001 0.01879 0.01396 0.0176 0.02436 0.05807 -0.1983
190  8.302  0.001 0.02228 0.02267 0.01778 -0.08724 0.2185 0.8433
43  8.437  0.001 0.02274 0.01866 0.01843 0.1156 -0.08982 -0.1626
1  8.535  0.001 0.01441 0.01756 0.01843 0.07631 -0.01274 -0.1181
227  8.578  0.001 0.01863 0.02371 0.01843 0.08805 -0.02772 -0.2811
58  8.658  0.001 0.01707 0.01558 0.01758 -2.016 0.8209 2.413
134  8.662  0.001 0.01998 0.01768 0.01744 0.02394 0.2124 0.4826
138  8.665  0.001 0.02007 0.01757 0.01745 0.007224 0.2153 0.2665
76  8.669  0.001 0.01931 0.01753 0.01745 -0.2071 0.1876 0.222
13  8.675  0.001 0.02013 0.02179 0.01753 -0.1298 -0.1114 0.4413
72  8.699  0.001 0.01912 0.02225 0.01778 -0.3626 -0.5609 2.716
86  8.702  0.001 0.02036 0.02372 0.01754 0.04364 0.06092 0.6282
91  8.71  0.001 0.02078 0.01923 0.01744 0.06673 -0.1477 0.1067
76  8.717  0.001 0.01468 0.02146 0.01843 0.04954 -0.05794 -0.17
43  8.723  0.001 0.01466 0.02095 0.01843 0.07444 0.01182 -0.2952
211  8.744  0.001 0.02105 0.02039 0.01749 0.07727 -0.4684 0.3729
136  8.745  0.001 0.01716 0.02255 0.01749 -0.05005 -0.1262 0.4816
295  8.753  0.001 0.0146 0.01834 0.01843 -0.1271 -0.09423 -0.1927
163  8.754  0.001 0.01848 0.0226 0.01746 -0.1526 -0.08639 0.183
251  8.778  0.001 0.01916 0.02167 0.01748 0.03197 -0.4117 0.909
75  8.783  0.001 0.01707 0.02266 0.01745 0.06697 -0.0826 0.2656
227  8.805  0.001 0.01824 0.01467 0.01843 0.07081 -0.08608 -0.3825
138  8.824  0.001 0.01766 0.02105 0.01744 -0.2027 -0.1615 0.0703
75  8.833  0.001 0.02043 0.01852 0.01843 0.06697 -0.0826 -0.2264
214  8.844  0.001 0.02348 0.02159 0.01836 -0.1053 0.05456 0.1426
3  8.856  0.001 0.01837 0.02297 0.01752 0.1088 -0.09957 0.5372
214  8.873  0.001 0.02047 0.02315 0.01843 -0.1053 0.05456 -0.1375
178  8.933  0.001 0.02174 0.02141 0.01747 0.1826 -0.1535 0.1555
86  9.058  0.001 0.02183 0.02213 0.01743 0.1969 -0.1325 0.5472
114  9.128  0.001 0.01706 0.02207 0.01782 -0.05208 -0.2164 0.4938
75  9.169  0.001 0.02085 0.02205 0.01843 -0.03717 -0.02029 -0.1374
57  9.236  0.001 0.01569 0.01642 0.01843 -0.07697 -0.1788 -0.08787
137  9.264  0.001 0.01882 0.0201 0.01769 0.3041 -0.3606 0.4715
209  9.266  0.001 0.01838 0.02246 0.01747 0.07005 -0.2175 0.4635
13  9.266  0.001 0.01718 0.02074 0.01764 -0.07906 -0.2699 0.3652
218  9.269  0.001 0.0209 0.02116 0.01746 0.186 -0.2598 0.2777
71  9.271  0.001 0.02151 0.0217 0.01754 -0.208 -0.1984 0.6384
240  9.271  0.001 0.01938 0.02275 0.01749 0.1156 -0.1146 0.2707
240  9.336  0.001 0.02386 0.01736 0.01753 -0.07249 0.0134 -0.1698
227  9.401  0.001 0.02169 0.01551 0.01757 0.1782 0.3091 0.8318
11  9.405  0.001 0.01976 0.0157 0.01746 -0.1287 0.2076 0.3494
3  9.411  0.001 0.01746 0.01593 0.01748 -0.247 0.0508 0.2239
209  9.43  0.001 0.01586 0.016 0.01744 -0.1493 0.1223 0.0718
272  9.431  0.001 0.02148 0.01456 0.01748 -0.1203 0.1715 -0.4627
13  9.445  0.001 0.01507 0.01925 0.01744 -0.1569 0.2815 0.08442
66  9.454  0.001 0.01804 0.01416 0.01752 -0.0137 -1.644 2.127
36  9.47  0.001 0.02134 0.02333 0.01772 -0.9427 0.3771 1.774
89  9.497  0.001 0.0172 0.0168 0.01843 -0.08915 0.1052 -0.3996
168  9.563  0.001 0.0166 0.01505 0.01843 -0.1481 -0.2125 -0.1149
61  9.65  0.001 0.02091 0.02105 0.01756 0.1596 -0.2517 0.3101
32  9.65  0.001 0.02099 0.02267 0.01745 0.1856 -0.03451 0.2013
163  9.662  0.001 0.02322 0.02174 0.01745 0.2196 -0.04039 0.02711
101  9.672  0.001 0.02067 0.01858 0.01843 0.06937 -0.05791 -0.01026
187  9.681  0.001 0.02403 0.02005 0.01749 -0.2716 0.07109 0.1742
187  9.71  0.001 0.01619 0.0221 0.01843 -0.2716 0.07109 -0.1087
271  10.06  0.001 0.01897 0.02355 0.01765 -0.2101 -0.01697 0.5544
235  10.13  0.001 0.02241 0.01867 0.01745 -0.005816 -0.2193 0.183
10  10.14  0.001 0.02109 0.02166 0.01745 -0.07407 0.02616 0.138
211  10.44  0.001 0.01716 0.02172 0.01754 -0.7732 -0.2467 0.4833
112  10.45  0.001 0.01744 0.02092 0.01756 -0.4665 -0.2884 0.3173
37  10.48  0.001 0.02342 0.01924 0.01783 -0.16 -0.934 1.365
214  10.48  0.001 0.02273 0.01972 0.01763 -0.5077 -0.5609 0.7892
32  10.5  0.001 0.02386 0.01961 0.01754 -0.001895 -0.1829 0.3807
11  10.54  0.001 0.01938 0.01899 0.01755 -0.04482 0.2377 0.1675
211  10.55  0.001 0.01555 0.01534 0.01727 0.1236 0.07897 -0.2377
174  10.55  0.001 0.01961 0.01758 0.01751 -0.03762 0.1261 0.1049
11  10.58  0.001 0.01843 0.02412 0.01833 0.01486 -0.06975 -0.08684
148  10.66  0.001 0.01862 0.01905 0.01753 -0.04491 0.147 0.02311
51  10.67  0.001 0.02169 0.01589 0.01843 -0.09378 -0.1552 -0.08205
89  10.85  0.001 0.01461 0.01769 0.01843 0.0392 0.07873 -0.3907
209  10.89  0.001 0.021 0.01853 0.01843 0.06224 -0.112 -0.1331
8  11.03  0.001 0.02087 0.01946 0.01751 -0.05525 0.2107 0.0851
135  11.11  0.001 0.02014 0.02263 0.01761 -0.2299 -0.07438 0.3811
300  11.13  0.001 0.0224 0.01844 0.01745 -0.07205 -0.5822 0.3985
267  11.13  0.001 0.02221 0.01977 0.01753 -0.04264 -0.2618 0.3795
32  11.13  0.001 0.02275 0.02006 0.01753 0.1713 -0.1229 0.1829
189  11.16  0.001 0.02325 0.01713 0.01843 0.06453 -0.1424 -0.0729
238  11.2  0.001 0.02306 0.0159 0.01741 -0.09454 0.03377 -0.146
7  11.22  0.001 0.01958 0.02232 0.01774 -0.01129 -0.1095 0.231
207  11.24  0.001 0.01832 0.02283 0.01768 0.03348 -0.174 0.6584
7  11.26  0.001 0.01908 0.01752 0.01843 -0.01129 -0.1095 -0.1994
193  11.41  0.001 0.02316 0.02011 0.01774 -0.06719 -0.2363 0.3389
207  11.49  0.001 0.0178 0.01584 0.01755 -0.08559 0.04662 0.08101
3  11.52  0.001 0.01796 0.01754 0.01764 -0.07219 0.1766 0.2279
3  11.58  0.001 0.01635 0.02338 0.01747 0.05046 -0.03497 -0.1911
57  11.77  0.001 0.01794 0.0232 0.01843 -0.05192 0.1892 -0.09427
146  11.83  0.001 0.02288 0.02166 0.01752 0.3607 -0.5718 0.6812
218  11.84  0.001 0.02236 0.02235 0.01749 0.1073 -0.1195 0.1935
29  11.87  0.001 0.01944 0.02156 0.01755 0.05503 -0.2168 0.4809
237  11.94  0.001 0.0213 0.01465 0.01746 0.004649 -0.01466 0.03189
