# ID time  diameter x y z u v w  (ex ey ez, color)
34  0.01772  0.001 0.01639 0.01987 0.01843    0    0 -0.03
27  0.03207  0.001 0.01913 0.02014 0.01843    0    0 -0.03
9  0.03712  0.001 0.02059 0.02017 0.01843    0    0 -0.03
21  0.05415  0.001 0.01711 0.01814 0.01843    0    0 -0.03
13  0.05477  0.001 0.01463 0.01945 0.01843    0    0 -0.03
7  0.06137  0.001 0.01673 0.01615 0.01843    0    0 -0.03
17  0.06867  0.001 0.02091 0.02027 0.01843    0    0 -0.03
43  0.06899  0.001 0.01482 0.01777 0.01843    0    0 -0.03
24  0.08593  0.001 0.01754 0.01674 0.01843    0    0 -0.03
40  0.1065  0.001 0.0216 0.01895 0.01843    0    0 -0.03
45  0.1198  0.001 0.02211 0.02042 0.01843    0    0 -0.03
20  0.1227  0.001 0.01962 0.01486 0.01843    0    0 -0.03
18  0.1322  0.001 0.01952 0.02012 0.01843    0    0 -0.03
33  0.1335  0.001 0.02169 0.01713 0.01843    0    0 -0.03
1  0.1359  0.001 0.02081 0.01787 0.01843    0    0 -0.03
12  0.1457  0.001 0.01826 0.02318 0.01843    0    0 -0.03
25  0.1463  0.001 0.01985 0.01664 0.01843    0    0 -0.03
36  0.1542  0.001 0.02103 0.02112 0.01843    0    0 -0.03
5  0.1691  0.001 0.01997 0.01562 0.01843    0    0 -0.03
2  0.1705  0.001 0.01628 0.01757 0.01843    0    0 -0.03
10  0.1915  0.001 0.01808 0.02272 0.01843    0    0 -0.03
23  0.2084  0.001 0.01723 0.01959 0.01843    0    0 -0.03
39  0.211  0.001 0.02185 0.01815 0.01843    0    0 -0.03
42  0.2205  0.001 0.02035 0.01736 0.01843    0    0 -0.03
49  0.2219  0.001 0.01769 0.01745 0.01843    0    0 -0.03
19  0.239  0.001 0.01712 0.02242 0.01843    0    0 -0.03
32  0.2608  0.001 0.01888 0.02229 0.01843    0    0 -0.03
30  0.2762  0.001 0.01971 0.02318 0.01843    0    0 -0.03
41  0.2828  0.001 0.01653 0.01864 0.01843    0    0 -0.03
35  0.2869  0.001 0.0186 0.01972 0.01843    0    0 -0.03
6  0.2877  0.001 0.01482 0.01773 0.01843    0    0 -0.03
38  0.3152  0.001 0.01873 0.0173 0.01843    0    0 -0.03
28  0.3241  0.001 0.01948 0.01647 0.01843    0    0 -0.03
50  0.3318  0.001 0.02131 0.02105 0.01843    0    0 -0.03
31  0.3445  0.001 0.01766 0.0201 0.01843    0    0 -0.03
29  0.3449  0.001 0.01702 0.01859 0.01843    0    0 -0.03
4  0.3573  0.001 0.01626 0.01686 0.01843    0    0 -0.03
37  0.3704  0.001 0.01944 0.01617 0.01843    0    0 -0.03
47  0.3822  0.001 0.02229 0.01842 0.01843    0    0 -0.03
8  0.39  0.001 0.02325 0.01895 0.01843    0    0 -0.03
16  0.3921  0.001 0.0164 0.01659 0.01843    0    0 -0.03
3  0.3979  0.001 0.02304 0.02012 0.01843    0    0 -0.03
14  0.409  0.001 0.01703 0.02308 0.01843    0    0 -0.03
11  0.4182  0.001 0.01504 0.01872 0.01843    0    0 -0.03
44  0.4394  0.001 0.01863 0.01723 0.01843    0    0 -0.03
15  0.4411  0.001 0.02053 0.01703 0.01843    0    0 -0.03
46  0.4469  0.001 0.01998 0.02162 0.01843    0    0 -0.03
48  0.4689  0.001 0.02045 0.01485 0.01843    0    0 -0.03
26  0.4913  0.001 0.01705 0.02098 0.01843    0    0 -0.03
22  0.5026  0.001 0.01862 0.01522 0.01843    0    0 -0.03
97  0.5337  0.001 0.01659 0.02234 0.01843    0    0 -0.03
62  0.541  0.001 0.01651 0.01797 0.01843    0    0 -0.03
67  0.5443  0.001 0.02031 0.01563 0.01843    0    0 -0.03
89  0.5471  0.001 0.01894 0.01545 0.01843    0    0 -0.03
31  0.5482  0.001 0.01811 0.02315 0.01843 -0.02073 0.01887 -0.07474
80  0.5493  0.001 0.01804 0.0197 0.01843    0    0 -0.03
16  0.5531  0.001 0.0209 0.01902 0.01843 -0.1382 0.1057 -0.3339
100  0.5535  0.001 0.01697 0.01686 0.01843    0    0 -0.03
38  0.5655  0.001 0.01888 0.01575 0.01843 -0.08843 0.05929 -0.1945
16  0.5811  0.001 0.0182 0.02228 0.01843 -0.08904 0.1183 -0.05189
51  0.5971  0.001 0.01577 0.01801 0.01843    0    0 -0.03
94  0.6105  0.001 0.0211 0.02097 0.01843    0    0 -0.03
96  0.6346  0.001 0.01611 0.01765 0.01843    0    0 -0.03
59  0.6404  0.001 0.01552 0.01988 0.01843    0    0 -0.03
86  0.6556  0.001 0.02044 0.01858 0.01843    0    0 -0.03
92  0.6721  0.001 0.01688 0.01696 0.01843    0    0 -0.03
63  0.6796  0.001 0.01791 0.02168 0.01843    0    0 -0.03
52  0.6966  0.001 0.01943 0.02314 0.01843    0    0 -0.03
64  0.7047  0.001 0.01517 0.01768 0.01843    0    0 -0.03
53  0.7063  0.001 0.02289 0.02038 0.01843    0    0 -0.03
56  0.7123  0.001 0.02214 0.02212 0.01843    0    0 -0.03
99  0.7185  0.001 0.02038 0.02328 0.01843    0    0 -0.03
58  0.7366  0.001 0.0234 0.01844 0.01843    0    0 -0.03
84  0.747  0.001 0.02127 0.02095 0.01843    0    0 -0.03
78  0.7679  0.001 0.01833 0.02209 0.01843    0    0 -0.03
73  0.7714  0.001 0.0174 0.0211 0.01843    0    0 -0.03
91  0.7773  0.001 0.01984 0.01551 0.01843    0    0 -0.03
75  0.7841  0.001 0.01692 0.01946 0.01843    0    0 -0.03
98  0.7848  0.001 0.01789 0.01638 0.01843    0    0 -0.03
66  0.7923  0.001 0.02206 0.02045 0.01843    0    0 -0.03
54  0.7998  0.001 0.02309 0.0209 0.01843    0    0 -0.03
47  0.8129  0.001 0.01542 0.01547 0.01734 0.1746 0.1012 -0.3298
87  0.8211  0.001 0.01815 0.02239 0.01843    0    0 -0.03
68  0.8493  0.001 0.01838 0.02164 0.01843    0    0 -0.03
85  0.8554  0.001 0.01688 0.0213 0.01843    0    0 -0.03
71  0.8684  0.001 0.02234 0.01837 0.01843    0    0 -0.03
81  0.8696  0.001 0.01562 0.02101 0.01843    0    0 -0.03
60  0.8846  0.001 0.01666 0.02269 0.01843    0    0 -0.03
72  0.9002  0.001 0.0222 0.02101 0.01843    0    0 -0.03
83  0.9043  0.001 0.0198 0.02115 0.01843    0    0 -0.03
4  0.9061  0.001 0.02074 0.02031 0.01843 0.0001747 -0.01614 -0.123
8  0.907  0.001 0.02099 0.02269 0.01843 0.05222 0.08029 -0.05938
56  0.9153  0.001 0.02066 0.02191 0.01843 0.1089 -0.0598 -0.1506
88  0.9277  0.001 0.01999 0.02003 0.01843    0    0 -0.03
93  0.9301  0.001 0.01595 0.01801 0.01843    0    0 -0.03
69  0.9369  0.001 0.02053 0.01565 0.01843    0    0 -0.03
61  0.947  0.001 0.02068 0.01794 0.01843    0    0 -0.03
79  0.9525  0.001 0.01815 0.02297 0.01843    0    0 -0.03
57  0.957  0.001 0.02166 0.0176 0.01843    0    0 -0.03
95  0.9595  0.001 0.01851 0.01681 0.01843    0    0 -0.03
77  0.9616  0.001 0.01511 0.01696 0.01843    0    0 -0.03
55  0.9808  0.001 0.01829 0.02213 0.01843    0    0 -0.03
76  0.9897  0.001 0.01972 0.01526 0.01843    0    0 -0.03
82  0.9915  0.001 0.01958 0.02208 0.01843    0    0 -0.03
90  0.999  0.001 0.01635 0.01953 0.01843    0    0 -0.03
70  0.9993  0.001 0.02205 0.01867 0.01843    0    0 -0.03
74  1.009  0.001 0.02335 0.02054 0.01843    0    0 -0.03
65  1.014  0.001 0.02153 0.02145 0.01843    0    0 -0.03
118  1.024  0.001 0.0173 0.0233 0.01843    0    0 -0.03
109  1.027  0.001 0.01616 0.01567 0.01843    0    0 -0.03
72  1.027  0.001 0.02173 0.01923 0.01843 0.02177 0.6193 -0.9208
83  1.032  0.001 0.02225 0.01763 0.01744 -0.07707 -0.1299 0.06587
111  1.054  0.001 0.01872 0.02302 0.01843    0    0 -0.03
143  1.056  0.001 0.02025 0.01536 0.01843    0    0 -0.03
147  1.063  0.001 0.01684 0.01964 0.01843    0    0 -0.03
110  1.064  0.001 0.01501 0.0202 0.01843    0    0 -0.03
128  1.068  0.001 0.02183 0.01624 0.01843    0    0 -0.03
112  1.072  0.001 0.02163 0.01831 0.01843    0    0 -0.03
116  1.073  0.001 0.01747 0.01859 0.01843    0    0 -0.03
55  1.083  0.001 0.01854 0.01397 0.01759 -0.01697 0.06239 -0.09476
45  1.09  0.001 0.02313 0.0201 0.01843 0.5474 -0.3901 -0.4577
113  1.098  0.001 0.0202 0.02018 0.01843    0    0 -0.03
105  1.108  0.001 0.01587 0.0178 0.01843    0    0 -0.03
86  1.108  0.001 0.01941 0.01673 0.01749 -0.01846 0.1422 0.06655
107  1.108  0.001 0.01737 0.02071 0.01843    0    0 -0.03
108  1.118  0.001 0.01871 0.02356 0.01843    0    0 -0.03
138  1.136  0.001 0.01898 0.02029 0.01843    0    0 -0.03
139  1.172  0.001 0.02157 0.02285 0.01843    0    0 -0.03
122  1.176  0.001 0.01842 0.02092 0.01843    0    0 -0.03
120  1.177  0.001 0.01616 0.02247 0.01843    0    0 -0.03
126  1.178  0.001 0.02023 0.02212 0.01843    0    0 -0.03
84  1.189  0.001 0.0211 0.01438 0.01743 -0.1084 0.1621 -0.4274
117  1.225  0.001 0.01545 0.0212 0.01843    0    0 -0.03
88  1.235  0.001 0.01903 0.02416 0.01754 0.0002173 -0.07276 -0.2462
124  1.237  0.001 0.02036 0.01752 0.01843    0    0 -0.03
28  1.242  0.001 0.02013 0.02287 0.01782 -0.2466 -0.187 0.6458
134  1.242  0.001 0.01603 0.01891 0.01843    0    0 -0.03
121  1.249  0.001 0.01763 0.0152 0.01843    0    0 -0.03
129  1.25  0.001 0.02111 0.01615 0.01843    0    0 -0.03
147  1.252  0.001 0.01698 0.01782 0.01843 -0.05263 -0.001316 -0.2315
145  1.253  0.001 0.02133 0.01814 0.01843    0    0 -0.03
119  1.259  0.001 0.0217 0.02055 0.01843    0    0 -0.03
133  1.261  0.001 0.02047 0.0195 0.01843    0    0 -0.03
102  1.282  0.001 0.02262 0.01886 0.01843    0    0 -0.03
130  1.283  0.001 0.01831 0.02056 0.01843    0    0 -0.03
140  1.293  0.001 0.02107 0.01709 0.01843    0    0 -0.03
141  1.295  0.001 0.01561 0.01817 0.01843    0    0 -0.03
44  1.303  0.001 0.01533 0.02094 0.01743 0.05734 -0.0226 0.08512
146  1.303  0.001 0.01864 0.01738 0.01843    0    0 -0.03
104  1.308  0.001 0.02119 0.02175 0.01843    0    0 -0.03
106  1.312  0.001 0.01883 0.0192 0.01843    0    0 -0.03
115  1.33  0.001 0.01639 0.01582 0.01843    0    0 -0.03
142  1.35  0.001 0.02356 0.01891 0.01843    0    0 -0.03
149  1.365  0.001 0.01759 0.02117 0.01843    0    0 -0.03
148  1.365  0.001 0.01952 0.01848 0.01843    0    0 -0.03
125  1.37  0.001 0.0216 0.01586 0.01843    0    0 -0.03
101  1.372  0.001 0.0159 0.02084 0.01843    0    0 -0.03
114  1.375  0.001 0.01617 0.01891 0.01843    0    0 -0.03
131  1.377  0.001 0.01761 0.01704 0.01843    0    0 -0.03
75  1.413  0.001 0.02071 0.01989 0.01843 -0.2029 0.08736 -0.6997
136  1.415  0.001 0.0197 0.01944 0.01843    0    0 -0.03
127  1.421  0.001 0.01871 0.01898 0.01843    0    0 -0.03
123  1.446  0.001 0.02296 0.01804 0.01843    0    0 -0.03
137  1.453  0.001 0.02199 0.01693 0.01843    0    0 -0.03
103  1.482  0.001 0.01822 0.02322 0.01843    0    0 -0.03
28  1.491  0.001 0.01985 0.02107 0.01761 0.1693 -0.2872 0.6416
111  1.493  0.001 0.01695 0.01469 0.0175 -0.3225 0.2758 0.1454
132  1.501  0.001 0.01744 0.01849 0.01843    0    0 -0.03
135  1.502  0.001 0.01968 0.01637 0.01843    0    0 -0.03
95  1.505  0.001 0.01977 0.02257 0.01843 0.03794 0.3557 -0.1665
150  1.515  0.001 0.02314 0.01765 0.01843    0    0 -0.03
144  1.516  0.001 0.01795 0.01557 0.01843    0    0 -0.03
180  1.521  0.001 0.01899 0.02345 0.01843    0    0 -0.03
167  1.523  0.001 0.01618 0.01691 0.01843    0    0 -0.03
82  1.524  0.001 0.02335 0.01631 0.01804 -0.1005 0.04832 -0.03702
159  1.527  0.001 0.0228 0.02163 0.01843    0    0 -0.03
151  1.529  0.001 0.01967 0.02165 0.01843    0    0 -0.03
163  1.53  0.001 0.01853 0.02202 0.01843    0    0 -0.03
168  1.535  0.001 0.02088 0.01981 0.01843    0    0 -0.03
193  1.541  0.001 0.01767 0.02069 0.01843    0    0 -0.03
49  1.544  0.001 0.02102 0.02075 0.0176 -0.1412 0.1633 0.2559
156  1.554  0.001 0.01953 0.01867 0.01843    0    0 -0.03
196  1.556  0.001 0.02067 0.01857 0.01843    0    0 -0.03
61  1.559  0.001 0.02335 0.01993 0.01843 -0.04615 -0.1895 -0.05878
197  1.561  0.001 0.02201 0.0177 0.01843    0    0 -0.03
163  1.561  0.001 0.01798 0.0197 0.01843 -0.1486 -0.05302 -0.08218
47  1.562  0.001 0.02229 0.02147 0.01843 -0.1412 -0.01494 -0.1158
197  1.568  0.001 0.022 0.01669 0.01843 -0.001888 -0.1575 -0.0254
151  1.573  0.001 0.02021 0.01878 0.01843 -0.0439 -0.1235 -0.09605
88  1.581  0.001 0.02396 0.02042 0.01797 -0.1089 -0.1779 0.1175
191  1.583  0.001 0.01912 0.0195 0.01843    0    0 -0.03
57  1.583  0.001 0.02002 0.02063 0.01843 -0.01092 -0.1052 -0.1717
126  1.599  0.001 0.01938 0.02274 0.01843 -0.1434 0.6737 -0.5074
168  1.607  0.001 0.01667 0.01867 0.01843 0.0381 -0.004987 -0.08743
28  1.607  0.001 0.02127 0.01606 0.01745 -0.1593 0.07453 0.08611
180  1.608  0.001 0.02175 0.02338 0.01811 -0.06525 -0.04981 -0.2438
182  1.611  0.001 0.02045 0.01613 0.01843    0    0 -0.03
176  1.611  0.001 0.01568 0.0187 0.01843    0    0 -0.03
8  1.616  0.001 0.02368 0.01692 0.01768 -0.05658 -0.003372 -0.1284
199  1.616  0.001 0.02066 0.01944 0.01843    0    0 -0.03
119  1.617  0.001 0.02182 0.01532 0.01843 0.01177 0.1017 -0.0942
39  1.618  0.001 0.02061 0.01644 0.01752 -0.06113 0.07264 0.3285
178  1.623  0.001 0.01485 0.01799 0.01843    0    0 -0.03
142  1.626  0.001 0.01582 0.0151 0.01741 0.1236 0.2059 -0.3517
182  1.627  0.001 0.01865 0.01507 0.01843 -0.2277 -0.2343 -0.2453
39  1.63  0.001 0.01998 0.01942 0.01843 -0.1035 0.3076 -0.06528
134  1.633  0.001 0.01581 0.02129 0.01843 0.1302 -0.05178 -0.08149
44  1.641  0.001 0.01526 0.01834 0.01843 -0.02896 -0.1009 -0.1432
166  1.641  0.001 0.01984 0.02264 0.01843    0    0 -0.03
181  1.645  0.001 0.0212 0.01539 0.01843    0    0 -0.03
188  1.647  0.001 0.01955 0.02079 0.01843    0    0 -0.03
130  1.647  0.001 0.01999 0.02398 0.01843 0.04983 0.03664 -0.1671
177  1.649  0.001 0.01803 0.01874 0.01843    0    0 -0.03
54  1.651  0.001 0.02022 0.0219 0.01843 -0.05738 0.1542 -0.1484
126  1.654  0.001 0.01454 0.01846 0.01843 -0.1374 -0.08902 -0.1574
171  1.689  0.001 0.0183 0.01678 0.01843    0    0 -0.03
190  1.707  0.001 0.02247 0.01982 0.01843    0    0 -0.03
30  1.707  0.001 0.02403 0.01792 0.01788 -0.1189 -0.04741 0.02208
185  1.712  0.001 0.02097 0.01708 0.01843    0    0 -0.03
164  1.712  0.001 0.01488 0.01786 0.01843    0    0 -0.03
161  1.713  0.001 0.01667 0.02145 0.01843    0    0 -0.03
198  1.717  0.001 0.01973 0.01501 0.01843    0    0 -0.03
174  1.726  0.001 0.01809 0.02195 0.01843    0    0 -0.03
188  1.738  0.001 0.01923 0.02334 0.01843 0.0154 0.04199 -0.1177
152  1.74  0.001 0.01989 0.01651 0.01843    0    0 -0.03
138  1.748  0.001 0.01789 0.02348 0.01753 0.003118 -0.02937 0.3604
160  1.75  0.001 0.02088 0.02226 0.01843    0    0 -0.03
186  1.75  0.001 0.01778 0.02281 0.01843    0    0 -0.03
153  1.765  0.001 0.01837 0.0211 0.01843    0    0 -0.03
170  1.766  0.001 0.01656 0.01692 0.01843    0    0 -0.03
154  1.774  0.001 0.01884 0.02237 0.01843    0    0 -0.03
175  1.782  0.001 0.01495 0.01817 0.01843    0    0 -0.03
195  1.782  0.001 0.01704 0.01575 0.01843    0    0 -0.03
172  1.803  0.001 0.02194 0.01688 0.01843    0    0 -0.03
184  1.804  0.001 0.0201 0.01536 0.01843    0    0 -0.03
187  1.824  0.001 0.0176 0.02316 0.01843    0    0 -0.03
169  1.836  0.001 0.01816 0.02008 0.01843    0    0 -0.03
165  1.845  0.001 0.01647 0.02102 0.01843    0    0 -0.03
155  1.857  0.001 0.01709 0.01522 0.01843    0    0 -0.03
192  1.867  0.001 0.0234 0.02 0.01843    0    0 -0.03
101  1.884  0.001 0.024 0.01876 0.01843 -0.1631 -0.1155 -0.1508
192  1.894  0.001 0.02291 0.02167 0.01843 -0.02093 0.07044 -0.1098
61  1.898  0.001 0.01839 0.01738 0.01745 -0.08218 -0.3146 0.04018
157  1.907  0.001 0.0162 0.01826 0.01843    0    0 -0.03
183  1.912  0.001 0.01852 0.01915 0.01843    0    0 -0.03
169  1.914  0.001 0.01499 0.01965 0.01843 -0.1216 -0.06384 -0.08099
156  1.914  0.001 0.02361 0.01979 0.01843 0.3329 0.2089 -0.2554
162  1.934  0.001 0.0196 0.0204 0.01843    0    0 -0.03
47  1.947  0.001 0.02316 0.01797 0.01757 0.4729 0.0109 0.4996
200  1.947  0.001 0.02328 0.01916 0.01843    0    0 -0.03
189  1.95  0.001 0.02044 0.01975 0.01843    0    0 -0.03
194  1.961  0.001 0.02293 0.02082 0.01843    0    0 -0.03
173  1.971  0.001 0.02311 0.01818 0.01843    0    0 -0.03
179  2.004  0.001 0.01517 0.02014 0.01843    0    0 -0.03
165  2.009  0.001 0.02157 0.01709 0.01843 0.05857 -0.06171 -0.3477
158  2.015  0.001 0.0201 0.01543 0.01843    0    0 -0.03
206  2.028  0.001 0.01698 0.01854 0.01843    0    0 -0.03
232  2.03  0.001 0.01457 0.01927 0.01843    0    0 -0.03
208  2.052  0.001 0.01813 0.01548 0.01843    0    0 -0.03
215  2.064  0.001 0.01976 0.01616 0.01843    0    0 -0.03
240  2.067  0.001 0.01783 0.01705 0.01843    0    0 -0.03
135  2.068  0.001 0.01815 0.02101 0.01773 0.06673 -0.2487 0.5566
49  2.069  0.001 0.01855 0.02298 0.01746 0.03991 -0.1559 0.4283
49  2.078  0.001 0.01814 0.02202 0.01843 -0.1668 -0.05375 -0.2927
226  2.078  0.001 0.01965 0.01918 0.01843    0    0 -0.03
210  2.083  0.001 0.0163 0.01863 0.01843    0    0 -0.03
130  2.086  0.001 0.01975 0.02302 0.01843 0.05948 0.07727 -0.2026
159  2.089  0.001 0.02284 0.01972 0.01744 0.2134 -0.4266 0.2675
154  2.095  0.001 0.01773 0.02272 0.01744 -0.1949 -0.04733 0.02744
162  2.095  0.001 0.01962 0.02071 0.01843 -0.03676 -0.07358 -0.07493
238   2.1  0.001 0.01619 0.02008 0.01843    0    0 -0.03
83  2.102  0.001 0.02084 0.01798 0.01843 -0.2035 -0.3144 -0.7107
118  2.103  0.001 0.01572 0.02184 0.01843 -0.1602 -0.006598 -0.227
192  2.106  0.001 0.02071 0.02216 0.01743 -0.1318 -0.05836 0.02331
81  2.107  0.001 0.02144 0.0226 0.01764 0.09749 -0.0788  1.7
196  2.108  0.001 0.01949 0.02333 0.01756 -1.076 -0.06766 1.175
132  2.109  0.001 0.02262 0.0227 0.01834 0.08405 -0.307 0.4602
216  2.111  0.001 0.02063 0.022 0.01843    0    0 -0.03
147  2.114  0.001 0.01586 0.02227 0.01843 -0.08068 0.1548 -0.1094
162  2.115  0.001 0.01869 0.01849 0.01843 -0.07702 0.01344 -0.1245
218  2.115  0.001 0.0207 0.01582 0.01843    0    0 -0.03
238  2.122  0.001 0.01479 0.01674 0.01843 -0.07431 -0.1773 -0.08546
87  2.137  0.001 0.01602 0.02221 0.01843 -0.03097 -0.01252 -0.0697
242  2.137  0.001 0.01918 0.02217 0.01843    0    0 -0.03
172  2.14  0.001 0.02111 0.01438 0.01757 -0.01503 0.05087 -0.1487
156  2.142  0.001 0.01802 0.02192 0.01843 -0.07306 0.1267 -0.1527
86  2.143  0.001 0.01521 0.01572 0.01843 -0.1231 -0.1907 -0.1465
201  2.144  0.001 0.01941 0.01807 0.01843    0    0 -0.03
186  2.144  0.001 0.0175 0.02379 0.01843 0.004451 0.003415 -0.06032
205  2.148  0.001 0.02037 0.01475 0.01843    0    0 -0.03
235  2.15  0.001 0.01809 0.01841 0.01843    0    0 -0.03
217  2.15  0.001 0.01732 0.01709 0.01843    0    0 -0.03
212  2.152  0.001 0.0213 0.01657 0.01843    0    0 -0.03
207  2.152  0.001 0.01665 0.02084 0.01843    0    0 -0.03
167  2.158  0.001 0.01899 0.01498 0.01843 0.08256 0.03399 -0.09824
228  2.159  0.001 0.0179 0.01556 0.01843    0    0 -0.03
48  2.162  0.001 0.01785 0.01733 0.01843 -0.06985 -0.09391 -0.3433
237  2.165  0.001 0.02158 0.01753 0.01843    0    0 -0.03
207  2.166  0.001 0.01579 0.01986 0.01843 -0.07617 -0.08638 -0.04721
203  2.17  0.001 0.02043 0.0181 0.01843    0    0 -0.03
177  2.173  0.001 0.02208 0.02097 0.01777 -0.3657 -0.05386 0.5848
122  2.175  0.001 0.02241 0.02214 0.0175 -0.1036 -0.02337 0.1449
247  2.18  0.001 0.02003 0.02198 0.01843    0    0 -0.03
92  2.18  0.001 0.01754 0.02224 0.01843 -0.01466 0.01796 -0.1387
41  2.184  0.001 0.02119 0.02315 0.01843 -0.00213 0.1489 -0.07309
135  2.202  0.001 0.02009 0.01405 0.01706 -0.03939 0.1724 -0.3553
229  2.207  0.001 0.02161 0.01895 0.01843    0    0 -0.03
112  2.213  0.001 0.02322 0.02199 0.01775 -0.02426 -0.06387 -0.3111
214  2.214  0.001 0.01545 0.01635 0.01843    0    0 -0.03
231  2.215  0.001 0.01817 0.02277 0.01843    0    0 -0.03
47  2.22  0.001 0.02298 0.0198 0.01772 -0.2029 -0.213 0.3531
47  2.226  0.001 0.02228 0.01921 0.01843 -0.01138 0.004503 -0.09284
187  2.229  0.001 0.02366 0.02078 0.01754 -0.05688 -0.07295 0.1023
177  2.235  0.001 0.01467 0.02137 0.01843 0.09628 -0.04826 -0.1746
81  2.239  0.001 0.02382 0.01942 0.01843 0.01657 -0.09572 -0.07528
202  2.241  0.001 0.022 0.02034 0.01843    0    0 -0.03
213  2.249  0.001 0.02125 0.01911 0.01843    0    0 -0.03
211  2.25  0.001 0.0211 0.01768 0.01843    0    0 -0.03
248  2.263  0.001 0.02263 0.01883 0.01843    0    0 -0.03
225  2.263  0.001 0.02103 0.02249 0.01843    0    0 -0.03
224  2.263  0.001 0.02269 0.01654 0.01843    0    0 -0.03
230  2.279  0.001 0.01555 0.02204 0.01843    0    0 -0.03
147  2.289  0.001 0.01607 0.0228 0.01755 -0.03838 -0.04781 0.1971
7  2.29  0.001 0.01854 0.01793 0.01747 0.0497 -0.09658 0.2097
222  2.293  0.001 0.0172 0.02031 0.01843    0    0 -0.03
229  2.306  0.001 0.01918 0.01964 0.01843 -0.02163 -0.04761 -0.04377
162  2.315  0.001 0.01843 0.02107 0.01843 -0.003558 -0.005019 -0.08621
250  2.318  0.001 0.02069 0.02323 0.01843    0    0 -0.03
204  2.322  0.001 0.0233 0.0203 0.01843    0    0 -0.03
239  2.322  0.001 0.01578 0.01975 0.01843    0    0 -0.03
147  2.324  0.001 0.01473 0.02113 0.01843 -0.03838 -0.04781 -0.1466
245  2.331  0.001 0.01714 0.01984 0.01843    0    0 -0.03
7  2.339  0.001 0.01964 0.01398 0.01779 -0.01205 0.04996 -0.0964
170  2.349  0.001 0.02136 0.0145 0.01767 -0.01148 0.05837 -0.1452
249  2.35  0.001 0.02016 0.02316 0.01843    0    0 -0.03
220  2.355  0.001 0.02124 0.01752 0.01843    0    0 -0.03
236  2.369  0.001 0.01836 0.02136 0.01843    0    0 -0.03
243  2.377  0.001 0.01694 0.02189 0.01843    0    0 -0.03
219  2.39  0.001 0.01628 0.01688 0.01843    0    0 -0.03
233  2.397  0.001 0.01884 0.02323 0.01843    0    0 -0.03
209  2.398  0.001 0.01746 0.02112 0.01843    0    0 -0.03
69  2.399  0.001 0.02056 0.02077 0.01843 0.05081 0.01767 -0.0485
160  2.409  0.001 0.02061 0.02349 0.01843 0.03138 0.07868 -0.134
241  2.418  0.001 0.01965 0.01827 0.01843    0    0 -0.03
215  2.429  0.001 0.01471 0.01925 0.01749 1.322 -1.826 1.57
57  2.43  0.001 0.0143 0.01762 0.01745 0.1821 -0.6173 0.4511
106  2.431  0.001 0.01512 0.01724 0.01746 0.621 -0.8978 0.4612
178  2.434  0.001 0.01396 0.01872 0.01824 0.2008 -0.339 0.2939
245  2.438  0.001 0.01744 0.01421 0.01836 0.1443 0.1328 0.03885
153  2.44  0.001 0.02352 0.02152 0.01767 -0.04983 -0.0406 0.1046
245  2.443  0.001 0.0182 0.01491 0.01843 0.1443 0.1328 -0.01257
223  2.45  0.001 0.01543 0.02166 0.01843    0    0 -0.03
246  2.45  0.001 0.02201 0.01985 0.01843    0    0 -0.03
244  2.467  0.001 0.01937 0.02316 0.01843    0    0 -0.03
48  2.471  0.001 0.02415 0.01895 0.01832 -0.1413 -0.04649 0.2844
126  2.475  0.001 0.01403 0.01814 0.01771 0.06097 -0.1224 -0.01981
234  2.489  0.001 0.01889 0.02041 0.01843    0    0 -0.03
227  2.494  0.001 0.0163 0.0214 0.01843    0    0 -0.03
221  2.504  0.001 0.02136 0.01577 0.01843    0    0 -0.03
227  2.509  0.001 0.01564 0.02119 0.01843 -0.04873 -0.01531 -0.06044
161  2.509  0.001 0.01797 0.01989 0.01746 -0.008076 -0.03852 0.1719
246  2.515  0.001 0.02278 0.01639 0.01843 0.4035 0.05457 -0.1298
268  2.523  0.001 0.01967 0.0186 0.01843    0    0 -0.03
287  2.525  0.001 0.02019 0.02271 0.01843    0    0 -0.03
234  2.526  0.001 0.01684 0.02365 0.01828 0.08251 -0.08536 -0.04143
277  2.536  0.001 0.01647 0.0162 0.01843    0    0 -0.03
161  2.537  0.001 0.01775 0.01881 0.01843 -0.008076 -0.03852 -0.1022
270  2.538  0.001 0.01484 0.01752 0.01843    0    0 -0.03
272  2.543  0.001 0.0201 0.01537 0.01843    0    0 -0.03
246  2.549  0.001 0.02299 0.01755 0.01843 -0.04734 0.008546 -0.1064
57  2.561  0.001 0.02199 0.01564 0.0175 0.05202 -0.0418 0.1537
153  2.562  0.001 0.01963 0.02027 0.01843 -0.1861 0.0981 -0.288
48  2.564  0.001 0.02178 0.01926 0.01843 0.1565 0.1227 -0.3165
173  2.582  0.001 0.0185 0.01525 0.01843 -0.02273 -0.08373 -0.4221
48  2.584  0.001 0.02264 0.02259 0.01843 0.02617 0.1567 -0.02933
269  2.59  0.001 0.02055 0.0176 0.01843    0    0 -0.03
273  2.591  0.001 0.01919 0.0236 0.01843    0    0 -0.03
282  2.593  0.001 0.01747 0.0179 0.01843    0    0 -0.03
254  2.597  0.001 0.01572 0.01929 0.01843    0    0 -0.03
123  2.599  0.001 0.02088 0.02381 0.01838 0.2193 -0.4701 -0.1921
274  2.601  0.001 0.0229 0.01804 0.01843    0    0 -0.03
272  2.605  0.001 0.01613 0.01487 0.01757 0.02385 0.04082 -0.1162
47  2.633  0.001 0.01648 0.02337 0.01843 0.04249 -0.106 -0.5127
131  2.639  0.001 0.01454 0.02145 0.01775 0.004058 -0.1121 0.4484
300  2.64  0.001 0.02087 0.01645 0.01843    0    0 -0.03
278  2.642  0.001 0.02207 0.02059 0.01843    0    0 -0.03
260  2.644  0.001 0.01849 0.02026 0.01843    0    0 -0.03
137  2.647  0.001 0.01999 0.01899 0.01745 0.009837 -0.06858 0.04458
191  2.649  0.001 0.01547 0.02219 0.01743 -0.01733 -0.02001 0.03211
271  2.658  0.001 0.01609 0.02165 0.01843    0    0 -0.03
279  2.667  0.001 0.01917 0.02335 0.01843    0    0 -0.03
221  2.691  0.001 0.01758 0.01619 0.01843 -0.04588 0.07797 -0.2501
286  2.693  0.001 0.01497 0.01833 0.01843    0    0 -0.03
283  2.706  0.001 0.0213 0.02224 0.01843    0    0 -0.03
132  2.725  0.001 0.02168 0.02034 0.01744 -0.1226 -0.02078 0.2474
94  2.727  0.001 0.02268 0.02262 0.01743 -0.04989 -0.001374 0.2028
70  2.73  0.001 0.01938 0.02114 0.01744 -0.1902 -0.04946 0.1247
293  2.735  0.001 0.01602 0.01569 0.01843    0    0 -0.03
218  2.735  0.001 0.02044 0.0173 0.01843 0.008528 -0.4055 -0.2477
262  2.739  0.001 0.01719 0.02313 0.01843    0    0 -0.03
167  2.745  0.001 0.02321 0.01688 0.01843 0.05807 -0.1714 -0.1198
213  2.751  0.001 0.02045 0.02123 0.01843 -0.001524 -0.003812 -0.1118
235  2.752  0.001 0.01827 0.02405 0.01843 -0.09002 0.03326 -0.1091
288  2.752  0.001 0.01948 0.02148 0.01843    0    0 -0.03
276  2.753  0.001 0.01902 0.02273 0.01843    0    0 -0.03
132  2.754  0.001 0.01866 0.01861 0.01843 -0.09041 -0.07092 -0.1256
212  2.754  0.001 0.0214 0.02039 0.01843 -0.03657 0.02607 -0.1299
299  2.755  0.001 0.01561 0.01644 0.01843    0    0 -0.03
135  2.755  0.001 0.01966 0.01712 0.01843 -0.05759 -0.1048 -0.08831
128  2.758  0.001 0.0229 0.02114 0.01843 0.01868 -0.03998 -0.09209
294  2.766  0.001 0.01489 0.01935 0.01843    0    0 -0.03
276  2.769  0.001 0.01941 0.02127 0.01843 -0.03353 0.02668 -0.225
290  2.772  0.001 0.01771 0.01514 0.01843    0    0 -0.03
185  2.779  0.001 0.01964 0.01652 0.01843 0.008653 -0.06486 -0.2376
267  2.786  0.001 0.0174 0.02303 0.01843    0    0 -0.03
108  2.786  0.001 0.01611 0.02117 0.01843 -0.0954 0.07677 -0.1243
94  2.789  0.001 0.02264 0.02223 0.01843 0.09224 -0.00621 -0.06893
263  2.794  0.001 0.02087 0.02195 0.01843    0    0 -0.03
13  2.794  0.001 0.02036 0.01825 0.01843 -0.05213 -0.05291 -0.06021
222  2.797  0.001 0.01888 0.01472 0.01843 0.03224 0.09371 -0.1693
281  2.807  0.001 0.02155 0.01829 0.01843    0    0 -0.03
206  2.821  0.001 0.02081 0.01542 0.01843 -0.03161 0.01886 -0.3212
267  2.826  0.001 0.01672 0.02227 0.01843 -0.149 -0.06271 -0.1217
189  2.826  0.001 0.02294 0.02061 0.01843 -0.02335 -0.008386 -0.04483
288  2.83  0.001 0.01979 0.014 0.01721 -0.0674 0.09748 -0.1798
256  2.83  0.001 0.01988 0.02079 0.01843    0    0 -0.03
284  2.837  0.001 0.01511 0.01726 0.01843    0    0 -0.03
262  2.837  0.001 0.01442 0.02119 0.01757 0.09124 0.004462 0.03927
255  2.84  0.001 0.01954 0.02304 0.01843    0    0 -0.03
257  2.843  0.001 0.01576 0.0207 0.01843    0    0 -0.03
291  2.846  0.001 0.01855 0.01842 0.01843    0    0 -0.03
275  2.853  0.001 0.01808 0.01685 0.01843    0    0 -0.03
261  2.855  0.001 0.01736 0.01864 0.01843    0    0 -0.03
258  2.86  0.001 0.01967 0.01625 0.01843    0    0 -0.03
292  2.861  0.001 0.02277 0.02146 0.01843    0    0 -0.03
264  2.862  0.001 0.02167 0.02044 0.01843    0    0 -0.03
285  2.865  0.001 0.01594 0.01794 0.01843    0    0 -0.03
296  2.881  0.001 0.01844 0.0214 0.01843    0    0 -0.03
265  2.887  0.001 0.02219 0.02125 0.01843    0    0 -0.03
266  2.889  0.001 0.02013 0.02137 0.01843    0    0 -0.03
157  2.902  0.001 0.01538 0.02259 0.01843 0.03437 -0.2129 -0.1323
259  2.904  0.001 0.02168 0.0177 0.01843    0    0 -0.03
257  2.904  0.001 0.01713 0.0193 0.01843 0.05688 -0.03583 -0.03563
298  2.906  0.001 0.02102 0.01621 0.01843    0    0 -0.03
252  2.908  0.001 0.01931 0.01853 0.01843    0    0 -0.03
253  2.927  0.001 0.02294 0.01818 0.01843    0    0 -0.03
289  2.928  0.001 0.02149 0.01852 0.01843    0    0 -0.03
295  2.934  0.001 0.0195 0.01699 0.01843    0    0 -0.03
251  2.934  0.001 0.01715 0.01514 0.01843    0    0 -0.03
105  2.937  0.001 0.01773 0.02232 0.01747 0.08411 0.1022 0.4052
233  2.945  0.001 0.01668 0.0207 0.01843 -0.04955 -0.178 -0.1594
147  2.955  0.001 0.0152 0.02105 0.01843 -0.1351 -0.03272 -0.1231
279  2.963  0.001 0.01956 0.02368 0.01843 0.0773 0.03969 -0.09572
249  2.975  0.001 0.01809 0.01407 0.01762 -0.08441 -0.06564 0.4372
234  2.977  0.001 0.01849 0.01944 0.01843 0.04676 -0.04792 -0.1848
44  2.99  0.001 0.01918 0.02029 0.01843 0.04452 -0.03241 -0.2137
281  2.991  0.001 0.01999 0.01866 0.01843 0.04816 -0.08044 -0.04676
232  2.997  0.001 0.02211 0.02145 0.01843 0.06078 -0.03653 -0.1494
297  2.998  0.001 0.01887 0.01494 0.01843    0    0 -0.03
280  3.007  0.001 0.01733 0.02254 0.01843    0    0 -0.09562
122  3.021  0.001 0.01396 0.01876 0.01756 0.05841 -0.1716 -0.00442
1  3.025  0.001 0.02162 0.02341 0.01748 -0.03773 0.02649 0.1807
44  3.044  0.001 0.01789 0.01747 0.01843 -0.0465 -0.07908 -0.06863
288  3.052  0.001 0.01402 0.01897 0.01843 0.1606 0.08247 -0.2624
185  3.052  0.001 0.0202 0.019 0.01843 0.01167 -0.02938 -0.1195
1  3.06  0.001 0.02046 0.02396 0.01786 -0.002416 -0.03134 -0.05933
59  3.066  0.001 0.02237 0.02293 0.01763 -0.1093 0.01982 -0.1493
239  3.083  0.001 0.01826 0.02249 0.01843 0.01384 0.02463 -0.03761
280  3.09  0.001 0.01738 0.02387 0.01795 0.03052 -0.02414 0.003718
73  3.091  0.001 0.01941 0.02309 0.01843 0.0366 0.02156 -0.1213
264  3.103  0.001 0.02208 0.01562 0.01843 0.0195 -0.06626 -0.3949
43  3.113  0.001 0.02328 0.02089 0.01843 0.1183 0.01849 -0.1066
44  3.113  0.001 0.02209 0.01534 0.01843 0.0009963 0.0578 -0.2539
1  3.122  0.001 0.02034 0.02399 0.01805 0.02248 -0.0289 -0.1054
105  3.123  0.001 0.02415 0.01913 0.01766 -0.04292 -0.02632 0.05698
270  3.142  0.001 0.02332 0.02185 0.01825 0.08602 -0.1758 0.5988
73  3.145  0.001 0.0207 0.01918 0.01843 0.02624 -0.09671 -0.1701
271  3.196  0.001 0.02414 0.01881 0.01744 -0.01887 0.007154 0.02643
128  3.197  0.001 0.0157 0.0152 0.01795 0.07997 0.06159 -0.1554
167  3.198  0.001 0.01874 0.01396 0.01795 0.02382 0.08779 -0.1491
105  3.225  0.001 0.0222 0.01797 0.01843 -0.04695 -0.05857 -0.03708
276  3.233  0.001 0.01704 0.01437 0.01843 0.02251 0.08259 -0.08053
289  3.239  0.001 0.0153 0.0156 0.0173 0.1066 0.1361 -0.2969
225  3.242  0.001 0.02033 0.02212 0.0175 -0.285 -0.1944 0.415
106  3.245  0.001 0.02192 0.02133 0.01746 -0.276 -0.1275 0.2214
255  3.254  0.001 0.01747 0.01624 0.01843 -0.03156 -0.1197 -0.2145
13  3.256  0.001 0.01904 0.01413 0.01843 -0.006589 0.07928 -0.1935
252  3.257  0.001 0.01736 0.01433 0.01843 -0.0182 0.08006 -0.2307
185  3.261  0.001 0.02054 0.01438 0.01843 -0.00855 0.05863 -0.26
241  3.267  0.001 0.01492 0.01606 0.01742 0.04981 0.03696 -0.2738
279  3.268  0.001 0.01835 0.02319 0.01843 -0.02082 -0.02621 -0.08774
277  3.273  0.001 0.01555 0.01534 0.0178 0.04489 0.04181 -0.229
43  3.275  0.001 0.02257 0.01535 0.01762 -0.04064 0.07944 -0.06117
189  3.288  0.001 0.01847 0.01978 0.01843 -0.1223 -0.02227 -0.2186
161  3.289  0.001 0.02274 0.01552 0.01814 -0.1201 0.08271 -0.2685
106  3.295  0.001 0.01444 0.01778 0.01843 0.08354 0.03293 -0.1458
280  3.296  0.001 0.01558 0.02237 0.01843 0.04177 -0.08137 -0.05772
227  3.302  0.001 0.02398 0.01772 0.01832 -0.06624 0.03388 -0.187
1  3.313  0.001 0.02269 0.02185 0.01751 -0.09996 0.01809 0.1865
96  3.322  0.001 0.02109 0.02149 0.01744 0.1188 -0.06357 0.03251
177  3.324  0.001 0.02106 0.01436 0.01741 -0.07178 0.07281 -0.1939
1  3.345  0.001 0.01947 0.02243 0.01843 -0.09996 0.01809 -0.1291
266  3.345  0.001 0.02171 0.02006 0.01843 0.08293 -0.05552 -0.1179
146  3.353  0.001 0.02215 0.02222 0.01843 0.07238 0.04779 -0.04588
158  3.359  0.001 0.02285 0.01644 0.01843 0.0644 -0.09589 -0.1949
209  3.36  0.001 0.01935 0.01396 0.01748 -0.03642 0.1711 -0.474
283  3.371  0.001 0.02178 0.02303 0.01744 0.04216 -0.06296 0.2406
271  3.376  0.001 0.02175 0.01836 0.01745 -0.8636 -1.54 1.917
153  3.376  0.001 0.0229 0.01998 0.0176 -1.105 -0.5084 1.681
194  3.376  0.001 0.02169 0.02216 0.0175 -2.274 1.76 1.904
291  3.376  0.001 0.0205 0.01831 0.01748 -0.1407 -0.7259 1.702
143  3.377  0.001 0.02282 0.01687 0.0175 0.3667 -0.3587 0.6772
232  3.377  0.001 0.01938 0.01396 0.01795 -0.03217 0.1978 -0.4925
213  3.378  0.001 0.02405 0.0187 0.01744 -0.0246 -0.2849 0.1757
249  3.379  0.001 0.02116 0.01813 0.01745 -0.1155 0.4081 0.3516
180  3.38  0.001 0.0179 0.01777 0.01744 -0.1296 -0.03572 0.1946
178  3.38  0.001 0.01953 0.01877 0.01745 -0.1188 0.3169 0.401
156  3.432  0.001 0.01847 0.02352 0.01745 -0.03735 -0.1007 0.3617
38  3.434  0.001 0.01942 0.02263 0.01744 -0.041 -0.1927 0.5446
179  3.434  0.001 0.02252 0.02133 0.01744 0.3429 -0.4193 0.2522
250  3.436  0.001 0.02116 0.02278 0.01744 0.095 -0.207 0.1873
197  3.436  0.001 0.01918 0.02124 0.01745 0.255 -0.1148 0.1916
280  3.439  0.001 0.01725 0.01603 0.01843 -0.01926 -0.1189 -0.2062
244  3.456  0.001 0.02157 0.02347 0.01744 -0.07231 0.02694 0.1114
41  3.457  0.001 0.02372 0.02111 0.01756 -0.2129 -0.03292 -0.0434
186  3.462  0.001 0.01713 0.02378 0.01763 -0.04271 -0.1005 -0.1423
178  3.475  0.001 0.01726 0.02383 0.01745 -0.01787 -0.06122 0.0177
197  3.481  0.001 0.02343 0.01643 0.0181 -0.06131 0.02783 -0.1126
250  3.484  0.001 0.02414 0.01873 0.01804 -0.03069 0.02911 0.06341
127  3.485  0.001 0.01925 0.01399 0.01843 -0.1092 -0.04843 -0.2311
156  3.503  0.001 0.01582 0.01638 0.01843 -0.03735 -0.1007 -0.3339
198  3.529  0.001 0.01784 0.02401 0.01794 -0.0456 -0.2189 -0.04319
122  3.541  0.001 0.02237 0.02205 0.01843 0.09097 0.01544 -0.1109
48  3.553  0.001 0.02231 0.02171 0.01743 -0.1347 0.09166 0.3606
147  3.555  0.001 0.02324 0.0207 0.01744 -0.02478 -0.006075 0.1483
259  3.565  0.001 0.01413 0.0177 0.01767 0.2146 -0.003325 -0.4862
245  3.574  0.001 0.02281 0.02038 0.01745 0.09949 0.009795 0.04727
147  3.578  0.001 0.02273 0.02055 0.01843 -0.00482 -0.01073 -0.025
155  3.595  0.001 0.01907 0.02402 0.01745 0.002453 -0.006598 0.1118
146  3.61  0.001 0.02088 0.02136 0.01744 -0.09111 -0.03635 0.1389
43  3.623  0.001 0.02392 0.02059 0.01793 -0.01619 -0.07238 0.03941
217  3.627  0.001 0.02051 0.02331 0.01744 0.005126 0.01893 0.01899
147  3.643  0.001 0.01735 0.01665 0.01843 -0.1888 -0.1322 -0.1028
146  3.645  0.001 0.01748 0.01892 0.01843 -0.104 -0.1057 -0.0771
48  3.645  0.001 0.01733 0.02385 0.01842 0.0923 -0.07554 -0.05228
33  3.718  0.001 0.01568 0.02288 0.01843 0.09231 -0.08899 -0.01745
273  3.725  0.001 0.01895 0.02312 0.01753 -0.1304 -0.02905 0.1306
296  3.726  0.001 0.01867 0.0239 0.01843 0.2028 -0.006046 -0.05837
279  3.735  0.001 0.02312 0.021 0.01748 0.09485 -0.02244 0.05518
249  3.74  0.001 0.01641 0.02342 0.01752 0.009869 -0.01539 -0.00435
160  3.741  0.001 0.0156 0.02281 0.01754 0.01599 -0.008447 -0.03218
217  3.749  0.001 0.02123 0.02269 0.01843 0.006145 -0.008507 -0.08254
64  3.75  0.001 0.0215 0.02004 0.01843 0.04222 -0.0775 -0.07944
48  3.755  0.001 0.01884 0.02188 0.01843 -0.002603 -0.01876 -0.2025
119  3.757  0.001 0.01399 0.01958 0.01749 -0.02278 -0.1456 0.1296
225  3.784  0.001 0.01612 0.01844 0.01746 0.1274 -0.2164 0.1486
200  3.786  0.001 0.01527 0.0165 0.01745 0.05207 -0.3213 0.1407
225  3.82  0.001 0.01896 0.01395 0.01793 -0.02182 0.06681 -0.07799
36  3.887  0.001 0.02226 0.01973 0.01744 -0.03383 -0.02211 0.04943
176   3.9  0.001 0.01714 0.02096 0.01753 0.07025 -0.1546 0.3486
183  3.924  0.001 0.01832 0.02016 0.01744 0.03594 0.03094 -0.0008653
265  3.946  0.001 0.01513 0.0196 0.01744 0.02614 -0.1053 0.1048
251  3.947  0.001 0.02057 0.01418 0.01806 -0.01865 0.06055 -0.1828
295  3.95  0.001 0.01872 0.0152 0.01748 -0.006048 -0.1863 0.2372
87  3.978  0.001 0.0144 0.01996 0.01755 -0.0315 -0.2949 0.562
92  3.996  0.001 0.02393 0.01755 0.01761 -0.0587 0.01725 -0.01844
212  4.038  0.001 0.02239 0.02034 0.01752 -0.0576 -0.09281 0.09191
180  4.041  0.001 0.01666 0.02261 0.01749 0.01797 0.05272 0.1376
142  4.045  0.001 0.01839 0.02299 0.01754 0.1378 0.03181 0.09311
267  4.046  0.001 0.018 0.01691 0.01748 -0.22 0.1847 0.2909
180  4.057  0.001 0.01695 0.02345 0.01843 0.01797 0.05272 -0.01995
279  4.065  0.001 0.02331 0.01666 0.01843 -0.006588 -0.1264 -0.1345
241  4.09  0.001 0.0166 0.02017 0.0175 -0.157 -0.1126 0.1619
59  4.101  0.001 0.01887 0.02029 0.01747 0.09776 -0.01785 0.2139
76  4.102  0.001 0.02403 0.01908 0.01769 -0.3526 -2.231 1.825
202  4.104  0.001 0.01843 0.02139 0.01744 -0.04042 -0.009155 0.05246
242  4.107  0.001 0.02248 0.02238 0.01744 -0.07981 0.07386 0.1598
193  4.11  0.001 0.02188 0.01688 0.01745 -0.06692 -0.2996 0.07273
267  4.133  0.001 0.01464 0.02139 0.01745 -0.03628 -0.08717 0.07163
59  4.139  0.001 0.02264 0.0196 0.01843 0.09776 -0.01785 -0.1637
275  4.146  0.001 0.01735 0.01424 0.01828 0.02351 0.05692 -0.1524
115  4.148  0.001 0.02137 0.01451 0.01763 -0.01486 0.05391 -0.1605
210  4.149  0.001 0.02267 0.02216 0.01759 0.06464 -0.1543 0.4105
236  4.153  0.001 0.01704 0.02143 0.01748 -0.04163 -0.08072 0.2704
245  4.154  0.001 0.01751 0.02203 0.01843 -0.109 0.01282 -0.2193
252  4.158  0.001 0.01942 0.01396 0.0178 -0.02331 0.05081 -0.1607
121  4.169  0.001 0.01579 0.02159 0.01756 0.0882 -0.3223 0.3672
30  4.17  0.001 0.01713 0.02185 0.01756 0.1717 0.008339 0.6014
217  4.175  0.001 0.0212 0.02166 0.01843 -0.01612 -0.009043 -0.3344
285  4.176  0.001 0.01702 0.02077 0.01745 0.02644 0.01752 0.1449
7  4.184  0.001 0.01936 0.01553 0.0175 0.2283 0.1473 0.5449
295  4.189  0.001 0.01718 0.01653 0.01744 -0.02488 0.0267 0.122
255  4.204  0.001 0.02264 0.01558 0.01843 -0.04092 0.03928 -0.3738
76  4.205  0.001 0.01498 0.01619 0.01745 -0.07872 0.04203 0.03007
244  4.206  0.001 0.01793 0.02018 0.01746 -0.001663 -0.04919 0.08366
121  4.214  0.001 0.01872 0.0144 0.01843 -0.02398 0.09719 -0.1117
149  4.215  0.001 0.01467 0.02121 0.01745 0.0141 -0.01401 0.0588
167  4.242  0.001 0.01759 0.02133 0.01843 -0.03383 0.09474 -0.2513
146  4.245  0.001 0.0143 0.01833 0.01843 -0.05177 -0.09994 -0.02976
165  4.246  0.001 0.02335 0.0188 0.0177 -0.1704 0.09249 0.6661
159  4.247  0.001 0.02331 0.01777 0.01789 -0.2194 0.005464 0.6934
210  4.253  0.001 0.02309 0.01598 0.01744 -0.02724 0.01048 0.1498
178  4.256  0.001 0.02166 0.01467 0.0176 -0.05046 0.05019 -0.07883
48  4.264  0.001 0.02055 0.01417 0.01798 -0.01805 0.07187 -0.0386
285  4.265  0.001 0.01645 0.01467 0.01805 0.0928 -0.01788 -0.2633
42  4.266  0.001 0.02338 0.0198 0.01749 0.01327 -0.1637 0.2027
210  4.273  0.001 0.02252 0.01619 0.01843 -0.02724 0.01048 -0.05402
60  4.278  0.001 0.01905 0.02303 0.01843 -0.007746 0.01312 -0.2863
288  4.286  0.001 0.01857 0.01397 0.01779 -0.003738 0.06448 -0.2367
287  4.287  0.001 0.01945 0.02244 0.01746 -0.03696 -0.1001 0.1278
231  4.297  0.001 0.02122 0.02056 0.01843 -0.04672 -0.06617 -0.09286
199  4.302  0.001 0.0229 0.02226 0.01749 -0.04059 0.02947 0.3373
233  4.31  0.001 0.01425 0.01733 0.01841 0.04318 -0.03471 -0.05506
260  4.324  0.001 0.01972 0.01978 0.01843 -0.02277 -0.09253 -0.05991
7  4.341  0.001 0.02269 0.02263 0.01808 -0.9312 0.5621 0.9924
13  4.344  0.001 0.02062 0.01925 0.01746 -0.9826 -0.7972 0.2426
199  4.373  0.001 0.0206 0.02391 0.01777 0.1116 -0.08538 -0.1105
157  4.382  0.001 0.02405 0.02008 0.01768 -0.02646 0.0677 0.06782
191  4.387  0.001 0.01417 0.01755 0.01836 0.1725 0.006953 0.2321
149  4.39  0.001 0.01593 0.01502 0.01735 0.1531 0.1602 -0.3311
185  4.395  0.001 0.02172 0.02001 0.0175 -0.07218 -0.2346 0.146
13  4.399  0.001 0.0199 0.02336 0.01843 0.09843 0.1738 -0.2498
263  4.405  0.001 0.01979 0.01564 0.01751 0.05442 0.1345 0.6431
87  4.406  0.001 0.016 0.0169 0.01746 -0.588 0.3628 0.4621
221  4.413  0.001 0.02412 0.01966 0.0175 -0.04679 -0.07256 0.02272
185  4.415  0.001 0.02023 0.01518 0.01843 -0.07218 -0.2346 -0.05586
159  4.431  0.001 0.01527 0.01646 0.01843 0.1696 -0.1184 -0.2307
191  4.434  0.001 0.02229 0.01788 0.01843 0.1725 0.006953 -0.2292
288  4.438  0.001 0.01994 0.02171 0.01843 0.05132 0.161 -0.09399
122  4.46  0.001 0.02252 0.02241 0.01766 -0.5118 0.1227 1.692
220  4.462  0.001 0.02031 0.01912 0.01747 -0.9838 -1.058 0.5704
191  4.466  0.001 0.02142 0.01901 0.01843 -0.05413 0.03941 -0.104
7  4.468  0.001 0.01849 0.01398 0.01801 0.08568 0.2047 -0.2633
236  4.533  0.001 0.01524 0.01842 0.01843 0.04071 -0.05235 -0.1138
193  4.545  0.001 0.0189 0.01929 0.01843 0.007225 -0.0599 -0.1677
76  4.56  0.001 0.02119 0.02178 0.01843 -0.0722 0.09039 -0.3427
263  4.586  0.001 0.01947 0.02295 0.01769 -0.2598 -0.02513 0.7604
180  4.595  0.001 0.01987 0.0197 0.01756 0.1741 -0.2166 0.5969
171  4.597  0.001 0.01868 0.02389 0.01751 -0.1453 0.1512 0.668
158  4.597  0.001 0.01761 0.02237 0.01753 -0.2082 -0.1053 0.4439
125  4.597  0.001 0.01868 0.02031 0.0175 -0.04393 -0.4883 0.434
59  4.598  0.001 0.02277 0.02228 0.01745 -0.008517 -0.03535 0.1472
88  4.602  0.001 0.0214 0.02088 0.01762 -0.1927 -0.2234 0.4812
14  4.602  0.001 0.02165 0.02152 0.01751 -3.425 0.5554 1.143
71  4.603  0.001 0.01884 0.02178 0.01745 -2.422 -0.349 1.07
129  4.606  0.001 0.01823 0.01789 0.01744 -0.1639 -0.4427 0.1378
161  4.608  0.001 0.02406 0.01805 0.01824 -0.06375 0.03167 -0.02265
210  4.617  0.001 0.01422 0.0174 0.01774 0.1968 -0.03895 -0.05527
162  4.617  0.001 0.02132 0.01983 0.0175 0.02051 -0.2787 0.6402
220  4.62  0.001 0.02219 0.01503 0.01794 -0.06767 0.0164 -0.1376
129  4.634  0.001 0.01716 0.01543 0.01843 0.02732 0.09736 -0.08151
173  4.656  0.001 0.02278 0.02195 0.01843 -0.09022 -0.02908 -0.1579
242  4.659  0.001 0.02049 0.02206 0.01773 0.08441 -0.06314 0.5354
38  4.66  0.001 0.01852 0.02119 0.0175 -0.02706 -0.1743 0.202
142  4.669  0.001 0.0144 0.01853 0.01843 -0.04088 -0.03362 -0.3277
300  4.682  0.001 0.02415 0.01893 0.01775 -0.2003 -0.2042 -0.3659
121  4.69  0.001 0.0211 0.01476 0.01843 -0.05352 0.06554 -0.2422
38  4.696  0.001 0.01755 0.01494 0.01843 -0.02706 -0.1743 -0.1502
217  4.703  0.001 0.0186 0.01639 0.01746 0.1761 0.05843 0.144
48  4.704  0.001 0.02165 0.01466 0.01741 -0.1468 0.07694 -0.07322
5  4.716  0.001 0.02348 0.02103 0.01843 -0.1299 -0.05019 -0.2723
199  4.718  0.001 0.02191 0.015 0.01744 -0.01816 -0.004836 0.07194
264  4.726  0.001 0.02061 0.01924 0.01843 0.007026 0.1001 -0.09765
279  4.747  0.001 0.02175 0.02005 0.01744 -0.02339 -0.1071 0.03011
223  4.771  0.001 0.02135 0.0145 0.01761 -0.09112 0.1893 -0.4338
51  4.778  0.001 0.01849 0.02412 0.01764 0.08158 -0.211 -0.4417
110  4.781  0.001 0.01968 0.02042 0.01843 0.06285 -0.06894 -0.01574
242  4.782  0.001 0.02383 0.01728 0.01756 -0.1195 0.02358 -0.4329
87  4.791  0.001 0.02011 0.02183 0.01744 0.07916 -0.06257 0.06873
27  4.801  0.001 0.01589 0.02274 0.01745 -0.1025 -0.07195 0.2945
181  4.817  0.001 0.02184 0.01629 0.01749 0.0136 0.04559 0.1908
127  4.838  0.001 0.0176 0.02253 0.01747 0.1258 0.02969 0.2946
258  4.839  0.001 0.01548 0.02116 0.01745 -0.0472 -0.009283 0.09286
191  4.849  0.001 0.02174 0.01561 0.01749 -0.5982 -0.3387 0.5201
181  4.85  0.001 0.02229 0.0178 0.01843 0.0136 0.04559 -0.1337
46  4.855  0.001 0.02359 0.01844 0.01746 -0.1194 -0.1377 0.1926
224  4.859  0.001 0.02408 0.01992 0.01817 -0.05511 -0.09275 0.1516
27  4.878  0.001 0.01395 0.01887 0.01743 0.1407 0.0006956 -0.04461
224  4.896  0.001 0.02194 0.0158 0.01843 -0.06409 -0.1527 -0.09516
13  4.942  0.001 0.01855 0.02282 0.01753 0.08398 -0.07317 0.1528
127  4.947  0.001 0.0209 0.02097 0.01754 0.0588 -0.2332 0.5667
12  4.948  0.001 0.02234 0.02183 0.01746 0.07219 0.1617 0.4724
171  4.948  0.001 0.02009 0.02221 0.01766 -0.4369 -0.08529 0.9627
209  4.965  0.001 0.01575 0.01516 0.01799 -0.1177 0.1517 -0.1857
191  4.976  0.001 0.01398 0.01959 0.01815 0.1643 0.09551 0.09213
75  4.986  0.001 0.02253 0.02114 0.01843 0.001758 0.0169 -0.1474
191  4.991  0.001 0.01641 0.02101 0.01843 0.1643 0.09551 -0.05351
247  5.017  0.001 0.01759 0.02262 0.01749 0.05921 0.05599 0.1063
16  5.026  0.001 0.01712 0.01433 0.01802 0.02247 0.08492 -0.1438
128  5.041  0.001 0.01598 0.02174 0.01766 -0.159 -0.01242 0.2598
165  5.045  0.001 0.01591 0.02069 0.01746 0.01562 -0.03429 0.1453
257  5.061  0.001 0.02289 0.02108 0.01743 0.05459 -0.01341 0.02068
146  5.062  0.001 0.01712 0.02008 0.01843 0.01395 -0.04931 -0.02054
279  5.069  0.001 0.01923 0.01681 0.01843 0.07717 -0.1524 -0.1115
158  5.07  0.001 0.01446 0.0208 0.01743 -0.08818 -0.0168 0.07958
213  5.074  0.001 0.01519 0.02096 0.01744 0.03534 0.02744 0.1928
146  5.092  0.001 0.01899 0.01903 0.01843 0.08166 -0.0286 -0.07866
30  5.093  0.001 0.02363 0.01709 0.01751 0.01978 -0.3591 0.2671
110  5.094  0.001 0.02206 0.02024 0.01762 -2.434 -3.3 3.292
93  5.094  0.001 0.0228 0.01871 0.01746 -0.01634 -0.8191 0.6229
192  5.099  0.001 0.02259 0.01933 0.01748 0.09994 -0.3819 0.3693
286   5.1  0.001 0.0176 0.01824 0.01745 -0.2653 -0.1183 0.1444
201  5.102  0.001 0.02057 0.02093 0.01743 -0.03549 0.002637 0.01139
213  5.107  0.001 0.01637 0.02187 0.01843 0.03534 0.02744 -0.1332
13  5.122  0.001 0.01401 0.0183 0.0182 0.1184 0.2137 -0.2153
220  5.122  0.001 0.01864 0.02396 0.01843 -0.008601 0.04959 -0.04493
255  5.161  0.001 0.01812 0.01454 0.01843 0.01159 -0.1883 -0.1111
151  5.185  0.001 0.01953 0.01418 0.01843 -0.1155 -0.01702 -0.2292
13  5.19  0.001 0.01474 0.02179 0.01773 0.003304 -0.01503 -0.007425
198  5.238  0.001 0.019 0.02261 0.01768 0.01248 -0.1027 0.2691
97  5.243  0.001 0.01653 0.02067 0.01752 -0.02255 -0.1761 0.3357
198  5.29  0.001 0.01965 0.01727 0.01843 0.01248 -0.1027 -0.2403
219  5.295  0.001 0.01419 0.01882 0.01843 0.009578 -0.03827 -0.2306
264  5.309  0.001 0.01759 0.02119 0.0176 -0.0163 -0.09565 0.1383
167  5.323  0.001 0.01953 0.01404 0.01843 -0.0001504 0.0698 -0.2478
264  5.328  0.001 0.01728 0.01933 0.01843 -0.0163 -0.09565 -0.0526
143  5.332  0.001 0.01991 0.02204 0.01757 0.1488 -0.3264 0.6357
190  5.338  0.001 0.02395 0.01895 0.01764 0.09519 -0.3763 0.7943
142  5.34  0.001 0.01859 0.02191 0.01743 0.02885 -0.01649 0.03195
7  5.342  0.001 0.02139 0.01474 0.01755 -0.2852 -0.2926 0.2135
131  5.344  0.001 0.01893 0.01458 0.0177 0.3996 -0.4428 0.8524
178  5.347  0.001 0.02273 0.0201 0.01745 0.1945 -0.132 0.2229
97  5.347  0.001 0.01713 0.01437 0.01755 -0.00313 -0.07341 0.2728
12  5.352  0.001 0.02211 0.02085 0.01746 0.08649 -0.2561 0.2632
267  5.382  0.001 0.02412 0.01964 0.01745 -0.07066 -0.0543 -0.02517
132  5.383  0.001 0.02055 0.02287 0.01843 -0.1044 0.03349 -0.3761
93  5.385  0.001 0.0168 0.02067 0.01747 0.02416 -0.0428 0.1405
93  5.402  0.001 0.01721 0.01993 0.01843 0.02416 -0.0428 -0.02835
166  5.409  0.001 0.02026 0.0141 0.01761 -0.07522 0.05664 -0.2183
238  5.445  0.001 0.01526 0.02246 0.01815 0.05948 -0.07028 -0.1549
200  5.451  0.001 0.02014 0.02105 0.01778 0.0516 -0.4115 0.7012
162  5.48  0.001 0.01987 0.01877 0.01748 -0.36 -0.3903 0.1869
168  5.481  0.001 0.0223 0.01511 0.01743 -0.1271 0.1239 -0.4213
146  5.481  0.001 0.01669 0.02153 0.01754 -0.8236 -0.01442 0.2051
186  5.482  0.001 0.01851 0.01903 0.01843 6.4e-05 -0.05555 -0.08171
131  5.51  0.001 0.02302 0.01664 0.01763 -0.17 0.0663 0.2141
162  5.523  0.001 0.01678 0.01568 0.01843 0.04311 0.05563 -0.1703
49  5.535  0.001 0.02394 0.01997 0.01761 -0.6195 -1.204 1.592
270  5.541  0.001 0.0224 0.0225 0.01749 0.105 -0.006734 0.3307
223  5.542  0.001 0.02065 0.01987 0.01745 -0.009031 0.01095 0.07264
157  5.545  0.001 0.01835 0.02149 0.01746 -0.0487 0.0008445 0.1659
172  5.547  0.001 0.01928 0.02091 0.01745 -0.06721 0.04491 0.08033
131  5.55  0.001 0.01631 0.01926 0.01843 -0.17 0.0663 -0.1733
157  5.571  0.001 0.01707 0.02151 0.01843 -0.0487 0.0008445 -0.09228
275  5.578  0.001 0.01733 0.01425 0.01749 -9.021e-05 0.1686 -0.4773
260  5.598  0.001 0.02043 0.01898 0.01746 0.05422 -0.0668 0.1023
108  5.602  0.001 0.01827 0.02124 0.01745 -0.01368 -5.934e-05 0.04852
200  5.609  0.001 0.01965 0.01398 0.01747 -0.01019 0.1842 -0.4963
241  5.615  0.001 0.01669 0.02105 0.01747 0.4593 0.2744 0.3912
88  5.628  0.001 0.0204 0.02154 0.01745 0.01166 -0.02851 0.143
22  5.63  0.001 0.01916 0.02192 0.01744 -0.1133 -0.05057 0.2155
46  5.632  0.001 0.02196 0.0215 0.01743 0.086 -0.01268 0.1491
198  5.632  0.001 0.02335 0.02125 0.01843 0.05796 -0.02154 -0.07192
231  5.634  0.001 0.021 0.02168 0.01747 0.09129 -0.1501 0.549
116  5.651  0.001 0.01594 0.01755 0.01843 -0.08424 -0.07192 -0.2985
272  5.653  0.001 0.01835 0.02393 0.01843 -0.05613 0.009738 -0.06422
22  5.665  0.001 0.01588 0.02164 0.01843 -0.09236 -0.00692 -0.1455
202  5.684  0.001 0.01674 0.01604 0.01843 0.03966 0.09265 -0.2164
250  5.684  0.001 0.02295 0.02195 0.01746 -0.03686 0.01099 0.07773
127  5.705  0.001 0.01982 0.02252 0.01755 0.3038 -0.1734 0.942
88  5.721  0.001 0.01578 0.01514 0.01745 0.02988 0.07557 -0.2487
1  5.737  0.001 0.01698 0.02371 0.01763 0.1232 -0.1256 0.04871
299  5.784  0.001 0.01517 0.022 0.0176 0.09253 -0.06259 0.1645
299  5.812  0.001 0.01771 0.02029 0.01843 0.09253 -0.06259 -0.104
117  5.829  0.001 0.01639 0.02156 0.01749 0.1991 -0.2571 0.3944
128  5.83  0.001 0.01439 0.02085 0.01746 -0.2238 -0.2154 0.3474
217  5.832  0.001 0.02076 0.02134 0.01749 -0.1636 0.07736 0.3927
256  5.833  0.001 0.02005 0.02046 0.01744 -0.04885 -0.04723 0.1617
51  5.837  0.001 0.01676 0.02304 0.01744 -0.02746 -0.03922 0.1157
160  5.851  0.001 0.0166 0.01796 0.01843 0.0495 -0.1052 -0.0345
149  5.853  0.001 0.01598 0.01929 0.01745 -0.06995 -0.06622 0.09688
186  5.857  0.001 0.02062 0.02298 0.01843 0.08401 0.03647 -0.06854
256  5.858  0.001 0.01884 0.01929 0.01843 -0.04885 -0.04723 -0.08223
264  5.864  0.001 0.01869 0.01591 0.01843 0.05725 -0.1829 -0.08966
289  5.903  0.001 0.02191 0.02222 0.01746 0.08482 -0.0482 0.06415
181  5.918  0.001 0.0239 0.01774 0.01748 -0.02043 0.01524 0.2917
117  5.942  0.001 0.02304 0.01618 0.01746 -0.00234 -0.008098 0.02944
13  5.954  0.001 0.02369 0.02118 0.01824 -0.107 0.07192 0.1055
241  5.964  0.001 0.02227 0.02118 0.01743 -0.05244 -0.06605 0.09801
66  5.973  0.001 0.0158 0.0227 0.01753 -0.01527 0.03731 0.1423
13  5.973  0.001 0.0216 0.02258 0.01843 -0.107 0.07192 -0.08569
181  5.974  0.001 0.02275 0.0186 0.01843 -0.02043 0.01524 -0.2579
241  5.986  0.001 0.02224 0.01966 0.01843 0.01206 -0.07021 -0.0468
143  5.99  0.001 0.0214 0.02015 0.01744 0.172 -0.2003 0.2008
15  5.991  0.001 0.02191 0.0224 0.01746 0.1182 -0.002256 0.07746
286  5.994  0.001 0.02135 0.02078 0.01745 0.1533 -0.12 0.1181
255  6.045  0.001 0.02341 0.01641 0.01772 -0.03049 0.03228 0.01376
129  6.084  0.001 0.02196 0.01985 0.01745 -0.07983 -0.05057 0.03408
201  6.155  0.001 0.02234 0.02083 0.01777 -0.03877 0.02268 0.04171
295  6.173  0.001 0.02055 0.02324 0.01779 -0.1221 0.08544 0.1645
41  6.177  0.001 0.0171 0.02134 0.01765 -0.03727 -0.08393 0.1618
201  6.19  0.001 0.02103 0.02071 0.01843 -0.03734 -0.02511 -0.0494
159  6.197  0.001 0.01883 0.01824 0.01843 3.795e-05 -0.07065 -0.06134
41  6.205  0.001 0.01609 0.01906 0.01843 -0.03727 -0.08393 -0.1043
168  6.205  0.001 0.02154 0.01643 0.01843 -0.0583 -0.02206 -0.1383
272  6.209  0.001 0.02075 0.02352 0.01745 -0.1951 0.04383 0.5226
180  6.213  0.001 0.01801 0.02221 0.01745 -0.1589 -0.08377 0.1282
261  6.215  0.001 0.01874 0.02335 0.01843 -0.04511 0.0391 -0.1979
191  6.218  0.001 0.01905 0.0211 0.01747 -0.1211 -0.1199 0.101
239  6.222  0.001 0.01908 0.02247 0.01744 -0.0715 -0.02017 0.03805
270  6.228  0.001 0.02161 0.02153 0.01761 -0.3529 -0.1099 0.5957
12  6.232  0.001 0.02285 0.02147 0.01756 0.07749 -0.04265 0.2741
25  6.25  0.001 0.02185 0.01691 0.01843 0.03845 -0.1176 -0.1601
201  6.276  0.001 0.01872 0.01396 0.01762 0.02144 0.07156 -0.1358
289  6.29  0.001 0.01628 0.01477 0.01762 0.0504 0.1253 -0.194
15  6.297  0.001 0.02348 0.02097 0.01745 0.01945 -0.09445 0.03155
272  6.338  0.001 0.01508 0.02202 0.01746 0.07862 0.007564 0.05259
188  6.38  0.001 0.02309 0.01853 0.01773 -0.2099 -0.1144 0.2816
243  6.434  0.001 0.01483 0.02171 0.01763 -0.8001 -0.6353 0.6763
279  6.436  0.001 0.02061 0.02231 0.01755 0.2595 -0.2123 0.5204
295  6.44  0.001 0.01571 0.02272 0.0175 -0.1314 -0.09601 0.1801
188  6.448  0.001 0.01595 0.015 0.01823 0.05584 0.04344 -0.2354
265  6.463  0.001 0.01606 0.01631 0.01843 -0.09972 -0.1657 -0.07971
129  6.466  0.001 0.02124 0.01739 0.01843 0.03431 -0.1338 -0.0821
220  6.468  0.001 0.01618 0.01721 0.01843 -0.06618 -0.1265 -0.1016
206  6.477  0.001 0.01929 0.01396 0.01822 -0.01696 0.06815 -0.08429
181  6.489  0.001 0.01526 0.01842 0.01843 0.1102 -0.004863 -0.3323
239  6.495  0.001 0.01409 0.01788 0.01724 0.06311 -0.02369 -0.165
46  6.508  0.001 0.02089 0.01514 0.01758 -0.1056 0.01892 0.1525
88  6.508  0.001 0.02212 0.01666 0.01766 0.007896 0.05725 0.1942
202  6.526  0.001 0.02104 0.01545 0.01843 0.06377 -0.01696 -0.1338
261  6.541  0.001 0.01984 0.02275 0.01776 -0.4572 -0.1952 0.797
88  6.544  0.001 0.02239 0.01867 0.01843 0.007896 0.05725 -0.1504
238  6.545  0.001 0.02042 0.02189 0.01744 -0.09781 -0.03885 0.1829
198  6.546  0.001 0.0217 0.02032 0.01749 -0.05323 -0.06626 0.1299
108  6.561  0.001 0.01461 0.0212 0.01745 0.07619 0.03208 0.1381
238  6.576  0.001 0.01742 0.02069 0.01843 -0.09781 -0.03885 -0.1186
183  6.581  0.001 0.02096 0.01531 0.01745 0.0469 0.03403 0.1546
12  6.582  0.001 0.01887 0.01771 0.01762 -0.01325 -0.1739 1.14
204  6.591  0.001 0.02351 0.02047 0.01746 -0.09503 0.04136 0.1251
183  6.603  0.001 0.02202 0.01608 0.01843 0.0469 0.03403 -0.06741
243  6.63  0.001 0.01955 0.01399 0.01759 -0.02016 -0.6398 0.7935
156  6.658  0.001 0.02123 0.02163 0.0176 0.1236 -0.08183 0.1968
31  6.678  0.001 0.02048 0.02344 0.01746 -0.05187 -0.04096 0.1697
13  6.703  0.001 0.01564 0.01775 0.01843 -0.07833 -0.09931 -0.1296
31  6.705  0.001 0.01906 0.02232 0.01843 -0.05187 -0.04096 -0.09844
201  6.731  0.001 0.02097 0.01601 0.01756 0.089 0.2327 0.3397
76  6.74  0.001 0.02135 0.02058 0.01749 -0.07862 -0.1462 0.1741
3  6.752  0.001 0.01893 0.02402 0.01745 0.06453 0.1418 1.027
60  6.754  0.001 0.01399 0.0197 0.01762 0.1246 -0.02079 0.019
76  6.769  0.001 0.01908 0.01636 0.01843 -0.07862 -0.1462 -0.109
88  6.782  0.001 0.01798 0.01931 0.01843 -0.08442 -0.06388 -0.1813
123  6.786  0.001 0.02051 0.02187 0.01746 -0.08836 -0.09365 0.2827
285  6.805  0.001 0.0207 0.01772 0.01751 0.03906 -0.3559 0.2854
30  6.806  0.001 0.02099 0.02096 0.01752 0.009704 -0.04359 0.2972
243  6.829  0.001 0.01984 0.01417 0.01754 0.1785 -0.01964 0.2556
212  6.84  0.001 0.02356 0.02144 0.01747 -0.05303 -0.02923 0.01598
123  6.84  0.001 0.01574 0.01682 0.01843 -0.08836 -0.09365 -0.2465
204  6.855  0.001 0.0215 0.02249 0.01764 -0.5028 -0.02307 1.079
30  6.864  0.001 0.02155 0.01846 0.01843 0.009704 -0.04359 -0.2653
285  6.865  0.001 0.02132 0.0148 0.01843 0.002947 0.04106 -0.2072
163  6.865  0.001 0.01882 0.02378 0.01744 -0.3285 0.0606 0.1117
76  6.875  0.001 0.02241 0.02243 0.01843 0.09183 0.1412 -0.2074
136  6.881  0.001 0.01709 0.02305 0.01757 0.1473 0.004276 0.293
108  6.889  0.001 0.01555 0.02132 0.01744 0.04162 -0.04149 0.08893
156  6.896  0.001 0.0193 0.01806 0.01743 -0.1147 -0.1625 0.0625
295  6.899  0.001 0.01552 0.02179 0.01744 -0.0487 -0.04829 0.05425
84  6.903  0.001 0.01429 0.02087 0.01836 0.04809 -0.03944 0.001554
51  6.918  0.001 0.02358 0.02107 0.01749 0.09588 0.068 0.2716
286  6.921  0.001 0.01699 0.01607 0.0175 -0.6562 -0.677 1.085
199  6.941  0.001 0.019 0.02053 0.01843 0.02573 -0.03323 -0.202
198  6.949  0.001 0.02269 0.01548 0.01822 -0.04095 0.04997 -0.1408
167  6.985  0.001 0.02405 0.01804 0.01778 -0.0997 0.01683 0.005919
128  7.016  0.001 0.0222 0.02162 0.01753 0.2987 -0.005515 0.2172
108  7.026  0.001 0.02049 0.02007 0.01843 0.1379 -0.02304 -0.07465
31  7.031  0.001 0.01633 0.01565 0.01843 0.2322 0.1944 -0.626
143  7.043  0.001 0.02107 0.02077 0.01843 0.1307 -0.02165 -0.1608
66  7.055  0.001 0.02042 0.02205 0.0175 0.2937 -0.2568 0.6335
70  7.058  0.001 0.02019 0.0239 0.01752 0.09094 0.05931 0.3471
261  7.058  0.001 0.01801 0.02128 0.01749 0.01254 -0.04792 0.1912
161  7.061  0.001 0.01982 0.02285 0.01745 0.08836 -0.0922 0.2198
143  7.084  0.001 0.01653 0.01749 0.01843 -0.09316 -0.1296 -0.09487
295  7.089  0.001 0.02413 0.01955 0.01793 -0.3405 -0.2208 0.2035
76  7.095  0.001 0.01596 0.02293 0.01745 -0.1498 -0.05693 0.2011
161  7.101  0.001 0.02333 0.01919 0.01843 0.08836 -0.0922 -0.1701
178  7.106  0.001 0.02137 0.02114 0.01758 -0.5206 -0.168 0.5206
136  7.106  0.001 0.02203 0.02162 0.01751 -0.597 -0.254 0.7826
199  7.113  0.001 0.01891 0.01462 0.01843 -0.1321 -0.2427 -0.08217
15  7.121  0.001 0.01832 0.02271 0.01763 -0.5382 -0.4517 1.827
16  7.238  0.001 0.01758 0.02117 0.01759 -0.3132 -0.4017 0.5536
136  7.259  0.001 0.01428 0.01817 0.01747 0.0307 -0.00498 0.07121
293  7.269  0.001 0.02306 0.01709 0.01745 -0.143 -0.2108 0.06952
25  7.292  0.001 0.02043 0.01998 0.01772 0.266 -1.442 1.304
128  7.307  0.001 0.02383 0.01829 0.01745 0.07898 -0.3146 0.3239
211  7.36  0.001 0.02163 0.01965 0.01746 -0.4828 -0.7476 0.5781
206  7.362  0.001 0.02046 0.01934 0.01747 -0.09844 -0.5948 0.3451
51  7.364  0.001 0.0237 0.01951 0.0175 0.04959 -0.2314 0.2281
57  7.365  0.001 0.02349 0.01723 0.01747 -0.07158 -0.2465 0.1986
225  7.378  0.001 0.01988 0.02034 0.01744 -0.2103 -0.614 0.4512
117  7.38  0.001 0.01614 0.0167 0.01843 -0.004837 0.0878 -0.3442
238  7.404  0.001 0.01642 0.02168 0.01843 -0.06358 -0.04552 -0.1462
206  7.416  0.001 0.01806 0.01681 0.01843 -0.02909 0.1103 -0.2638
284  7.433  0.001 0.02415 0.01911 0.01747 -0.1273 0.02573 -0.06638
225  7.448  0.001 0.01508 0.01639 0.01843 -0.03161 0.08941 -0.3532
211  7.466  0.001 0.01588 0.01505 0.01745 0.09915 0.122 -0.1394
201  7.477  0.001 0.02156 0.01918 0.01744 0.02855 -0.1177 0.1515
70  7.477  0.001 0.02037 0.02038 0.01749 0.01692 -0.1575 0.08278
7  7.479  0.001 0.0177 0.02319 0.01745 -0.0951 -0.02776 0.05645
201  7.499  0.001 0.02217 0.01665 0.01843 0.02855 -0.1177 -0.05974
214  7.499  0.001 0.01834 0.02264 0.01761 -0.1265 -0.1193 0.354
220  7.524  0.001 0.02038 0.02347 0.01773 0.5625 0.1458 2.841
243  7.531  0.001 0.02159 0.01462 0.01778 -0.1954 0.1362 -0.1228
24  7.547  0.001 0.01838 0.02354 0.01749 0.05799 0.1671 0.3954
167  7.567  0.001 0.0196 0.02101 0.01843 0.09275 -0.2927 -0.7445
84  7.572  0.001 0.01396 0.01874 0.01813 0.1214 -0.011 0.08237
84  7.583  0.001 0.01535 0.01861 0.01843 0.1214 -0.011 -0.03013
191  7.595  0.001 0.0184 0.0173 0.01843 -0.05817 -0.1115 -0.06234
167  7.637  0.001 0.01396 0.01875 0.01753 0.0679 0.01086 -0.174
176  7.765  0.001 0.02217 0.02047 0.01751 -0.5609 -0.1562 0.2341
186  7.769  0.001 0.02282 0.01793 0.01843 -0.03365 -0.01224 -0.277
201  7.793  0.001 0.01757 0.01709 0.01843 -0.08734 0.04768 -0.08206
83  7.805  0.001 0.02122 0.02059 0.01744 0.08838 -0.06554 0.04275
176  7.81  0.001 0.01632 0.01865 0.01843 0.1327 0.03016 -0.197
183  7.82  0.001 0.02196 0.02252 0.01767 0.2685 0.02958 0.5785
168  7.82  0.001 0.02265 0.02121 0.01757 0.2619 -0.2519 0.3438
213  7.823  0.001 0.02024 0.02009 0.01743 0.01791 -0.06305 0.1781
296  7.83  0.001 0.02082 0.01988 0.01743 -0.006437 -0.0856 0.07448
213  7.852  0.001 0.02077 0.01824 0.01843 0.01791 -0.06305 -0.1102
189  7.857  0.001 0.01944 0.02298 0.01754 -0.06318 0.05568 0.5047
279  7.931  0.001 0.02204 0.02048 0.01756 0.03836 -0.2747 0.3404
176  7.996  0.001 0.01705 0.01549 0.01843 0.05559 0.06727 -0.2013
84  7.997  0.001 0.02199 0.015 0.01843 -0.04213 0.06439 -0.1319
183  8.127  0.001 0.02204 0.02191 0.01761 -0.3373 -0.2847 1.194
279  8.145  0.001 0.02037 0.01741 0.01749 0.09209 0.2523 0.264
279  8.204  0.001 0.02156 0.0235 0.01796 -0.05087 -0.04394 -0.2484
211  8.255  0.001 0.01934 0.01595 0.01763 0.05384 1.093 2.625
279  8.288  0.001 0.01809 0.01424 0.01843 0.02772 0.07327 -0.19
192  8.296  0.001 0.02284 0.01995 0.01777 0.01796 -0.2119 0.3972
51  8.301  0.001 0.0234 0.02082 0.01756 -0.331 -0.05755 0.4851
170  8.32  0.001 0.01923 0.02161 0.01746 0.2519 -0.2759 0.4077
198  8.322  0.001 0.02133 0.01449 0.0175 -0.08049 0.02582 -0.01478
24  8.327  0.001 0.02226 0.02098 0.01745 0.2662 -0.1935 0.152
238  8.329  0.001 0.02353 0.01913 0.01748 0.4247 -1.344 0.6889
9  8.331  0.001 0.02188 0.02142 0.0175 -0.2626 -0.3882 0.7606
189  8.333  0.001 0.01491 0.02168 0.01744 -0.08598 -0.1497 0.2782
262  8.345  0.001 0.01848 0.01398 0.01815 0.03668 0.09275 -0.0388
200  8.352  0.001 0.01855 0.01403 0.01843 0.01639 0.05099 -0.1346
203  8.363  0.001 0.01919 0.01395 0.01783 -0.009596 0.05646 -0.1328
46  8.372  0.001 0.01942 0.02223 0.01747 -0.9397 -0.06404 0.669
121  8.38  0.001 0.01435 0.02104 0.01802 0.079 -0.03526 -0.2188
1  8.388  0.001 0.01774 0.01806 0.01748 -0.1287 0.4084 0.5008
131  8.409  0.001 0.01808 0.01956 0.01755 0.152 -0.1757 0.5018
99  8.412  0.001 0.01739 0.01742 0.01744 -0.09838 -0.06376 0.04633
279  8.422  0.001 0.02069 0.01925 0.01843 0.012 0.09205 -0.0879
281  8.433  0.001 0.02378 0.01901 0.0176 -0.02268 -0.4394 0.495
212  8.437  0.001 0.0197 0.02114 0.01843 -0.06954 0.07239 -0.2685
284  8.437  0.001 0.01672 0.0152 0.01843 0.008289 0.07516 -0.3079
116  8.442  0.001 0.02413 0.01897 0.01745 -0.05151 -0.1845 0.0865
200  8.458  0.001 0.01619 0.01983 0.01843 -0.05112 0.05699 -0.3257
238  8.464  0.001 0.01473 0.01894 0.01744 0.1658 -0.1289 0.08953
264  8.494  0.001 0.01992 0.02302 0.01757 -0.006902 -0.05984 0.3261
24  8.499  0.001 0.01612 0.01487 0.01729 0.1081 0.201 -0.3205
151  8.521  0.001 0.02059 0.0229 0.01759 -0.1637 0.02398 1.415
142  8.526  0.001 0.01645 0.01697 0.01752 -0.5255 0.6219 0.7828
143  8.527  0.001 0.01781 0.0164 0.01766 -0.3474 0.5077 0.6565
57  8.545  0.001 0.02 0.02019 0.01749 0.1296 -0.1227 0.1958
1  8.547  0.001 0.02163 0.02308 0.01749 0.2254 0.01086 0.1823
264  8.558  0.001 0.01948 0.01921 0.01843 -0.006902 -0.05984 -0.2991
156  8.57  0.001 0.01554 0.02175 0.01744 -0.1875 -0.05028 0.0876
185  8.583  0.001 0.01667 0.02144 0.01749 -0.04572 -0.1747 0.1208
57  8.595  0.001 0.02353 0.01661 0.01777 -0.04506 0.02885 -0.131
149  8.607  0.001 0.02207 0.01494 0.01766 -0.03462 0.04611 -0.1943
84  8.615  0.001 0.02015 0.01407 0.01742 -0.0401 0.1008 -0.2371
143  8.666  0.001 0.02137 0.02216 0.01767 0.1446 -0.1549 0.3331
118  8.696  0.001 0.0183 0.02376 0.01843 -0.2807 0.1652 -0.0458
284  8.701  0.001 0.01845 0.02252 0.01747 -0.454 0.02361 0.4697
142  8.705  0.001 0.01826 0.02409 0.01794 0.02214 -0.08229 -0.1098
192  8.728  0.001 0.01635 0.02155 0.01745 -0.02307 -0.03195 0.08304
255  8.756  0.001 0.017 0.02365 0.01843 -0.04772 -0.05025 -0.1556
191  8.761  0.001 0.02246 0.02141 0.01757 0.08598 -0.2834 0.4197
118  8.794  0.001 0.01476 0.02058 0.01843 0.0765 0.04309 -0.1442
201  8.797  0.001 0.02334 0.02181 0.01824 -1.206 0.4614 4.705
1  8.797  0.001 0.01898 0.02146 0.01754 -2.583 0.1601 1.262
267  8.849  0.001 0.02231 0.01977 0.01744 0.1245 -0.1103 0.2372
159  8.85  0.001 0.02074 0.01877 0.01755 0.08596 -0.2052 0.2047
231  8.85  0.001 0.02127 0.02027 0.01745 0.06656 -0.09324 0.2294
41  8.852  0.001 0.02056 0.01693 0.01745 0.003783 -0.2116 0.1408
57  8.858  0.001 0.01536 0.02143 0.01843 0.069 -0.02299 -0.2798
41  8.885  0.001 0.02042 0.01414 0.01779 -0.01288 0.04355 -0.1187
159  8.895  0.001 0.02203 0.01491 0.01799 -0.03568 0.04787 -0.1818
231  8.905  0.001 0.02346 0.01649 0.01745 -0.05788 0.02112 -0.1209
118  8.908  0.001 0.01902 0.01421 0.01843 -0.002105 0.07814 -0.2263
168  9.108  0.001 0.01762 0.01978 0.01748 0.08765 -0.1043 0.05451
200  9.112  0.001 0.01551 0.01824 0.01843 -0.09578 -0.1558 -0.04378
142  9.165  0.001 0.02399 0.01777 0.0184 -0.06618 0.03028 -0.1971
236  9.199  0.001 0.01734 0.02245 0.01785 0.1454 -0.1407 0.6107
158  9.239  0.001 0.01785 0.02095 0.01745 0.1036 -0.2965 0.2246
31  9.243  0.001 0.01671 0.01451 0.01707 0.1423 0.1662 -0.3253
158  9.288  0.001 0.02035 0.01441 0.01843 -0.01824 0.08023 -0.1736
267   9.3  0.001 0.02321 0.02185 0.01744 0.04104 -0.1343 0.2255
97  9.303  0.001 0.01685 0.02073 0.01744 -0.2461 -0.2356 0.2092
260  9.345  0.001 0.01822 0.02138 0.01744 0.06443 -0.3001 0.3934
265  9.372  0.001 0.01462 0.01651 0.01839 0.04729 0.04422 -0.2288
267  9.413  0.001 0.02371 0.01773 0.01756 -0.03596 0.1015 0.1383
267  9.432  0.001 0.02304 0.01962 0.01843 -0.03596 0.1015 -0.04454
170  9.448  0.001 0.02405 0.0199 0.01773 0.4846 -0.6057 1.531
284  9.477  0.001 0.02016 0.02004 0.01751 0.1504 -0.2561 0.3416
241  9.501  0.001 0.02141 0.02249 0.01745 -0.04958 -0.08627 0.2619
241  9.55  0.001 0.01896 0.01824 0.01843 -0.04958 -0.08627 -0.2222
293  9.564  0.001 0.01931 0.0222 0.01763 -0.01504 -0.1801 0.4923
121  9.589  0.001 0.0145 0.01994 0.01843 0.05701 -0.05549 -0.2034
296  9.589  0.001 0.01626 0.01478 0.01737 0.09752 0.1729 -0.3056
240  9.59  0.001 0.02 0.02287 0.01755 0.07537 -0.835 3.603
24  9.613  0.001 0.02076 0.02255 0.01746 0.002166 -0.186 0.7006
178  9.622  0.001 0.02043 0.02241 0.01749 0.1112 0.04685 0.4183
149  9.626  0.001 0.02023 0.02029 0.01743 0.05919 -0.06279 0.0968
239  9.703  0.001 0.01888 0.0222 0.01746 -16.19 1.859 4.298
100  9.745  0.001 0.02336 0.02003 0.0176 -3.072 -0.1737 1.712
189  9.757  0.001 0.02138 0.02256 0.01746 -0.04098 -0.09324 0.321
189  9.819  0.001 0.01883 0.01675 0.01843 -0.04098 -0.09324 -0.2899
244  9.834  0.001 0.01821 0.02039 0.01753 -0.1563 -0.2087 0.08531
76  9.926  0.001 0.0207 0.02053 0.01743 0.03377 -0.06138 0.06545
282  9.946  0.001 0.01917 0.0223 0.01759 0.1555 -0.1719 0.407
219  10.02  0.001 0.02289 0.02039 0.01754 0.04525 0.0219 0.5011
293  10.02  0.001 0.02225 0.02088 0.01745 0.07041 0.03303 0.2885
200  10.04  0.001 0.01976 0.0141 0.01843 -0.03133 0.08158 -0.1641
206  10.05  0.001 0.02056 0.02211 0.01754 -0.08004 0.05662 0.6601
270  10.06  0.001 0.0228 0.0156 0.01747 -0.01393 -0.4342 0.1974
70  10.07  0.001 0.02082 0.02196 0.01747 0.007311 0.0005305 0.06026
225  10.19  0.001 0.02185 0.01478 0.01713 -0.09056 0.1433 -0.4313
158  10.29  0.001 0.01528 0.01562 0.01732 0.1382 0.1175 -0.3044
219  10.29  0.001 0.02342 0.02137 0.01753 -0.02191 -0.2674 0.4418
293  10.43  0.001 0.02347 0.02011 0.0177 -0.04394 -0.02155 0.07499
203  10.61  0.001 0.01795 0.0142 0.01745 0.03176 -0.06215 0.1696
165  10.65  0.001 0.02367 0.01689 0.01751 -0.05528 0.02565 -0.1686
180  10.75  0.001 0.02149 0.01457 0.01746 -0.1134 0.1673 -0.4523
16  10.77  0.001 0.01829 0.02115 0.01751 -0.07277 -0.03898 0.1106
11  10.78  0.001 0.01923 0.02186 0.01764 0.09609 -0.1768 0.6297
106  10.8  0.001 0.0219 0.01505 0.01747 0.2286 -0.8427 0.2474
258  10.8  0.001 0.02107 0.02082 0.01744 0.1037 -0.001093 0.1689
106  10.83  0.001 0.0171 0.01691 0.01843 -0.1531 0.08174 -0.139
265  10.94  0.001 0.01879 0.01417 0.01843 -0.01228 0.158 -0.5196
11  10.95  0.001 0.02149 0.01648 0.01783 0.002414 0.06123 0.09451
270  11.01  0.001 0.02188 0.02219 0.01781 0.07451 -0.04224 0.2055
104  11.01  0.001 0.01918 0.02171 0.01754 -0.0734 -0.1107 0.1626
104  11.03  0.001 0.01726 0.01881 0.01843 -0.0734 -0.1107 -0.09479
203  11.04  0.001 0.01923 0.01553 0.01745 0.0125 0.05407 0.05907
277  11.13  0.001 0.01911 0.02298 0.01778 -0.6158 -0.3731 1.221
128  11.2  0.001 0.02193 0.02037 0.01744 0.05161 -0.118 0.3448
63  11.2  0.001 0.02218 0.02206 0.01751 -0.1232 -0.5165 0.9897
202  11.2  0.001 0.02097 0.02359 0.01748 -0.2434 0.1864 1.167
270  11.2  0.001 0.02335 0.02161 0.01754 0.09655 -0.3446 0.8117
46  11.21  0.001 0.02204 0.02133 0.01766 0.1874 -0.3498 0.7528
26  11.21  0.001 0.02228 0.02093 0.01749 0.1529 -0.2675 0.4629
214  11.21  0.001 0.0238 0.01917 0.01745 0.05874 -0.164 0.191
128  11.36  0.001 0.02249 0.01529 0.01738 -0.1145 0.1574 -0.456
212  11.51  0.001 0.02381 0.01722 0.01762 -0.1103 -0.1483 0.008451
154  11.53  0.001 0.02157 0.01462 0.01802 -0.1156 -0.00724 -0.1043
281  11.63  0.001 0.01848 0.02141 0.01768 -0.1777 -0.2394 0.3501
258  11.67  0.001 0.02006 0.02079 0.01749 0.01036 -0.3009 0.4504
258  11.77  0.001 0.02052 0.01416 0.01707 -0.01013 0.1413 -0.2829
26  11.83  0.001 0.02287 0.01953 0.0175 0.4491 -0.3305 0.3362
16  11.83  0.001 0.02145 0.02156 0.01749 0.22 -0.2761 0.3425
213  11.9  0.001 0.0147 0.01639 0.01724 0.09884 0.05893 -0.1549
158  11.93  0.001 0.02238 0.01519 0.01801 -0.03409 0.05095 -0.1549
217  11.99  0.001 0.02046 0.02253 0.01747 0.2373 -0.172 1.141
142  11.99  0.001 0.02133 0.02232 0.01778 0.1813 -0.2102 1.025
26    12  0.001 0.02234 0.01681 0.01763 0.2056 0.4864 0.6806
219  12.01  0.001 0.02257 0.01583 0.01754 0.12 0.1409 0.3611
24  12.32  0.001 0.0229 0.01926 0.01745 0.08784 -0.162 0.1863
16  12.33  0.001 0.02165 0.0227 0.01769 -0.05397 -0.08421 1.486
198  12.33  0.001 0.02375 0.02051 0.01748 -0.1201 -0.6212 0.8797
30  12.33  0.001 0.02399 0.01861 0.01743 0.03581 -0.1148 0.06826
225  12.33  0.001 0.02403 0.01964 0.01767 0.03366 -0.682 0.7725
180  12.34  0.001 0.02389 0.02038 0.01747 -0.02125 -0.1521 0.1402
180  12.35  0.001 0.02353 0.0178 0.01843 -0.02125 -0.1521 -0.02617
200  12.35  0.001 0.02259 0.01827 0.0175 0.4017 -1.015 0.431
180  12.4  0.001 0.02091 0.01548 0.01843 -0.09464 -0.02566 -0.2208
70  12.43  0.001 0.01536 0.02258 0.01785 0.07747 -0.1056 -0.2092
