# ID time  diameter x y z u v w  (ex ey ez, color)
34  0.05317  0.001 0.01639 0.01987 0.01843    0    0 -0.01
235  0.05914  0.001 0.02222 0.02067 0.01843    0    0 -0.01
147  0.06392  0.001 0.02045 0.01613 0.01843    0    0 -0.01
250  0.06662  0.001 0.01759 0.01498 0.01843    0    0 -0.01
138  0.06866  0.001 0.01656 0.01692 0.01843    0    0 -0.01
104  0.07182  0.001 0.01616 0.02247 0.01843    0    0 -0.01
97  0.07955  0.001 0.01872 0.02302 0.01843    0    0 -0.01
160  0.08483  0.001 0.0163 0.01863 0.01843    0    0 -0.01
134  0.0854  0.001 0.01984 0.02264 0.01843    0    0 -0.01
132  0.08895  0.001 0.01647 0.02102 0.01843    0    0 -0.01
27  0.0962  0.001 0.01913 0.02014 0.01843    0    0 -0.01
139  0.1053  0.001 0.0183 0.01678 0.01843    0    0 -0.01
110  0.1068  0.001 0.01871 0.01898 0.01843    0    0 -0.01
9  0.1113  0.001 0.02059 0.02017 0.01843    0    0 -0.01
60  0.1229  0.001 0.01791 0.02168 0.01843    0    0 -0.01
190  0.1278  0.001 0.02068 0.017 0.01843    0    0 -0.01
76  0.1478  0.001 0.01562 0.02101 0.01843    0    0 -0.01
21  0.1625  0.001 0.01711 0.01814 0.01843    0    0 -0.01
129  0.1631  0.001 0.0228 0.02163 0.01843    0    0 -0.01
13  0.1643  0.001 0.01463 0.01945 0.01843    0    0 -0.01
191  0.1769  0.001 0.01917 0.02335 0.01843    0    0 -0.01
239  0.1774  0.001 0.01948 0.01932 0.01843    0    0 -0.01
154  0.1823  0.001 0.02328 0.01916 0.01843    0    0 -0.01
7  0.1841  0.001 0.01673 0.01615 0.01843    0    0 -0.01
98  0.1917  0.001 0.02163 0.01831 0.01843    0    0 -0.01
176  0.2017  0.001 0.01694 0.02189 0.01843    0    0 -0.01
113  0.2033  0.001 0.02111 0.01615 0.01843    0    0 -0.01
17  0.206  0.001 0.02091 0.02027 0.01843    0    0 -0.01
43  0.207  0.001 0.01482 0.01777 0.01843    0    0 -0.01
99  0.2159  0.001 0.01617 0.01891 0.01843    0    0 -0.01
102  0.2189  0.001 0.0173 0.0233 0.01843    0    0 -0.01
129  0.2326  0.001 0.02113 0.01956 0.01843 0.1413 0.1282 -0.198
168  0.2337  0.001 0.01555 0.02204 0.01843    0    0 -0.01
245  0.2479  0.001 0.01804 0.02247 0.01843    0    0 -0.01
162  0.2501  0.001 0.01545 0.01635 0.01843    0    0 -0.01
24  0.2578  0.001 0.01754 0.01674 0.01843    0    0 -0.01
189  0.2688  0.001 0.0229 0.01804 0.01843    0    0 -0.01
227  0.2702  0.001 0.02115 0.01512 0.01843    0    0 -0.01
253  0.2798  0.001 0.02154 0.02119 0.01843    0    0 -0.01
52  0.2912  0.001 0.01943 0.02314 0.01843    0    0 -0.01
184  0.2917  0.001 0.02168 0.0177 0.01843    0    0 -0.01
175  0.3013  0.001 0.01918 0.02217 0.01843    0    0 -0.01
231  0.3049  0.001 0.01737 0.01784 0.01843    0    0 -0.01
238  0.3126  0.001 0.01954 0.01846 0.01843    0    0 -0.01
40  0.3195  0.001 0.0216 0.01895 0.01843    0    0 -0.01
93  0.323  0.001 0.01737 0.02071 0.01843    0    0 -0.01
95  0.3248  0.001 0.01616 0.01567 0.01843    0    0 -0.01
86  0.3315  0.001 0.01851 0.01681 0.01843    0    0 -0.01
208  0.3371  0.001 0.02267 0.017 0.01843    0    0 -0.01
61  0.3423  0.001 0.01517 0.01768 0.01843    0    0 -0.01
96  0.3541  0.001 0.01501 0.0202 0.01843    0    0 -0.01
45  0.3594  0.001 0.02211 0.02042 0.01843    0    0 -0.01
213  0.3644  0.001 0.0162 0.01808 0.01843    0    0 -0.01
145  0.3677  0.001 0.01563 0.01933 0.01843    0    0 -0.01
20  0.368  0.001 0.01962 0.01486 0.01843    0    0 -0.01
18  0.3966  0.001 0.01952 0.02012 0.01843    0    0 -0.01
33  0.4006  0.001 0.02169 0.01713 0.01843    0    0 -0.01
1  0.4077  0.001 0.02081 0.01787 0.01843    0    0 -0.01
178  0.4118  0.001 0.01714 0.01984 0.01843    0    0 -0.01
234  0.4187  0.001 0.01655 0.019 0.01843    0    0 -0.01
201  0.4204  0.001 0.0202 0.02347 0.01843    0    0 -0.01
58  0.4211  0.001 0.01666 0.02269 0.01843    0    0 -0.01
136  0.4234  0.001 0.02088 0.01981 0.01843    0    0 -0.01
193  0.4262  0.001 0.0213 0.02224 0.01843    0    0 -0.01
143  0.4284  0.001 0.01495 0.01817 0.01843    0    0 -0.01
187  0.4334  0.001 0.02219 0.02125 0.01843    0    0 -0.01
12  0.4372  0.001 0.01826 0.02318 0.01843    0    0 -0.01
25  0.4389  0.001 0.01985 0.01664 0.01843    0    0 -0.01
159  0.4451  0.001 0.01746 0.02112 0.01843    0    0 -0.01
215  0.4512  0.001 0.01686 0.01645 0.01843    0    0 -0.01
164  0.4514  0.001 0.02136 0.01577 0.01843    0    0 -0.01
36  0.4627  0.001 0.02103 0.02112 0.01843    0    0 -0.01
218  0.4678  0.001 0.01793 0.02221 0.01843    0    0 -0.01
212  0.4696  0.001 0.01521 0.02155 0.01843    0    0 -0.01
214  0.4804  0.001 0.0183 0.01908 0.01843    0    0 -0.01
174  0.4947  0.001 0.01965 0.01827 0.01843    0    0 -0.01
194  0.5005  0.001 0.01511 0.01726 0.01843    0    0 -0.01
5  0.5073  0.001 0.01997 0.01562 0.01843    0    0 -0.01
157  0.5108  0.001 0.01665 0.02084 0.01843    0    0 -0.01
2  0.5116  0.001 0.01628 0.01757 0.01843    0    0 -0.01
205  0.5258  0.001 0.02304 0.01702 0.01843    0    0 -0.01
106  0.5303  0.001 0.01842 0.02092 0.01843    0    0 -0.01
111  0.5352  0.001 0.02183 0.01624 0.01843    0    0 -0.01
109  0.5363  0.001 0.01568 0.01649 0.01843    0    0 -0.01
232  0.5365  0.001 0.01854 0.01581 0.01843    0    0 -0.01
216  0.5384  0.001 0.0203 0.01995 0.01843    0    0 -0.01
180  0.5386  0.001 0.01715 0.01514 0.01843    0    0 -0.01
106  0.5658  0.001 0.01541 0.01982 0.01843 -0.2227 -0.07028 -0.04169
142  0.5668  0.001 0.02311 0.01818 0.01843    0    0 -0.01
252  0.5683  0.001 0.01892 0.01955 0.01843    0    0 -0.01
10  0.5744  0.001 0.01808 0.02272 0.01843    0    0 -0.01
53  0.5898  0.001 0.02289 0.02038 0.01843    0    0 -0.01
219  0.6029  0.001 0.01503 0.02091 0.01843    0    0 -0.01
62  0.614  0.001 0.02153 0.02145 0.01843    0    0 -0.01
152  0.62  0.001 0.021 0.01928 0.01843    0    0 -0.01
170  0.6221  0.001 0.01457 0.01927 0.01843    0    0 -0.01
23  0.6253  0.001 0.01723 0.01959 0.01843    0    0 -0.01
39  0.6331  0.001 0.02185 0.01815 0.01843    0    0 -0.01
220  0.6333  0.001 0.01656 0.0179 0.01843    0    0 -0.01
150  0.6351  0.001 0.01955 0.02079 0.01843    0    0 -0.01
133  0.6373  0.001 0.017 0.02139 0.01843    0    0 -0.01
137  0.6381  0.001 0.01816 0.02008 0.01843    0    0 -0.01
131  0.6386  0.001 0.01488 0.01786 0.01843    0    0 -0.01
163  0.6422  0.001 0.0207 0.01582 0.01843    0    0 -0.01
229  0.6428  0.001 0.0176 0.01613 0.01843    0    0 -0.01
236  0.6505  0.001 0.01902 0.0219 0.01843    0    0 -0.01
155  0.651  0.001 0.01941 0.01807 0.01843    0    0 -0.01
42  0.6615  0.001 0.02035 0.01736 0.01843    0    0 -0.01
49  0.6657  0.001 0.01769 0.01745 0.01843    0    0 -0.01
210  0.6664  0.001 0.0204 0.01858 0.01843    0    0 -0.01
159  0.6678  0.001 0.02397 0.0204 0.01735 -0.08542 -0.02074 -0.0361
103  0.6743  0.001 0.0217 0.02055 0.01843    0    0 -0.01
198  0.7038  0.001 0.01887 0.01494 0.01843    0    0 -0.01
57  0.7097  0.001 0.01552 0.01988 0.01843    0    0 -0.01
108  0.7122  0.001 0.0216 0.01586 0.01843    0    0 -0.01
19  0.7171  0.001 0.01712 0.02242 0.01843    0    0 -0.01
156  0.7224  0.001 0.01698 0.01854 0.01843    0    0 -0.01
80  0.7409  0.001 0.01688 0.0213 0.01843    0    0 -0.01
116  0.7454  0.001 0.01603 0.01891 0.01843    0    0 -0.01
107  0.7475  0.001 0.02296 0.01804 0.01843    0    0 -0.01
115  0.7531  0.001 0.02047 0.0195 0.01843    0    0 -0.01
196  0.7569  0.001 0.01602 0.01569 0.01843    0    0 -0.01
192  0.7577  0.001 0.02155 0.01829 0.01843    0    0 -0.01
123  0.7603  0.001 0.01684 0.01964 0.01843    0    0 -0.01
105  0.7779  0.001 0.01763 0.0152 0.01843    0    0 -0.01
32  0.7825  0.001 0.01888 0.02229 0.01843    0    0 -0.01
117  0.7827  0.001 0.01968 0.01637 0.01843    0    0 -0.01
142  0.7849  0.001 0.02314 0.02193 0.01843 0.03363 0.08021 -0.1218
128  0.795  0.001 0.01953 0.01867 0.01843    0    0 -0.01
199  0.7971  0.001 0.02102 0.01621 0.01843    0    0 -0.01
141  0.7984  0.001 0.02181 0.01962 0.01843    0    0 -0.01
74  0.8036  0.001 0.01815 0.02297 0.01843    0    0 -0.01
88  0.8066  0.001 0.02043 0.02121 0.01843    0    0 -0.01
171  0.8135  0.001 0.02089 0.01773 0.01843    0    0 -0.01
70  0.8141  0.001 0.02335 0.02054 0.01843    0    0 -0.01
30  0.8287  0.001 0.01971 0.02318 0.01843    0    0 -0.01
85  0.832  0.001 0.01688 0.01696 0.01843    0    0 -0.01
254  0.8347  0.001 0.01985 0.01743 0.01843    0    0 -0.01
40  0.8431  0.001 0.02397 0.0204 0.01798 0.04934 -0.3518 0.3165
144  0.8455  0.001 0.01803 0.01874 0.01843    0    0 -0.01
92  0.8456  0.001 0.02119 0.02175 0.01843    0    0 -0.01
53  0.8478  0.001 0.02268 0.02001 0.01843 -0.1968 0.1564 -0.1191
41  0.8485  0.001 0.01653 0.01864 0.01843    0    0 -0.01
142  0.8517  0.001 0.01986 0.01697 0.01843 -0.2444 -0.2201 -0.01511
88  0.8524  0.001 0.02006 0.02105 0.01843 0.07146 0.09448 -0.09531
193  0.8533  0.001 0.02292 0.0207 0.01843 0.0006469 0.09574 -0.2612
35  0.8608  0.001 0.0186 0.01972 0.01843    0    0 -0.01
6  0.8632  0.001 0.01482 0.01773 0.01843    0    0 -0.01
240  0.8689  0.001 0.02228 0.018 0.01843    0    0 -0.01
64  0.877  0.001 0.02031 0.01563 0.01843    0    0 -0.01
121  0.8801  0.001 0.02356 0.01891 0.01843    0    0 -0.01
223  0.8924  0.001 0.01917 0.01547 0.01843    0    0 -0.01
141  0.8958  0.001 0.02361 0.02135 0.01766 -0.07189 0.07944 -0.01031
203  0.8963  0.001 0.01456 0.01956 0.01843    0    0 -0.01
54  0.8994  0.001 0.01829 0.02213 0.01843    0    0 -0.01
62  0.9047  0.001 0.02414 0.01861 0.01759 -0.02354 -0.03962 -0.03643
124  0.9082  0.001 0.01952 0.01848 0.01843    0    0 -0.01
149  0.9126  0.001 0.0176 0.02316 0.01843    0    0 -0.01
225  0.9166  0.001 0.02126 0.0204 0.01843    0    0 -0.01
237  0.9227  0.001 0.01576 0.01741 0.01843    0    0 -0.01
94  0.9358  0.001 0.01871 0.02356 0.01843    0    0 -0.01
38  0.9456  0.001 0.01873 0.0173 0.01843    0    0 -0.01
181  0.9534  0.001 0.01572 0.01929 0.01843    0    0 -0.01
82  0.9634  0.001 0.01999 0.02003 0.01843    0    0 -0.01
158  0.9656  0.001 0.01813 0.01548 0.01843    0    0 -0.01
28  0.9722  0.001 0.01948 0.01647 0.01843    0    0 -0.01
90  0.9769  0.001 0.02262 0.01886 0.01843    0    0 -0.01
243  0.9829  0.001 0.02142 0.02272 0.01843    0    0 -0.01
101  0.9889  0.001 0.01545 0.0212 0.01843    0    0 -0.01
179  0.9931  0.001 0.02016 0.02316 0.01843    0    0 -0.01
50  0.9953  0.001 0.02131 0.02105 0.01843    0    0 -0.01
233  0.9972  0.001 0.01536 0.01815 0.01843    0    0 -0.01
206  1.001  0.001 0.02215 0.02159 0.01843    0    0 -0.01
251  1.004  0.001 0.02085 0.01678 0.01843    0    0 -0.01
140  1.009  0.001 0.02194 0.01688 0.01843    0    0 -0.01
195  1.01  0.001 0.01948 0.02148 0.01843    0    0 -0.01
173  1.027  0.001 0.01619 0.02008 0.01843    0    0 -0.01
185  1.028  0.001 0.01719 0.02313 0.01843    0    0 -0.01
31  1.034  0.001 0.01766 0.0201 0.01843    0    0 -0.01
135  1.034  0.001 0.01716 0.02143 0.01843    0    0 -0.01
29  1.035  0.001 0.01702 0.01859 0.01843    0    0 -0.01
65  1.048  0.001 0.02053 0.01565 0.01843    0    0 -0.01
81  1.066  0.001 0.02044 0.01858 0.01843    0    0 -0.01
4  1.072  0.001 0.01626 0.01686 0.01843    0    0 -0.01
186  1.08  0.001 0.02087 0.02195 0.01843    0    0 -0.01
249  1.08  0.001 0.01506 0.01911 0.01843    0    0 -0.01
197  1.082  0.001 0.01844 0.0214 0.01843    0    0 -0.01
209  1.094  0.001 0.01774 0.0223 0.01843    0    0 -0.01
125  1.095  0.001 0.02314 0.01765 0.01843    0    0 -0.01
68  1.105  0.001 0.0222 0.02101 0.01843    0    0 -0.01
77  1.109  0.001 0.01958 0.02208 0.01843    0    0 -0.01
37  1.111  0.001 0.01944 0.01617 0.01843    0    0 -0.01
91  1.116  0.001 0.01822 0.02322 0.01843    0    0 -0.01
100  1.125  0.001 0.01747 0.01859 0.01843    0    0 -0.01
159  1.132  0.001 0.02415 0.01912 0.01776 -0.06438 -0.01421 -0.13
174  1.146  0.001 0.02326 0.0213 0.01843 0.1097 0.02215 -0.1436
47  1.147  0.001 0.02229 0.01842 0.01843    0    0 -0.01
59  1.154  0.001 0.02068 0.01794 0.01843    0    0 -0.01
188  1.161  0.001 0.01484 0.01752 0.01843    0    0 -0.01
89  1.165  0.001 0.01789 0.01638 0.01843    0    0 -0.01
8  1.17  0.001 0.02325 0.01895 0.01843    0    0 -0.01
173  1.171  0.001 0.01514 0.01577 0.01753 0.2549 -0.01037 -0.2894
165  1.171  0.001 0.01543 0.02166 0.01843    0    0 -0.01
16  1.176  0.001 0.0164 0.01659 0.01843    0    0 -0.01
247  1.189  0.001 0.02286 0.01693 0.01843    0    0 -0.01
172  1.19  0.001 0.01836 0.02136 0.01843    0    0 -0.01
3  1.194  0.001 0.02304 0.02012 0.01843    0    0 -0.01
161  1.195  0.001 0.02125 0.01911 0.01843    0    0 -0.01
69  1.201  0.001 0.0174 0.0211 0.01843    0    0 -0.01
217  1.211  0.001 0.01732 0.0173 0.01843    0    0 -0.01
204  1.211  0.001 0.01955 0.01906 0.01843    0    0 -0.01
79  1.213  0.001 0.02127 0.02095 0.01843    0    0 -0.01
207  1.219  0.001 0.02175 0.01542 0.01843    0    0 -0.01
228  1.221  0.001 0.01998 0.01523 0.01843    0    0 -0.01
130  1.222  0.001 0.02088 0.02226 0.01843    0    0 -0.01
182  1.225  0.001 0.01576 0.0207 0.01843    0    0 -0.01
14  1.227  0.001 0.01703 0.02308 0.01843    0    0 -0.01
119  1.246  0.001 0.01898 0.02029 0.01843    0    0 -0.01
177  1.254  0.001 0.01937 0.02316 0.01843    0    0 -0.01
11  1.255  0.001 0.01504 0.01872 0.01843    0    0 -0.01
112  1.264  0.001 0.02014 0.02048 0.01843    0    0 -0.01
211  1.278  0.001 0.01681 0.01867 0.01843    0    0 -0.01
183  1.282  0.001 0.01967 0.01625 0.01843    0    0 -0.01
83  1.283  0.001 0.01894 0.01545 0.01843    0    0 -0.01
51  1.283  0.001 0.01577 0.01801 0.01843    0    0 -0.01
255  1.295  0.001 0.02178 0.02028 0.01843    0    0 -0.01
66  1.311  0.001 0.02205 0.01867 0.01843    0    0 -0.01
244  1.317  0.001 0.01748 0.02225 0.01843    0    0 -0.01
44  1.318  0.001 0.01863 0.01723 0.01843    0    0 -0.01
161  1.321  0.001 0.01885 0.01826 0.01843 0.02966 -0.04893 -0.135
66  1.321  0.001 0.02129 0.0199 0.01843 0.01205 0.6453 -0.08806
15  1.323  0.001 0.02053 0.01703 0.01843    0    0 -0.01
46  1.341  0.001 0.01998 0.02162 0.01843    0    0 -0.01
242  1.346  0.001 0.01454 0.01972 0.01843    0    0 -0.01
167  1.349  0.001 0.0163 0.0214 0.01843    0    0 -0.01
151  1.351  0.001 0.0234 0.02 0.01843    0    0 -0.01
15  1.353  0.001 0.01839 0.01573 0.01843 -0.004255 -0.0795 -0.1396
246  1.356  0.001 0.0174 0.01488 0.01843    0    0 -0.01
75  1.357  0.001 0.01804 0.0197 0.01843    0    0 -0.01
120  1.359  0.001 0.02157 0.02285 0.01843    0    0 -0.01
56  1.371  0.001 0.0234 0.01844 0.01843    0    0 -0.01
221  1.376  0.001 0.01858 0.02309 0.01843    0    0 -0.01
153  1.383  0.001 0.02067 0.01857 0.01843    0    0 -0.01
73  1.385  0.001 0.01833 0.02209 0.01843    0    0 -0.01
120  1.401  0.001 0.02096 0.02279 0.01843 -0.09956 0.09285 -0.2194
48  1.407  0.001 0.02045 0.01485 0.01843    0    0 -0.01
226  1.409  0.001 0.01601 0.01853 0.01843    0    0 -0.01
222  1.412  0.001 0.02185 0.02021 0.01843    0    0 -0.01
230  1.434  0.001 0.01854 0.01753 0.01843    0    0 -0.01
221  1.439  0.001 0.01781 0.02181 0.01843 0.5791 0.7346 -0.1704
79  1.442  0.001 0.02233 0.02072 0.01843 0.1661 -0.0231 -0.2915
55  1.442  0.001 0.02214 0.02212 0.01843    0    0 -0.01
194  1.454  0.001 0.02043 0.017 0.01843 -0.07157 -0.1126 -0.09789
38  1.464  0.001 0.02065 0.01939 0.01843 0.02341 0.07942 -0.2032
133  1.465  0.001 0.01913 0.02201 0.01843 -0.003051 0.03116 -0.08762
87  1.465  0.001 0.01611 0.01765 0.01843    0    0 -0.01
230  1.468  0.001 0.01754 0.01428 0.01843 0.0678 0.02273 -0.05179
72  1.469  0.001 0.01511 0.01696 0.01843    0    0 -0.01
124  1.472  0.001 0.021 0.01664 0.01843 0.02045 -0.07273 -0.1079
26  1.474  0.001 0.01705 0.02098 0.01843    0    0 -0.01
78  1.474  0.001 0.0198 0.02115 0.01843    0    0 -0.01
169  1.481  0.001 0.01817 0.02277 0.01843    0    0 -0.01
224  1.488  0.001 0.02009 0.02282 0.01843    0    0 -0.01
127  1.493  0.001 0.01837 0.0211 0.01843    0    0 -0.01
148  1.494  0.001 0.01852 0.01915 0.01843    0    0 -0.01
200  1.495  0.001 0.01773 0.0177 0.01843    0    0 -0.01
84  1.497  0.001 0.01984 0.01551 0.01843    0    0 -0.01
67  1.498  0.001 0.02234 0.01837 0.01843    0    0 -0.01
222  1.498  0.001 0.02049 0.01755 0.01843 0.1714 0.3791 -0.1062
114  1.502  0.001 0.02085 0.02051 0.01843    0    0 -0.01
118  1.507  0.001 0.02199 0.01693 0.01843    0    0 -0.01
22  1.508  0.001 0.01862 0.01522 0.01843    0    0 -0.01
135  1.513  0.001 0.01799 0.02148 0.01843 0.003103 0.005037 -0.0345
114  1.513  0.001 0.0206 0.02069 0.01843 -0.02155 0.01354 -0.03971
146  1.513  0.001 0.0212 0.01539 0.01843    0    0 -0.01
166  1.513  0.001 0.02103 0.02249 0.01843    0    0 -0.01
224  1.522  0.001 0.02059 0.02185 0.01843 0.0337 -0.02168 -0.1007
71  1.527  0.001 0.01692 0.01946 0.01843    0    0 -0.01
50  1.528  0.001 0.02214 0.01643 0.01843 -0.05774 -0.1002 -0.122
202  1.529  0.001 0.01518 0.02089 0.01843    0    0 -0.01
32  1.532  0.001 0.01552 0.0226 0.01843 0.02144 -0.05229 -0.07754
73  1.535  0.001 0.02305 0.01588 0.01808 -0.1186 -0.04713 0.009877
164  1.539  0.001 0.02318 0.01682 0.01843 -0.04955 -0.1078 -0.08446
3  1.54  0.001 0.01973 0.014 0.01756 0.1185 0.09174 -0.011
63  1.541  0.001 0.02206 0.02045 0.01843    0    0 -0.01
248  1.543  0.001 0.02129 0.0196 0.01843    0    0 -0.01
241  1.543  0.001 0.01632 0.02149 0.01843    0    0 -0.01
148  1.545  0.001 0.01983 0.02096 0.01843 -0.09549 0.1466 -0.113
126  1.545  0.001 0.01989 0.01651 0.01843    0    0 -0.01
122  1.547  0.001 0.01864 0.01738 0.01843    0    0 -0.01
179  1.574  0.001 0.01819 0.02408 0.01785 0.03532 -0.1525 -0.07277
177  1.579  0.001 0.01411 0.01872 0.01762 0.864 0.1097 2.053
177  1.583  0.001 0.01674 0.02037 0.01843 0.4529 0.6112 -1.21
161  1.584  0.001 0.02009 0.01405 0.01774 0.004618 0.05319 -0.03391
328  1.59  0.001 0.01983 0.02358 0.01843    0    0 -0.01
255  1.599  0.001 0.01614 0.02189 0.01843 -0.06373 0.12 -0.2031
68  1.604  0.001 0.02102 0.01447 0.01843 -0.1248 0.1069 -0.2663
331  1.606  0.001 0.02224 0.02189 0.01843    0    0 -0.01
291  1.629  0.001 0.01735 0.01524 0.01843    0    0 -0.01
124  1.669  0.001 0.02045 0.01639 0.01843 0.06358 0.1258 -0.3143
296  1.673  0.001 0.01602 0.01779 0.01843    0    0 -0.01
336  1.678  0.001 0.01912 0.01629 0.01843    0    0 -0.01
130  1.682  0.001 0.02081 0.02275 0.01745 0.02747 -0.06655 0.07455
314  1.682  0.001 0.01834 0.01805 0.01843    0    0 -0.01
153  1.717  0.001 0.01995 0.0186 0.01843 0.04325 0.09967 -0.07413
322  1.732  0.001 0.01949 0.02156 0.01843    0    0 -0.01
44  1.744  0.001 0.01646 0.01744 0.01843 0.02715 -0.01173 -0.209
295  1.761  0.001 0.01811 0.02141 0.01843    0    0 -0.01
303  1.771  0.001 0.02237 0.01642 0.01843    0    0 -0.01
312  1.773  0.001 0.02024 0.01482 0.01843    0    0 -0.01
295  1.776  0.001 0.0171 0.02133 0.01843 -0.07937 -0.006183 -0.0597
266  1.78  0.001 0.01926 0.01734 0.01843    0    0 -0.01
322  1.783  0.001 0.0192 0.02387 0.01843 0.03982 -0.01137 -0.038
320  1.785  0.001 0.02251 0.01862 0.01843    0    0 -0.01
138  1.79  0.001 0.01899 0.01837 0.01843 -0.1187 -0.02561 -0.1121
26  1.801  0.001 0.01616 0.016 0.01843 -0.08092 -0.0529 -0.2074
116  1.802  0.001 0.02176 0.02066 0.01843 -0.05327 0.1281 -0.1399
22  1.815  0.001 0.01759 0.01571 0.01843 -0.001341 -0.09441 -0.3583
88  1.83  0.001 0.02184 0.01486 0.01843 0.01127 -0.1324 -0.148
215  1.836  0.001 0.02407 0.01998 0.01836 -0.07329 -0.03979 -0.02299
298  1.854  0.001 0.0201 0.01557 0.01843    0    0 -0.01
186  1.867  0.001 0.02097 0.01813 0.01843 -0.003617 -0.01338 -0.09719
42  1.875  0.001 0.02414 0.01944 0.01766 -0.01757 0.007453 -0.02518
281  1.879  0.001 0.01819 0.02002 0.01843    0    0 -0.01
248  1.885  0.001 0.01879 0.02414 0.01806 0.00136 -0.03378 -0.01309
256  1.891  0.001 0.01746 0.02099 0.01843    0    0 -0.01
337  1.894  0.001 0.01666 0.02006 0.01843    0    0 -0.01
292  1.909  0.001 0.02215 0.01982 0.01843    0    0 -0.01
259  1.944  0.001 0.01506 0.01708 0.01843    0    0 -0.01
299  1.952  0.001 0.01724 0.02263 0.01843    0    0 -0.01
285  1.958  0.001 0.01561 0.01865 0.01843    0    0 -0.01
114  1.98  0.001 0.01852 0.0228 0.01843 -0.06596 -0.05272 -0.1802
329  1.981  0.001 0.02011 0.02123 0.01843    0    0 -0.01
304  1.982  0.001 0.02073 0.01682 0.01843    0    0 -0.01
269  1.984  0.001 0.01517 0.02104 0.01843    0    0 -0.01
333  1.986  0.001 0.01964 0.01633 0.01843    0    0 -0.01
37  1.996  0.001 0.01945 0.0149 0.01843 0.01118 -0.04768 -0.2626
265  2.008  0.001 0.01701 0.02078 0.01843 -0.01852 -0.009144 -0.02604
288  2.01  0.001 0.01914 0.01857 0.01843    0    0 -0.1111
311  2.011  0.001 0.01766 0.02315 0.01843    0    0 -0.118
277  2.012  0.001 0.02224 0.02182 0.01843    0    0 -0.124
282  2.012  0.001 0.01762 0.01644 0.01843    0    0 -0.1262
279  2.012  0.001 0.01637 0.01736 0.01843    0    0 -0.1322
293  2.014  0.001 0.01818 0.02039 0.01843    0    0 -0.1491
332  2.015  0.001 0.02186 0.01914 0.01843    0    0 -0.1575
341  2.017  0.001 0.02275 0.01853 0.01843    0    0 -0.1777
271  2.017  0.001 0.02232 0.01655 0.01843    0    0 -0.1814
338  2.019  0.001 0.0211 0.01712 0.01843    0    0 -0.1984
261  2.019  0.001 0.01942 0.02344 0.01843    0    0 -0.1992
319  2.02  0.001 0.01738 0.01959 0.01843    0    0 -0.2042
294  2.02  0.001 0.01744 0.0184 0.01843    0    0 -0.2081
267  2.022  0.001 0.02128 0.01941 0.01843 -0.02647 0.002549 -0.1638
310  2.022  0.001 0.01771 0.01491 0.01843    0    0 -0.2245
324  2.023  0.001 0.02128 0.02175 0.01843 -0.07123 0.01803 -0.1405
318  2.024  0.001 0.02094 0.01509 0.01843    0    0 -0.2466
290  2.025  0.001 0.01843 0.02142 0.01843    0    0 -0.251
301  2.025  0.001 0.02338 0.01762 0.01843    0    0 -0.2513
308  2.025  0.001 0.02166 0.01818 0.01843    0    0 -0.2593
327  2.026  0.001 0.02038 0.01893 0.01843    0    0 -0.2623
262  2.026  0.001 0.0172 0.02148 0.01843    0    0 -0.2624
270  2.028  0.001 0.01676 0.02261 0.01843 -0.1125 0.1036 -0.1117
306  2.028  0.001 0.01909 0.01504 0.01843    0    0 -0.2894
330  2.029  0.001 0.0206 0.02164 0.01843    0    0 -0.2994
283  2.031  0.001 0.02122 0.01858 0.01843    0    0 -0.3105
307  2.031  0.001 0.01749 0.01918 0.01843 -0.009384 -0.06723 -0.2001
257  2.031  0.001 0.02065 0.01574 0.01843    0    0 -0.3169
263  2.032  0.001 0.01823 0.01819 0.01843    0    0 -0.3227
309  2.032  0.001 0.01872 0.01934 0.01843    0    0 -0.3276
315  2.034  0.001 0.0157 0.01653 0.01843    0    0 -0.3458
335  2.036  0.001 0.02296 0.02064 0.01843    0    0 -0.3602
264  2.036  0.001 0.02218 0.01615 0.01843    0    0 -0.3618
339  2.037  0.001 0.01456 0.01816 0.01843    0    0 -0.3736
317  2.037  0.001 0.01967 0.0158 0.01843    0    0 -0.3749
321  2.038  0.001 0.01653 0.01861 0.01843    0    0 -0.3797
323  2.038  0.001 0.01683 0.01535 0.01843    0    0 -0.3807
272  2.038  0.001 0.02228 0.01705 0.01843    0    0 -0.3827
297  2.039  0.001 0.01774 0.02153 0.01843 0.04031 0.05153 -0.03947
326  2.039  0.001 0.0181 0.02033 0.01843 0.0001487 -0.04608 -0.01145
300  2.039  0.001 0.01674 0.01941 0.01843 0.01147 -0.04389 -0.3565
289  2.04  0.001 0.02141 0.01883 0.01843 0.008536 0.1061 -0.2412
286  2.041  0.001 0.01837 0.01846 0.01843 0.02259 -0.069 -0.0982
302  2.041  0.001 0.01579 0.02186 0.01843    0    0 -0.4107
273  2.042  0.001 0.01942 0.02248 0.01843 0.06411 0.05826 -0.03457
278  2.042  0.001 0.02223 0.01811 0.01843 -0.0998 -0.04471 -0.1236
258  2.042  0.001 0.0237 0.01949 0.01843 0.1008 0.01785 -0.1224
284  2.043  0.001 0.02295 0.01706 0.01843 0.07568 -0.08909 -0.2233
260  2.043  0.001 0.02016 0.02138 0.01843 0.1158 0.03312 -0.1663
280  2.044  0.001 0.0153 0.02112 0.01843    0    0 -0.4409
340  2.044  0.001 0.01608 0.01648 0.01843    0    0 -0.4426
313  2.044  0.001 0.01828 0.02252 0.01843 0.002023 0.0378 -0.06539
275  2.044  0.001 0.02315 0.02037 0.01843 0.004323 0.01915 -0.136
287  2.044  0.001 0.02012 0.01957 0.01843 0.1291 -0.0811 -0.3303
305  2.045  0.001 0.01917 0.02053 0.01843 0.08078 0.03172 -0.172
274  2.045  0.001 0.01655 0.02128 0.01843 -0.043 -0.02647 -0.07449
316  2.048  0.001 0.01607 0.02011 0.01843 -0.06118 -0.07438 -0.05408
268  2.053  0.001 0.01861 0.02408 0.01843 0.02811 0.03237 -0.02722
276  2.054  0.001 0.02031 0.02023 0.01843 0.01229 0.007301 -0.04872
222  2.082  0.001 0.02355 0.01714 0.01744 -0.006286 0.01683 0.01519
325  2.096  0.001 0.01911 0.02337 0.01843 0.02921 -0.000132 -0.0596
247  2.165  0.001 0.02238 0.01919 0.01843 -0.04636 -0.05929 -0.003096
288  2.175  0.001 0.01893 0.02039 0.01843 0.02495 0.02197 -0.01715
334  2.183  0.001 0.01884 0.02166 0.01843 0.01117 -0.00167 -0.004532
338  2.192  0.001 0.01992 0.0149 0.01843 -0.002307 -0.02631 -0.2037
289  2.217  0.001 0.02353 0.02073 0.01843 -0.03077 -0.006601 -0.04339
337  2.224  0.001 0.01746 0.02053 0.01843 0.009557 -0.04764 -0.06235
337  2.229  0.001 0.01757 0.02042 0.01843 0.02095 -0.01485 -0.01452
222  2.23  0.001 0.02091 0.01683 0.01843 -0.1197 -0.0428 -0.04325
334  2.232  0.001 0.01928 0.02138 0.01843 0.01131 -0.01065 -0.1132
307  2.234  0.001 0.01524 0.01566 0.01723 0.06263 0.04922 -0.133
243  2.237  0.001 0.0241 0.01832 0.01843 0.02113 0.01888 -0.1221
290  2.24  0.001 0.02061 0.02122 0.01843 -0.01185 0.005753 -0.0766
334  2.241  0.001 0.0193 0.02129 0.01843 -0.0001704 -0.009295 -0.0293
260  2.244  0.001 0.02192 0.02139 0.01843 0.02242 -0.005947 -0.03564
337  2.246  0.001 0.01753 0.02022 0.01843 -0.001149 -0.002556 -0.004115
313  2.255  0.001 0.01687 0.02316 0.01843 -0.03566 -0.03755 -0.03221
276  2.264  0.001 0.0218 0.01956 0.01843 -0.0002852 -0.01583 -0.03666
337  2.266  0.001 0.01668 0.01969 0.01843 -0.08115 -0.04935 -0.05345
278  2.274  0.001 0.01878 0.01737 0.01843 -0.1471 0.005806 -0.03756
198  2.283  0.001 0.02316 0.01686 0.01743 -0.07401 -0.0906 0.148
301  2.286  0.001 0.01841 0.01486 0.01843 -0.1194 -0.04591 -0.1029
120  2.291  0.001 0.02412 0.01855 0.01746 -0.1561 -0.4227 0.845
113  2.294  0.001 0.02384 0.01886 0.0175 -0.1557 -0.291 0.4249
122  2.296  0.001 0.01803 0.01869 0.01843 -0.09247 -0.02775 -0.02709
137  2.309  0.001 0.01522 0.02001 0.01843 -0.07809 -0.02868 -0.04743
114  2.312  0.001 0.02117 0.02369 0.01833 -0.0002349 -0.006278 -0.009971
140  2.319  0.001 0.0192 0.01586 0.01843 -0.1472 -0.02499 -0.09782
334  2.332  0.001 0.01543 0.02249 0.01843 0.02513 -0.04312 -0.02892
330  2.332  0.001 0.01793 0.02036 0.01843 -0.07752 -0.03715 -0.1775
68  2.332  0.001 0.02404 0.01796 0.01785 -0.08942 0.08587 0.03896
228  2.334  0.001 0.01958 0.01397 0.01833 -0.09991 0.03574 -0.05681
195  2.335  0.001 0.02101 0.01766 0.01843 -0.02424 -0.1035 -0.181
84  2.351  0.001 0.01423 0.01739 0.01748 0.06318 0.007208 -0.2517
97  2.354  0.001 0.01538 0.0155 0.01794 0.03562 0.03595 -0.07197
56  2.356  0.001 0.01614 0.01486 0.01754 0.02026 0.03451 -0.007429
39  2.364  0.001 0.02184 0.01478 0.01794 -0.06101 0.02242 0.02384
156  2.374  0.001 0.02113 0.02247 0.01843 0.2407 0.06543 -0.2128
308  2.375  0.001 0.01934 0.02213 0.01843 -0.05273 0.01806 -0.312
31  2.377  0.001 0.01834 0.02083 0.01843 -0.002235 -0.03856 -0.05565
69  2.383  0.001 0.02047 0.0188 0.01843 0.03526 -0.06243 -0.1108
172  2.386  0.001 0.01919 0.01708 0.01843 0.009277 -0.1028 -0.1556
113  2.387  0.001 0.02051 0.01416 0.0175 0.1074 0.05722 -0.0582
131  2.394  0.001 0.01746 0.01987 0.01843 -0.02454 -0.03696 -0.1868
195  2.397  0.001 0.01898 0.01491 0.01843 0.07034 0.1144 -0.323
139  2.41  0.001 0.01433 0.01711 0.01815 0.05641 0.1149 0.006334
255  2.41  0.001 0.01825 0.02368 0.01843 0.04009 0.00316 -0.04764
151  2.41  0.001 0.02329 0.01765 0.01745 -0.1705 -0.03566 0.123
257  2.414  0.001 0.02362 0.01859 0.01748 -0.1329 0.1502 0.1091
276  2.419  0.001 0.01682 0.01447 0.0176 0.03406 0.06521 0.003222
208  2.44  0.001 0.02248 0.01868 0.01843 -0.09069 0.005425 -0.09915
63  2.604  0.001 0.02357 0.02143 0.01746 -0.0542 0.03782 0.07051
28  2.656  0.001 0.02108 0.0207 0.01843 -0.02498 0.01036 -0.08717
69  2.677  0.001 0.01525 0.0191 0.01843 -0.1152 -0.01974 -0.221
124  2.682  0.001 0.01429 0.01774 0.01843 0.06984 0.01725 -0.1622
28  2.715  0.001 0.02039 0.01996 0.01843 -0.01744 -0.06697 -0.02161
31  2.722  0.001 0.0185 0.02133 0.01843 -0.03661 -0.03978 -0.05571
16  2.725  0.001 0.01854 0.02017 0.01843 -0.04409 -0.03536 -0.1078
148  2.726  0.001 0.01834 0.02261 0.01843 -0.04269 -0.02053 -0.07361
292  2.731  0.001 0.02145 0.02155 0.01843 -0.005086 0.008229 -0.0707
22  2.732  0.001 0.01722 0.01673 0.01843 -0.06067 -0.06557 -0.08835
131  2.734  0.001 0.01643 0.02046 0.01843 -0.05487 0.009463 -0.06549
313  2.734  0.001 0.01628 0.02333 0.01827 0.009984 -0.009573 -0.0141
231  2.74  0.001 0.01984 0.0238 0.01843 0.02024 0.01159 -0.1073
16  2.744  0.001 0.01889 0.01978 0.01843 -0.01574 -0.0119 -0.03075
255  2.748  0.001 0.01812 0.02375 0.01843 0.01661 -0.014 -0.05006
44  2.762  0.001 0.01414 0.01765 0.01732 0.0645 0.01187 -0.1246
55  2.781  0.001 0.01853 0.01612 0.01746 -0.1295 0.06532 0.1023
98  2.802  0.001 0.02073 0.01957 0.01743 -0.01506 -0.004766 0.02139
28  2.812  0.001 0.02003 0.01964 0.01843 -0.02976 -0.04986 -0.02536
64  2.815  0.001 0.02393 0.01832 0.01843 0.0442 -0.03748 -0.1524
119  2.815  0.001 0.01948 0.02179 0.01843 -0.02645 -0.01218 -0.0231
208  2.819  0.001 0.02114 0.01642 0.01843 -0.2742 -0.07824 -0.05714
332  2.823  0.001 0.02356 0.0195 0.01843 0.00626 0.01478 -0.09368
39  2.828  0.001 0.0224 0.01521 0.01843 0.05619 -0.142 -0.1552
231  2.831  0.001 0.02076 0.0236 0.01843 0.006013 -0.01765 -0.08104
179  2.834  0.001 0.02253 0.02228 0.01843 -0.02406 0.00884 -0.05084
252  2.84  0.001 0.0221 0.01953 0.01843 0.01298 -0.05703 -0.1892
179  2.862  0.001 0.0218 0.02252 0.01843 -0.03732 0.01177 -0.01079
291  2.867  0.001 0.02117 0.01493 0.01747 -0.009145 0.01296 0.08055
264  2.871  0.001 0.01988 0.01698 0.01843 -0.01335 0.009346 -0.4453
292  2.88  0.001 0.02089 0.02361 0.01843 -0.02273 0.009963 -0.01922
287  2.899  0.001 0.02299 0.01728 0.01843 0.02856 -0.01246 -0.1596
304  2.919  0.001 0.01862 0.01898 0.01843 -0.0608 0.04671 -0.2684
39  2.927  0.001 0.01712 0.0148 0.01843 -0.06758 -0.01108 -0.3249
121  2.955  0.001 0.02386 0.01917 0.01744 0.002746 0.003697 0.009386
186  2.977  0.001 0.02408 0.01822 0.01765 -0.02687 -0.01206 -0.005407
273  2.989  0.001 0.02077 0.02364 0.01843 -0.01474 0.01181 -0.03565
68  3.002  0.001 0.02217 0.02273 0.01843 -0.03246 0.01148 -0.07186
60  3.01  0.001 0.0178 0.01929 0.01843 -0.1135 -0.04471 -0.1455
146  3.01  0.001 0.02302 0.01626 0.01843 -0.008826 -0.1601 -0.07554
223  3.013  0.001 0.02205 0.02066 0.01843 -0.0191 -0.02672 -0.0718
47  3.015  0.001 0.02048 0.02089 0.01843 0.04697 -0.03929 -0.01432
64  3.017  0.001 0.02307 0.01904 0.01843 0.01585 -0.03729 -0.1428
179  3.019  0.001 0.02067 0.02272 0.01843 -0.004524 -0.01686 -0.04672
28  3.02  0.001 0.01968 0.02059 0.01843 0.07416 -0.01157 -0.06522
334  3.027  0.001 0.01906 0.02072 0.01843 0.0263 -0.02057 -0.1348
252  3.027  0.001 0.01999 0.01933 0.01843 0.03027 -0.01462 -0.01609
63  3.028  0.001 0.0233 0.0199 0.01843 -0.01449 -0.03951 -0.1785
334  3.033  0.001 0.01889 0.02102 0.01843 -0.07884 0.01522 -0.145
159  3.034  0.001 0.02082 0.02174 0.01843 0.04117 0.01999 -0.04882
179  3.053  0.001 0.02039 0.02273 0.01843 -0.02665 0.006771 -0.005397
103  3.054  0.001 0.01966 0.0215 0.01843 0.002098 -0.01141 -0.04309
131  3.059  0.001 0.02338 0.01635 0.01814 -0.07665 0.04659 -0.1255
334  3.062  0.001 0.01899 0.01998 0.01843 -0.004473 -0.03463 -0.00493
274  3.068  0.001 0.01396 0.0187 0.01781 0.1038 -0.07933 -0.008583
179  3.071  0.001 0.02047 0.02275 0.01843 0.01058 -0.009883 -0.01362
103  3.077  0.001 0.01962 0.02145 0.01843 0.0136 -0.008188 -0.008608
329  3.111  0.001 0.02281 0.01712 0.01744 -0.003535 -0.003258 0.01789
258  3.125  0.001 0.0233 0.01899 0.01743 0.002378 0.01444 0.005859
118  3.145  0.001 0.01632 0.01915 0.01744 -0.0439 -0.2017 0.03168
255  3.158  0.001 0.01907 0.02412 0.01843 -0.002731 0.003373 -0.02182
312  3.16  0.001 0.02111 0.01438 0.01772 -0.0183 0.129 -0.2112
262  3.172  0.001 0.01616 0.02289 0.01843 -0.01283 -0.02535 -0.004421
262  3.184  0.001 0.01599 0.02271 0.01843 0.004111 -0.02008 -0.02594
71  3.186  0.001 0.0176 0.02293 0.01843 -0.0005246 -0.01766 -0.01701
331  3.188  0.001 0.0238 0.02093 0.01792 -0.06775 -0.03 0.04981
169  3.188  0.001 0.01925 0.02133 0.01843 -0.008514 -0.04406 -0.02754
255  3.19  0.001 0.01901 0.02416 0.0184 -0.006176 -0.003546 -0.005607
303  3.197  0.001 0.02412 0.01963 0.01796 -0.03013 -0.0333 -0.04195
103  3.204  0.001 0.0188 0.02005 0.01843 -0.0686 -0.01147 -0.1186
273  3.205  0.001 0.02156 0.02349 0.01843 -0.007431 -0.002101 0.003706
273  3.206  0.001 0.02155 0.02349 0.01843 -0.006948 -0.002953 -0.003495
293  3.208  0.001 0.01541 0.01949 0.01753 -0.1212 -0.5495 0.3297
231  3.21  0.001 0.02057 0.02373 0.01843 0.05108 0.06825 -0.03491
112  3.212  0.001 0.01863 0.02138 0.01744 0.01844 -0.06195 0.05161
30  3.226  0.001 0.01935 0.02281 0.01843 -0.05598 0.02342 -0.02706
262  3.227  0.001 0.01572 0.02257 0.01843 0.005996 -0.0203 -0.02947
231  3.23  0.001 0.02069 0.02377 0.01843 0.01005 0.005129 -0.008634
150  3.236  0.001 0.01767 0.01874 0.01843 -0.04061 -0.0935 -0.1235
179  3.237  0.001 0.02003 0.02267 0.01843 -0.01666 -0.00665 -0.1446
239  3.238  0.001 0.01875 0.01526 0.01745 0.0207 0.09637 0.1487
167  3.241  0.001 0.01622 0.02236 0.01843 -0.00177 -0.05284 -0.1042
231  3.248  0.001 0.02069 0.02376 0.01843 0.002448 0.001815 -0.002553
340  3.251  0.001 0.01628 0.01476 0.01806 0.08058 -0.01579 -0.1784
128  3.251  0.001 0.02041 0.0154 0.01843 -0.004249 -0.09714 -0.1669
138  3.256  0.001 0.0177 0.02303 0.01843 -0.07588 0.001933 -0.1771
239  3.258  0.001 0.01917 0.01724 0.01843 0.0207 0.09637 -0.05277
252  3.259  0.001 0.01437 0.01701 0.01788 0.06538 0.01486 -0.1193
327  3.269  0.001 0.01835 0.01931 0.01843 0.03567 -0.04252 -0.04748
259  3.271  0.001 0.01817 0.01762 0.01843 0.01871 -0.06901 -0.06525
231  3.276  0.001 0.0206 0.02361 0.01843 -0.007438 -0.01538 -0.02738
313  3.277  0.001 0.0192 0.02306 0.01843 0.0183 -0.03135 -0.06251
295  3.279  0.001 0.01788 0.02001 0.01843 0.011 -0.0301 -0.1366
121  3.284  0.001 0.02399 0.01907 0.01771 -0.9072 -0.6755 1.709
206  3.291  0.001 0.02069 0.02079 0.01843 -0.05114 -0.08479 -0.06857
13  3.294  0.001 0.01425 0.02076 0.01835 0.03104 -0.09151 0.09437
273  3.297  0.001 0.02242 0.02237 0.01843 0.0287 -0.03375 -0.1319
13  3.313  0.001 0.01482 0.01908 0.01843 0.03104 -0.09151 -0.08573
70  3.313  0.001 0.01951 0.01829 0.01843 -0.1939 -0.009824 -0.1045
85  3.331  0.001 0.01546 0.02268 0.01763 0.1634 0.01269 0.1851
319  3.335  0.001 0.01527 0.0165 0.0175 0.4499 -0.4626 0.4394
169  3.361  0.001 0.01755 0.01437 0.01843 0.2844 -0.1105 -0.2333
114  3.368  0.001 0.02372 0.02049 0.01754 -0.1422 -1.071 1.32
28  3.372  0.001 0.01402 0.01823 0.01816 0.07403 0.1047 -0.1427
206  3.408  0.001 0.01547 0.01748 0.01843 -0.1282 -0.09413 -0.1732
273  3.421  0.001 0.01628 0.01903 0.01843 -0.1074 -0.05787 -0.2453
85  3.423  0.001 0.02101 0.02209 0.01843 0.04343 -0.03934 -0.0697
292  3.431  0.001 0.01921 0.02407 0.01843 0.003621 0.004026 -0.01001
42  3.432  0.001 0.02375 0.02105 0.01822 -0.1288 0.1478 0.2183
201  3.439  0.001 0.02017 0.0194 0.01743 -0.001445 0.01375 0.005152
103  3.449  0.001 0.0151 0.0217 0.01843 -0.02188 0.04138 -0.1319
88  3.476  0.001 0.01946 0.0161 0.01759 -0.003648 -0.8975 0.5254
46  3.476  0.001 0.01833 0.02021 0.01745 -0.1059 -0.08952 0.1934
27  3.48  0.001 0.02066 0.01969 0.01745 -0.2008 -0.08607 0.1598
174  3.485  0.001 0.02002 0.01851 0.01743 -0.05372 -0.05957 0.09762
232  3.487  0.001 0.01603 0.02222 0.01843 -0.06513 0.005452 -0.5643
277  3.489  0.001 0.02338 0.01706 0.01843 -0.06479 -0.05865 -0.1268
1  3.493  0.001 0.02249 0.01739 0.01843 0.0915 -0.1053 -0.03742
27  3.499  0.001 0.01701 0.01833 0.01843 -0.1891 -0.05629 -0.05883
315  3.499  0.001 0.02252 0.01531 0.01795 -0.005125 0.08678 -0.09403
308  3.508  0.001 0.01863 0.02142 0.01843 -0.03183 -0.00238 -0.1087
158  3.509  0.001 0.02153 0.02142 0.01843 0.04275 -0.003966 -0.09039
46  3.51  0.001 0.01479 0.01721 0.01843 -0.1059 -0.08952 -0.1345
212  3.511  0.001 0.02041 0.01829 0.01843 -0.06094 -0.08253 -0.1072
156  3.512  0.001 0.0154 0.01549 0.01734 0.1451 0.1466 -0.3309
72  3.518  0.001 0.01606 0.01522 0.01843 -0.07522 -0.1081 -0.1603
239  3.519  0.001 0.01873 0.01819 0.01843 -0.1089 -0.06102 -0.1332
180  3.53  0.001 0.01398 0.01856 0.01843 -0.2019 -0.01745 -0.2272
210  3.534  0.001 0.02383 0.02082 0.01796 0.0008243 -0.09115 0.0704
264  3.536  0.001 0.01433 0.01958 0.01751 0.02659 -0.06309 0.3143
313  3.536  0.001 0.02131 0.02061 0.01843 0.01617 -0.07032 -0.07453
68  3.544  0.001 0.01566 0.02239 0.01843 -0.15 -0.05942 -0.1821
292  3.549  0.001 0.01711 0.02338 0.01843 -0.01733 -0.04416 -0.0576
16  3.55  0.001 0.01575 0.02139 0.01843 -0.06527 -0.06368 -0.1057
310  3.551  0.001 0.01593 0.01985 0.01843 -0.03917 -0.02171 -0.05774
158  3.554  0.001 0.02186 0.01652 0.01843 0.006749 -0.1337 -0.08344
88  3.559  0.001 0.01749 0.02133 0.01843 0.04786 0.03914 -0.2014
294  3.562  0.001 0.02037 0.02235 0.01843 0.009936 0.04356 -0.09581
92  3.563  0.001 0.02144 0.02298 0.01752 0.03051 0.06533 0.3116
192  3.563  0.001 0.01957 0.02162 0.01748 -0.03745 -0.1374 0.3217
127  3.564  0.001 0.01976 0.02303 0.01746 -0.07863 -0.05287 0.1696
179  3.568  0.001 0.02057 0.01581 0.01843 0.03079 -0.1244 -0.1522
116  3.579  0.001 0.02329 0.02133 0.01843 0.04925 -0.04772 -0.05198
296  3.593  0.001 0.02029 0.02211 0.01843 0.04462 -0.003572 -0.2992
149  3.594  0.001 0.0163 0.01991 0.01843 -0.07563 -0.06888 -0.1211
270  3.595  0.001 0.01467 0.02142 0.01755 -0.2581 -0.2596 0.658
264  3.597  0.001 0.01595 0.01573 0.01843 0.02659 -0.06309 -0.2842
231  3.597  0.001 0.02406 0.01806 0.01762 -0.05333 -0.07542 -0.04663
25   3.6  0.001 0.0175 0.01706 0.01843 -0.07472 -0.09601 -0.1427
74  3.61  0.001 0.02158 0.02319 0.01759 0.07956 -0.2006 0.2649
222  3.61  0.001 0.02082 0.01427 0.01782 -0.01265 0.05075 -0.1736
241  3.611  0.001 0.01743 0.01706 0.01843 -0.06963 -0.0955 -0.2107
304  3.611  0.001 0.02266 0.01544 0.01793 -0.03944 0.04675 -0.2054
161  3.621  0.001 0.01616 0.01501 0.01843 0.02283 0.05976 -0.2862
162  3.632  0.001 0.02413 0.01956 0.01752 -0.009293 0.0143 -0.01006
192  3.635  0.001 0.01767 0.01414 0.01794 0.05106 0.07944 -0.0938
255  3.635  0.001 0.01808 0.02406 0.01825 0.01461 -0.0289 -0.0103
262  3.647  0.001 0.0204 0.01768 0.01843 0.07972 -0.08592 -0.2287
170  3.661  0.001 0.01548 0.02138 0.01843 -0.1022 -0.03408 -0.2133
72  3.676  0.001 0.02192 0.01483 0.01819 -0.1407 0.1166 -0.2483
296  3.699  0.001 0.01733 0.01441 0.01843 0.007157 0.07161 -0.1655
130  3.719  0.001 0.0237 0.01731 0.01743 -0.1622 0.01656 0.04394
141  3.731  0.001 0.01801 0.01405 0.01795 0.01073 0.02356 -0.01526
248  3.735  0.001 0.0232 0.02202 0.01833 -0.007941 -0.06765 -0.006499
66  3.735  0.001 0.02401 0.01784 0.01745 -0.04167 -0.03029 -0.02238
270  3.74  0.001 0.01538 0.0155 0.01728 0.1836 0.1708 -0.3644
332  3.757  0.001 0.02221 0.02099 0.01755 0.04318 -0.03257 0.1066
133  3.759  0.001 0.01935 0.01396 0.0174 0.04055 0.07297 -0.004348
272  3.759  0.001 0.02182 0.01993 0.01758 0.06383 -0.02806 0.1355
247  3.764  0.001 0.02071 0.02169 0.01745 0.01218 -0.01066 0.04865
261  3.767  0.001 0.02407 0.01996 0.01754 -0.06303 -0.02455 0.07029
85  3.768  0.001 0.02041 0.01744 0.01843 -0.05964 -0.07151 -0.01212
272  3.783  0.001 0.02045 0.01958 0.01843 -0.0958 -0.01077 -0.07581
255  3.789  0.001 0.01916 0.02331 0.01843 -0.005395 -0.01473 -0.1304
272  3.792  0.001 0.01952 0.01902 0.01843 -0.1014 -0.06261 -0.03594
113  3.806  0.001 0.02217 0.01726 0.01843 0.04607 -0.1102 -0.08117
236  3.815  0.001 0.02308 0.02151 0.01743 -0.0172 -0.03812 0.04295
157  3.825  0.001 0.02171 0.0147 0.01744 -0.1183 0.02966 -0.1
167  3.86  0.001 0.02038 0.02198 0.01843 0.01737 -0.03873 -0.1657
257  3.87  0.001 0.01982 0.02175 0.01843 -0.05828 0.02524 -0.2418
166  3.879  0.001 0.02153 0.0215 0.01745 -0.04373 -0.1395 0.1191
247  3.883  0.001 0.01462 0.01971 0.01843 0.07278 -0.0441 -0.2201
220  3.898  0.001 0.01452 0.0167 0.0182 0.07558 0.01432 -0.1939
67  3.912  0.001 0.02157 0.0201 0.0175 0.2028 -0.5208 0.629
324  3.944  0.001 0.02144 0.02062 0.01843 0.03478 -0.06082 -0.1042
263  3.946  0.001 0.01835 0.01456 0.01843 -0.03161 -0.159 -0.1201
169  3.955  0.001 0.01798 0.01419 0.01843 -0.02843 0.07591 -0.1924
115  3.959  0.001 0.02269 0.0175 0.01843 -0.1079 -0.02403 -0.1047
130  3.96  0.001 0.02066 0.01421 0.01766 -0.02166 0.0488 -0.09532
332  3.998  0.001 0.02407 0.01842 0.01743 -0.0308 -0.06384 0.003409
166  4.049  0.001 0.01765 0.01414 0.01729 -0.09173 0.2382 -0.2437
167  4.057  0.001 0.01399 0.01972 0.01825 0.1167 -0.08578 0.1522
67  4.063  0.001 0.02103 0.01504 0.01743 -0.08592 0.09284 0.009802
75  4.064  0.001 0.01579 0.02011 0.01767 -0.02354 0.1906 1.018
167  4.087  0.001 0.01747 0.01716 0.01843 0.1167 -0.08578 -0.14
42  4.089  0.001 0.0227 0.02217 0.01748 -0.01729 -0.01372 0.2087
294  4.09  0.001 0.02386 0.01817 0.01843 -0.04693 -0.03271 -0.09443
178  4.092  0.001 0.02416 0.01901 0.01762 -0.01182 0.02084 -0.01885
42  4.126  0.001 0.02205 0.02166 0.01843 -0.01729 -0.01372 -0.1579
162  4.134  0.001 0.02336 0.01947 0.01843 -0.008573 -0.01584 -0.1845
303  4.153  0.001 0.01674 0.02134 0.01746 -0.0061 0.02249 0.07885
135  4.159  0.001 0.01554 0.02275 0.01744 -0.03829 0.0205 0.05987
258  4.163  0.001 0.01933 0.02389 0.01843 0.08983 -0.07055 -0.104
216  4.164  0.001 0.02348 0.01653 0.01776 -0.0286 0.02085 -0.03187
197  4.178  0.001 0.02319 0.02089 0.01745 0.1456 0.1279 0.3847
19  4.178  0.001 0.02143 0.0234 0.01747 0.02671 -0.01472 0.2657
95  4.18  0.001 0.02232 0.01919 0.01744 -0.1258 -0.0233 0.2256
151  4.192  0.001 0.01844 0.02143 0.01743 -0.002229 -0.01595 0.06207
23  4.203  0.001 0.02192 0.02186 0.0175 -0.2351 -0.2889 0.4779
115  4.206  0.001 0.01397 0.01857 0.01772 0.2403 0.08343 -0.5173
12  4.209  0.001 0.0197 0.02031 0.01743 -0.008291 0.01034 0.006368
32  4.213  0.001 0.02415 0.01926 0.0182 -0.06665 -0.04835 0.05029
95  4.221  0.001 0.01795 0.01709 0.01843 -0.06787 -0.09782 -0.1761
43  4.223  0.001 0.01805 0.02 0.01843 -0.09014 0.0109 -0.1151
332  4.223  0.001 0.02097 0.01899 0.01843 -0.09252 0.05873 -0.1047
58  4.232  0.001 0.02365 0.01697 0.01843 0.09211 -0.08596 -0.1065
19  4.232  0.001 0.02274 0.02257 0.01742 -0.001837 -0.0212 -0.28
330  4.233  0.001 0.01479 0.01773 0.01843 -0.1659 -0.07559 -0.1678
255  4.234  0.001 0.01511 0.01581 0.01832 0.04807 0.05085 -0.04871
258  4.248  0.001 0.02137 0.01979 0.01843 0.02571 -0.05484 -0.3021
258  4.272  0.001 0.02306 0.01916 0.01843 0.07297 -0.02239 -0.07444
268  4.283  0.001 0.02192 0.02325 0.01744 -0.04903 -0.4716 1.315
183  4.308  0.001 0.02332 0.01795 0.01744 -0.08321 -0.02784 0.1515
138  4.313  0.001 0.01757 0.02362 0.01843 -0.0001925 0.01197 -0.1049
74  4.314  0.001 0.02314 0.01815 0.01744 0.05625 -0.08496 0.134
142  4.318  0.001 0.0155 0.01601 0.01744 -0.03161 0.04916 0.09566
148  4.319  0.001 0.01636 0.02303 0.01843 -0.02263 -0.01811 -0.1465
234  4.337  0.001 0.02179 0.01545 0.01843 -0.01439 -0.08767 -0.06405
24  4.371  0.001 0.01979 0.02005 0.01752 0.1334 -0.3244 0.3981
126  4.372  0.001 0.01798 0.01942 0.01753 0.01925 -0.1926 0.2675
128  4.374  0.001 0.01416 0.01757 0.01793 0.06223 0.01574 -0.229
29  4.374  0.001 0.01701 0.02308 0.0175 -0.1127 0.02283 0.1904
54  4.379  0.001 0.01857 0.02342 0.01747 0.03019 -0.03734 0.0793
205  4.39  0.001 0.01958 0.02367 0.01756 -0.04309 -0.03376 0.3424
322  4.412  0.001 0.0239 0.0185 0.01747 -0.05496 -0.0197 0.08378
293  4.412  0.001 0.01992 0.02201 0.0177 0.04059 0.03726 0.3861
314  4.413  0.001 0.02344 0.02164 0.01761 -0.1221 -0.1353 0.5133
168  4.415  0.001 0.01924 0.02339 0.0176 -0.01373 -0.01943 0.2723
123  4.416  0.001 0.01548 0.02097 0.01843 -0.0505 -0.0253 -0.05413
29  4.416  0.001 0.01565 0.02285 0.01829 0.03528 -0.001281 0.005942
272  4.417  0.001 0.015 0.01594 0.0179 0.0398 0.009272 -0.1373
214  4.417  0.001 0.01947 0.01906 0.01843 -0.04476 -0.1292 -0.08192
278  4.437  0.001 0.02106 0.01998 0.01843 0.02453 -0.02329 -0.08897
126  4.449  0.001 0.01683 0.01449 0.01843 0.04624 0.02901 -0.217
53  4.449  0.001 0.01764 0.01989 0.01752 0.08748 -0.1084 0.09583
80  4.45  0.001 0.01624 0.01479 0.0173 0.04555 0.08223 -0.1366
205  4.457  0.001 0.01669 0.0214 0.01843 -0.04309 -0.03376 -0.3163
25  4.458  0.001 0.01413 0.01772 0.01821 0.08415 -0.1341 -0.09493
230  4.465  0.001 0.02045 0.01414 0.01795 0.02028 0.1505 -0.1721
168  4.467  0.001 0.01852 0.02237 0.01843 -0.01373 -0.01943 -0.2405
322  4.474  0.001 0.02375 0.0172 0.01745 -0.05209 0.02072 0.01219
170  4.476  0.001 0.01877 0.01777 0.01843 0.04921 -0.1308 -0.1259
334  4.478  0.001 0.01526 0.01564 0.01802 0.05818 0.004723 -0.01412
117  4.487  0.001 0.0181 0.01439 0.01843 0.04478 -0.145 -0.2
148  4.487  0.001 0.01431 0.01717 0.01749 0.105 0.0276 -0.01536
151  4.518  0.001 0.02412 0.01961 0.01814 -0.08317 -0.1716 0.3887
127  4.519  0.001 0.01517 0.02206 0.01753 0.08051 0.03224 0.2082
259  4.526  0.001 0.02366 0.01686 0.01803 -0.2068 -0.0894 0.1867
325  4.527  0.001 0.02227 0.02302 0.01819 0.02652 -0.1034 0.05469
314  4.541  0.001 0.01712 0.01433 0.01789 0.006851 0.03908 -0.04667
313  4.543  0.001 0.01559 0.0153 0.01764 0.226 -0.01861 -0.1465
219  4.547  0.001 0.02045 0.01472 0.01843 -0.2078 0.1401 -0.5064
127  4.557  0.001 0.0182 0.02327 0.01843 0.08051 0.03224 -0.16
226  4.562  0.001 0.02312 0.01716 0.01759 -0.6212 -0.8687 0.9419
308  4.562  0.001 0.02091 0.01895 0.01744 -0.1726 0.0702 0.128
90  4.567  0.001 0.02412 0.01964 0.01802 -0.1705 -0.02315 0.2149
56  4.567  0.001 0.01528 0.01594 0.01743 -0.01768 -0.03312 0.008936
323  4.569  0.001 0.02257 0.01754 0.01745 -0.01554 0.01614 0.1067
55  4.574  0.001 0.02078 0.01915 0.01744 0.07681 0.07604 0.08482
288  4.598  0.001 0.01641 0.0163 0.0176 -0.02286 -0.08531 0.3589
44  4.603  0.001 0.01763 0.01732 0.01753 0.04574 -0.005642 0.09999
194  4.606  0.001 0.02414 0.01877 0.01751 -0.08863 0.01224 -0.0388
90  4.608  0.001 0.01699 0.01867 0.01843 -0.1705 -0.02315 -0.1952
198  4.618  0.001 0.02238 0.01672 0.0176 0.1521 -0.3967 0.5899
294  4.62  0.001 0.01928 0.01796 0.01748 -0.2273 0.1479 0.1945
210  4.62  0.001 0.0217 0.01893 0.01748 -0.03445 0.07498 0.1623
120  4.622  0.001 0.01913 0.02089 0.0175 -0.01277 -0.03626 0.8685
30  4.623  0.001 0.0185 0.02265 0.01764 -0.1705 0.001324 0.7598
91  4.624  0.001 0.02052 0.02353 0.01748 0.05235 0.04811 0.09327
7  4.624  0.001 0.01912 0.02073 0.01757 -0.0613 -0.3125 0.6018
170  4.625  0.001 0.01961 0.01656 0.01843 0.07859 0.005287 -0.1046
248  4.626  0.001 0.02273 0.02146 0.01749 0.173 -0.007005 0.132
109  4.631  0.001 0.02031 0.02001 0.01751 0.008918 -0.1236 0.1989
206  4.631  0.001 0.01594 0.02248 0.01743 -0.08823 0.04904 0.07903
200  4.64  0.001 0.02016 0.01763 0.01745 -0.008579 -0.06864 0.04221
271  4.641  0.001 0.02003 0.01917 0.01746 -0.008889 -0.1561 0.04799
338  4.652  0.001 0.01555 0.01697 0.01843 -0.1072 -0.09969 -0.09619
264  4.658  0.001 0.01802 0.02267 0.01843 -0.01252 -0.007832 -0.09193
294  4.665  0.001 0.01431 0.02094 0.01819 0.05274 -0.04795 -0.146
109  4.666  0.001 0.02062 0.01565 0.01843 0.008918 -0.1236 -0.1467
231  4.667  0.001 0.02167 0.01899 0.01843 0.04321 -0.07896 -0.1512
222  4.668  0.001 0.02273 0.01552 0.01772 -0.06668 -0.002995 -0.01871
198  4.686  0.001 0.02365 0.01941 0.01843 -0.1351 -0.1406 -0.1274
210  4.694  0.001 0.02346 0.01742 0.01743 -0.003676 0.01377 0.006646
233  4.702  0.001 0.01517 0.02236 0.01822 0.06101 -0.1026 0.02437
46  4.703  0.001 0.01734 0.01504 0.01843 -0.03971 -0.05154 -0.3878
239  4.708  0.001 0.01396 0.01879 0.01744 0.1021 -0.08463 -0.01288
172  4.718  0.001 0.02328 0.01679 0.01747 -0.1075 0.1724 0.2836
127  4.732  0.001 0.02269 0.02263 0.01746 -0.01157 -0.004269 0.01846
55  4.739  0.001 0.02415 0.01925 0.01776 -0.02959 -0.03219 0.007021
99  4.742  0.001 0.02184 0.01478 0.01814 -0.032 0.05965 0.02221
7  4.76  0.001 0.01894 0.01415 0.01843 0.04834 0.1356 -0.04812
336  4.774  0.001 0.02185 0.01478 0.01796 -0.05667 0.1808 0.04995
172  4.783  0.001 0.01828 0.02386 0.01843 0.01551 -0.08272 -0.1522
120  4.798  0.001 0.01688 0.01451 0.01843 -0.01277 -0.03626 -0.8579
85  4.804  0.001 0.01713 0.01444 0.01744 0.05924 0.04674 0.02055
277  4.806  0.001 0.02397 0.02041 0.0175 -0.02163 -0.05397 -0.02147
23  4.832  0.001 0.01796 0.01634 0.01756 -0.008218 0.1836 0.5674
288  4.834  0.001 0.01643 0.01496 0.01746 -0.02588 -0.03491 0.2054
157  4.836  0.001 0.01668 0.0159 0.01747 -0.03864 -0.005616 0.2254
242  4.843  0.001 0.01794 0.02403 0.01741 0.08997 -0.2039 -0.4697
146  4.849  0.001 0.01845 0.01398 0.01796 -0.02657 0.04813 -0.03987
120  4.85  0.001 0.01998 0.0238 0.01843 -0.02781 -0.08306 -0.0879
7  4.868  0.001 0.02171 0.01713 0.01843 0.06259 0.0336 -0.1421
33   4.9  0.001 0.0214 0.02115 0.01746 0.04806 0.06754 0.1637
88   4.9  0.001 0.02288 0.02011 0.01745 0.02206 -0.0174 0.1965
165  4.905  0.001 0.02269 0.02109 0.01744 0.05817 0.006703 0.03683
88  4.934  0.001 0.02363 0.01951 0.01843 0.02206 -0.0174 -0.1393
23  4.968  0.001 0.01812 0.02407 0.01721 0.03516 -0.1796 -0.4239
46  4.986  0.001 0.02381 0.02089 0.01762 -0.1903 -0.007606 0.07956
254  5.109  0.001 0.02407 0.01812 0.01808 -0.02684 -0.03524 -0.05441
33  5.134  0.001 0.02402 0.02021 0.01756 -0.1318 -0.06478 -0.03125
37  5.188  0.001 0.02311 0.01684 0.01747 -0.09225 -0.1066 0.01787
79  5.208  0.001 0.02408 0.01886 0.01747 -0.1215 -0.2654 0.128
254  5.227  0.001 0.01609 0.01885 0.01843 -0.1813 0.01837 -0.1764
137  5.227  0.001 0.02 0.01941 0.01843 -0.04917 0.009427 -0.05718
198  5.231  0.001 0.02189 0.01559 0.01843 0.004257 -0.1132 -0.07991
79  5.233  0.001 0.02321 0.0168 0.01843 -0.03162 -0.07545 -0.08275
308  5.233  0.001 0.02132 0.01798 0.01843 -0.03483 -0.03496 -0.07504
238  5.242  0.001 0.0172 0.01875 0.01744 -0.01494 0.01651 0.07219
13  5.244  0.001 0.01989 0.02373 0.01765 -0.2078 0.03357 0.3338
293  5.25  0.001 0.0232 0.02119 0.01748 -0.04097 -0.1324 0.1011
181  5.25  0.001 0.02399 0.01878 0.01751 -0.1051 -0.1342 0.08774
225  5.253  0.001 0.02158 0.02218 0.01744 0.07128 -0.05738 0.1607
212  5.254  0.001 0.01696 0.01809 0.01843 -0.01618 -0.05921 -0.06799
129  5.255  0.001 0.02395 0.02048 0.01804 -0.04958 -0.2424 0.214
332  5.255  0.001 0.01485 0.02169 0.01843 -0.166 -0.01644 -0.137
195  5.259  0.001 0.02303 0.0168 0.01748 -0.03871 -0.04167 0.04775
26  5.261  0.001 0.01898 0.02023 0.01843 0.04532 -0.059 -0.09169
242  5.262  0.001 0.01748 0.02045 0.01843 -0.03586 -0.07931 -0.04582
181  5.268  0.001 0.02244 0.01803 0.01843 -0.08759 -0.02312 -0.01635
225  5.277  0.001 0.02332 0.02077 0.01843 0.07128 -0.05738 -0.07956
88  5.279  0.001 0.0222 0.0156 0.01843 -0.0517 -0.07158 -0.1059
53  5.283  0.001 0.02234 0.02143 0.01843 0.02345 -0.01983 -0.1596
317  5.292  0.001 0.02201 0.02312 0.01746 -0.01529 0.1434 0.1215
194  5.292  0.001 0.02059 0.01499 0.01843 -0.03261 -0.06658 -0.3984
53  5.309  0.001 0.02224 0.01945 0.01843 -0.0371 -0.04257 -0.02035
59  5.353  0.001 0.02358 0.0167 0.01754 -0.01133 0.02546 0.08156
33  5.372  0.001 0.01565 0.01528 0.01754 0.02044 -0.1425 0.1909
320  5.386  0.001 0.02413 0.01854 0.01797 -0.04052 -0.02351 -0.05937
207   5.4  0.001 0.02172 0.01517 0.01843 -0.04314 -0.1445 -0.1433
130  5.417  0.001 0.02025 0.01458 0.01843 -0.1308 0.2746 -0.5555
321  5.421  0.001 0.02246 0.01783 0.01843 -0.008595 -0.05214 -0.2404
87  5.427  0.001 0.02412 0.01965 0.01828 -0.008746 0.02059 -0.1042
67  5.431  0.001 0.01884 0.02115 0.01747 -0.1243 0.03008 0.02699
247  5.466  0.001 0.02191 0.02013 0.01843 0.04882 -0.04714 -0.1858
65  5.477  0.001 0.02045 0.01414 0.01779 -0.05449 0.02949 -0.01056
309  5.52  0.001 0.01703 0.02162 0.01843 -0.03443 -0.03518 -0.1195
123  5.524  0.001 0.01635 0.01623 0.01746 0.04414 0.06205 0.1127
157  5.558  0.001 0.01451 0.01833 0.01763 -1.208 -0.366 1.404
84  5.589  0.001 0.01973 0.01869 0.01744 -0.007766 0.009253 0.01197
100  5.602  0.001 0.02047 0.02 0.01743 -0.002179 -0.004874 0.04077
66  5.609  0.001 0.02075 0.01911 0.01743 0.001377 0.01804 0.005711
280  5.621  0.001 0.01791 0.02247 0.01758 -0.2193 -0.09526 0.3102
140  5.622  0.001 0.01795 0.02139 0.01747 -0.1225 -0.05436 0.182
172  5.641  0.001 0.01663 0.02336 0.01843 -0.1107 -0.007905 -0.01912
277  5.645  0.001 0.01862 0.01718 0.01843 -0.08239 -0.1337 -0.07706
66  5.645  0.001 0.01916 0.0158 0.01843 -0.06534 -0.1244 -0.09432
53  5.651  0.001 0.02396 0.01794 0.01843 0.05018 -0.09344 -0.1274
140  5.653  0.001 0.01418 0.01972 0.01843 -0.1225 -0.05436 -0.1196
84  5.657  0.001 0.01767 0.01414 0.01814 0.02219 0.06641 -0.09164
280  5.69  0.001 0.01395 0.01913 0.01754 0.09098 -0.03037 -0.06758
169  5.704  0.001 0.01409 0.02022 0.0177 0.09217 0.006826 0.008154
323  5.715  0.001 0.0201 0.02243 0.01843 -0.03488 0.04247 -0.192
55  5.744  0.001 0.022 0.01859 0.01755 -0.2438 -0.04572 0.2139
161  5.751  0.001 0.01441 0.02109 0.01745 0.06204 -0.02997 0.3266
317  5.767  0.001 0.01509 0.02054 0.01749 0.2476 -0.4437 0.4429
303  5.775  0.001 0.01608 0.02229 0.01743 0.06486 -0.03862 0.03948
55  5.795  0.001 0.0143 0.01718 0.0184 0.07272 0.01592 -0.1058
161  5.814  0.001 0.01834 0.01919 0.01843 0.06204 -0.02997 -0.2957
183  5.834  0.001 0.02077 0.02042 0.01766 0.02765 -0.1843 0.2608
307  5.835  0.001 0.02269 0.02008 0.01762 0.1927 -0.2639 0.2156
161  5.836  0.001 0.01859 0.01794 0.01843 0.004639 -0.0614 -0.05452
259  5.844  0.001 0.02253 0.02072 0.01749 0.06141 -0.1698 0.1538
259  5.884  0.001 0.02329 0.0162 0.01739 -0.06158 -0.004132 -0.1228
314  5.884  0.001 0.0149 0.01984 0.01843 -0.09151 -0.04769 -0.2324
1  5.892  0.001 0.02406 0.02004 0.01754 -0.0392 -0.03426 0.01725
182  5.896  0.001 0.01693 0.01935 0.01755 -0.0879 -0.1511 0.1903
261  5.906  0.001 0.02227 0.02045 0.0175 0.007974 -0.08151 0.1123
125  5.926  0.001 0.02128 0.01819 0.01843 -0.01278 -0.02419 -0.403
247  5.941  0.001 0.02283 0.01766 0.01843 -0.05235 0.01692 -0.09709
182  5.944  0.001 0.0152 0.01571 0.01758 0.03865 0.03269 -0.1693
134  5.948  0.001 0.02375 0.0203 0.01843 0.01849 -0.00057 -0.08237
31  5.98  0.001 0.01796 0.01963 0.01748 -0.0298 0.1003 0.8843
129  5.991  0.001 0.02248 0.02106 0.01744 0.02148 -0.04583 0.08369
43  6.015  0.001 0.01408 0.0202 0.01818 0.1027 -0.07471 0.1451
310  6.022  0.001 0.02027 0.02253 0.01843 -0.02967 0.03627 -0.1363
214  6.025  0.001 0.02187 0.01952 0.01755 -0.4562 -0.2189 0.1794
43  6.043  0.001 0.01693 0.01813 0.01843 0.1027 -0.07471 -0.1267
214  6.075  0.001 0.01545 0.01648 0.01843 0.09347 0.007033 -0.1816
172  6.08  0.001 0.02359 0.02139 0.01821 -0.01735 0.001398 -0.07178
105  6.091  0.001 0.02306 0.01649 0.01843 -0.0644 -0.06335 -0.1042
133  6.093  0.001 0.02244 0.02247 0.01763 -0.3623 0.1822 0.3135
257  6.098  0.001 0.01791 0.01873 0.01749 -0.07185 -0.05081 0.09795
141  6.108  0.001 0.02387 0.01907 0.01755 -0.579 -0.9456 0.8307
172  6.137  0.001 0.01913 0.01634 0.01843 -0.09605 -0.1076 -0.1982
192  6.138  0.001 0.0213 0.01447 0.01767 -0.1204 0.2158 -0.4836
177  6.18  0.001 0.02297 0.01578 0.01721 -0.1406 0.09714 -0.3834
31  6.182  0.001 0.01827 0.02409 0.01795 0.1812 -0.2559 0.07614
210  6.21  0.001 0.02249 0.02271 0.01747 0.5283 -0.8582 1.53
279  6.212  0.001 0.01772 0.02004 0.01744 -0.1871 -0.07176 0.3366
37  6.217  0.001 0.02329 0.01975 0.01744 -0.0008017 -0.1441 0.1954
113  6.225  0.001 0.01891 0.01635 0.01743 -0.14 -0.0655 0.02039
31  6.242  0.001 0.02264 0.01562 0.01843 -0.06077 -0.02585 -0.1166
29  6.244  0.001 0.02189 0.02251 0.01744 0.03943 -0.05607 0.04011
7  6.25  0.001 0.02217 0.0228 0.01843 -0.02108 0.03232 -0.3114
44  6.257  0.001 0.01628 0.01477 0.01794 0.04237 0.03971 -0.1167
109  6.272  0.001 0.016 0.01497 0.01843 0.0076 0.06504 -0.2555
56  6.287  0.001 0.02012 0.02377 0.01843 0.007147 0.0309 -0.3523
194  6.29  0.001 0.01493 0.02134 0.01843 0.006279 -0.08678 -0.05908
325  6.293  0.001 0.02322 0.02061 0.01746 -0.0101 0.1558 0.5181
37  6.297  0.001 0.02236 0.01569 0.01751 0.09119 0.02059 0.21
52  6.299  0.001 0.01888 0.01584 0.01746 -0.04794 0.05104 0.2327
24  6.305  0.001 0.02062 0.01894 0.01745 -0.004824 0.1166 0.09163
129  6.306  0.001 0.0202 0.01544 0.0175 0.007629 0.05402 0.09291
170  6.306  0.001 0.01995 0.01738 0.01753 -0.01214 0.1296 0.1479
219  6.311  0.001 0.01877 0.01522 0.01747 -0.01764 0.04726 0.02953
138  6.319  0.001 0.02237 0.01817 0.01744 -0.07012 0.02985 0.1171
269  6.323  0.001 0.02326 0.02104 0.01843 0.08031 0.1562 -0.06494
3  6.325  0.001 0.0147 0.01868 0.01843 -0.04956 -0.01846 -0.5472
207  6.341  0.001 0.02127 0.02073 0.01843 0.009313 0.1082 -0.1705
52  6.343  0.001 0.01674 0.0175 0.01843 -0.04918 0.03797 -0.1914
148  6.35  0.001 0.01823 0.02015 0.01843 -0.02659 0.04323 -0.2446
66  6.352  0.001 0.01669 0.02035 0.01843 -0.05359 0.07209 -0.2353
105  6.354  0.001 0.02334 0.01946 0.01843 0.05259 0.06213 -0.2598
130  6.416  0.001 0.02156 0.02213 0.01746 0.03239 -0.05846 0.06615
307  6.434  0.001 0.02057 0.02078 0.01749 -0.06181 -0.01637 0.07639
199  6.452  0.001 0.02301 0.02024 0.01766 -0.1668 -0.1758 0.409
266  6.457  0.001 0.024 0.01782 0.01796 -0.1317 -0.09383 0.07377
320  6.472  0.001 0.01908 0.01982 0.01745 0.01016 0.03918 0.06601
325  6.473  0.001 0.01726 0.02383 0.01745 0.03191 0.002524 -0.001643
153  6.475  0.001 0.02401 0.01929 0.01843 -0.2242 0.0001207 -0.4115
168  6.48  0.001 0.01997 0.02337 0.01745 0.1364 -0.01011 0.05397
122  6.486  0.001 0.0205 0.02155 0.01744 -0.09926 -0.008639 0.07665
85  6.499  0.001 0.01884 0.01783 0.01743 -0.01799 -0.02911 0.01463
153  6.517  0.001 0.02084 0.01714 0.01843 -0.0688 -0.05314 -0.1805
319  6.524  0.001 0.01995 0.01952 0.01758 -0.02492 -0.03925 0.09141
145  6.527  0.001 0.01661 0.01461 0.01843 0.02829 0.07872 -0.2822
58  6.529  0.001 0.02086 0.02057 0.01746 0.02931 6.536e-05 0.04392
227  6.538  0.001 0.02166 0.0162 0.01745 -0.03477 -0.2374 0.4961
91  6.571  0.001 0.01515 0.02143 0.01744 0.008791 -0.07108 0.01584
156  6.588  0.001 0.02309 0.0204 0.01746 0.1779 -0.06199 0.2373
158  6.591  0.001 0.02015 0.0173 0.01748 -0.1721 -0.3658 0.06247
29  6.616  0.001 0.02035 0.02039 0.01843 -0.03888 -0.07887 -0.08266
101  6.646  0.001 0.0223 0.02278 0.01744 -0.01781 -0.009005 0.08861
156  6.652  0.001 0.02377 0.01711 0.01741 -0.06564 -0.03623 -0.04693
185  6.654  0.001 0.02141 0.02196 0.01745 -0.3299 -0.4385 0.4071
296  6.658  0.001 0.01998 0.02305 0.01749 -0.06353 -0.05281 0.1314
72  6.661  0.001 0.02179 0.02206 0.01748 0.006157 0.04325 0.09946
228  6.689  0.001 0.01444 0.02122 0.01798 0.164 -0.03932 0.01911
296  6.698  0.001 0.01822 0.0216 0.01843 -0.02136 -0.01494 -0.06353
185  6.721  0.001 0.01805 0.01627 0.01843 0.08463 0.08551 -0.3453
103  6.734  0.001 0.01995 0.01987 0.01745 -0.04821 -0.08636 0.05804
56  6.741  0.001 0.02236 0.0164 0.01743 -0.22 0.05903 0.1241
148  6.741  0.001 0.02386 0.01932 0.01745 -0.02212 -0.03644 0.04
56  6.765  0.001 0.01884 0.01584 0.01843 -0.1141 -0.05028 -0.06905
54  6.766  0.001 0.01909 0.0241 0.01743 -0.06151 0.07343 0.125
118  6.798  0.001 0.02124 0.02052 0.01754 -0.1562 -0.242 0.3567
264  6.82  0.001 0.01802 0.01958 0.01843 -0.04567 -0.05576 -0.2559
168  6.828  0.001 0.0224 0.02272 0.01748 -0.0326 -0.01538 0.138
277  6.83  0.001 0.02393 0.02057 0.01781 -0.1821 0.2417 0.065
129  6.836  0.001 0.02006 0.01537 0.01843 -0.04597 -0.1633 -0.1474
53  6.845  0.001 0.01794 0.0152 0.01785 0.1076 0.1399 0.631
168  6.864  0.001 0.01847 0.02412 0.01753 -0.04323 -0.07345 -0.1033
66  6.866  0.001 0.02327 0.01651 0.01745 -0.1069 -0.00115 0.06975
288  6.874  0.001 0.02039 0.02346 0.01754 -0.07465 0.377 0.5345
244  6.878  0.001 0.02153 0.01953 0.01752 0.007158 -0.1436 0.1357
244  6.894  0.001 0.02164 0.01723 0.01843 0.007158 -0.1436 -0.02123
112  6.933  0.001 0.0222 0.0219 0.01752 0.232 -0.03519 0.5024
181  6.935  0.001 0.02072 0.022 0.01761 -0.01556 -0.05586 0.5679
288  6.988  0.001 0.0168 0.02363 0.01824 0.02453 -0.08828 -0.04299
53  6.991  0.001 0.02318 0.02205 0.01716 -0.1424 -0.1601 -0.4483
302  7.033  0.001 0.02034 0.02255 0.01746 -0.06728 -0.2815 0.5744
14  7.039  0.001 0.02157 0.02147 0.01744 0.3617 -1.068 2.39
106  7.039  0.001 0.02165 0.01842 0.01758 -0.111 -3.341 2.277
220  7.039  0.001 0.02125 0.02179 0.01772 0.06507 -0.6369 2.633
78  7.04  0.001 0.02281 0.02093 0.01755 0.3669 -0.2475 1.321
149  7.041  0.001 0.02338 0.0183 0.01746 0.08836 -0.3589 0.343
181  7.05  0.001 0.01894 0.01562 0.01843 -0.01556 -0.05586 -0.5535
311  7.051  0.001 0.0203 0.02187 0.01745 -0.1097 -0.137 0.1437
234  7.054  0.001 0.01679 0.02217 0.01743 -0.001297 -0.03381 0.004813
149  7.069  0.001 0.02327 0.01618 0.01811 -0.05169 -0.01186 -0.1251
311  7.07  0.001 0.01828 0.01935 0.01843 -0.1097 -0.137 -0.03671
288  7.072  0.001 0.01731 0.02142 0.01843 0.02567 -0.08511 -0.14
36  7.145  0.001 0.01794 0.02313 0.01843 -0.02847 9.5e-05 -0.1317
262  7.149  0.001 0.02342 0.01942 0.01843 -0.04186 -0.04098 -0.09012
146  7.164  0.001 0.01595 0.015 0.01739 0.1347 0.1797 -0.3424
168  7.172  0.001 0.02202 0.01927 0.01843 -0.3676 -0.0999 -0.742
24  7.205  0.001 0.02379 0.0203 0.01746 -0.1131 -0.002156 0.07579
327  7.221  0.001 0.02316 0.01722 0.01752 -0.0678 -0.3197 1.985
84  7.221  0.001 0.02255 0.01949 0.01766 0.1187 0.3777 0.8164
168  7.221  0.001 0.0141 0.02028 0.01787 0.06567 -0.01105 -0.07242
53  7.239  0.001 0.02222 0.02305 0.01745 -0.2007 -0.2151 -0.6394
253  7.241  0.001 0.01553 0.02252 0.01745 -0.04427 -0.04623 0.1339
131  7.242  0.001 0.01807 0.02308 0.01746 0.07997 -0.07582 0.1798
310  7.247  0.001 0.01665 0.02127 0.01745 0.01311 -0.07031 0.05252
60  7.248  0.001 0.01625 0.02238 0.01744 0.0006383 -0.03235 0.07198
321  7.252  0.001 0.02279 0.01587 0.01843 -0.03864 -0.09155 -0.06128
158  7.267  0.001 0.0216 0.01737 0.01843 0.06153 -0.02707 -0.1661
270  7.271  0.001 0.01943 0.02307 0.01843 0.07276 -0.01226 -0.08458
131  7.272  0.001 0.02047 0.0208 0.01843 0.07997 -0.07582 -0.1155
336  7.273  0.001 0.01964 0.01842 0.01843 -0.06742 0.1156 -0.06983
139  7.372  0.001 0.01914 0.01395 0.01754 -0.003088 0.1949 -0.5238
172  7.384  0.001 0.01836 0.0219 0.01746 -0.0281 0.03779 0.04126
100  7.399  0.001 0.01806 0.01943 0.01745 0.001501 0.01324 0.03517
172  7.41  0.001 0.01722 0.02009 0.01843 -0.04254 -0.07879 -0.07046
199  7.464  0.001 0.01728 0.02164 0.01743 -0.06662 0.001721 0.06411
317  7.487  0.001 0.01905 0.01405 0.01748 -0.1336 -0.09616 0.368
