# ID time  diameter x y z u v w  (ex ey ez, color)
34  0.05317  0.001 0.01639 0.01987 0.01843    0    0 -0.01
147  0.06392  0.001 0.02045 0.01613 0.01843    0    0 -0.01
138  0.06866  0.001 0.01656 0.01692 0.01843    0    0 -0.01
104  0.07182  0.001 0.01616 0.02247 0.01843    0    0 -0.01
97  0.07955  0.001 0.01872 0.02302 0.01843    0    0 -0.01
134  0.0854  0.001 0.01984 0.02264 0.01843    0    0 -0.01
132  0.08895  0.001 0.01647 0.02102 0.01843    0    0 -0.01
27  0.0962  0.001 0.01913 0.02014 0.01843    0    0 -0.01
139  0.1053  0.001 0.0183 0.01678 0.01843    0    0 -0.01
110  0.1068  0.001 0.01871 0.01898 0.01843    0    0 -0.01
9  0.1113  0.001 0.02059 0.02017 0.01843    0    0 -0.01
60  0.1229  0.001 0.01791 0.02168 0.01843    0    0 -0.01
76  0.1478  0.001 0.01562 0.02101 0.01843    0    0 -0.01
21  0.1625  0.001 0.01711 0.01814 0.01843    0    0 -0.01
129  0.1631  0.001 0.0228 0.02163 0.01843    0    0 -0.01
13  0.1643  0.001 0.01463 0.01945 0.01843    0    0 -0.01
7  0.1841  0.001 0.01673 0.01615 0.01843    0    0 -0.01
98  0.1917  0.001 0.02163 0.01831 0.01843    0    0 -0.01
113  0.2033  0.001 0.02111 0.01615 0.01843    0    0 -0.01
17  0.206  0.001 0.02091 0.02027 0.01843    0    0 -0.01
43  0.207  0.001 0.01482 0.01777 0.01843    0    0 -0.01
99  0.2159  0.001 0.01617 0.01891 0.01843    0    0 -0.01
102  0.2189  0.001 0.0173 0.0233 0.01843    0    0 -0.01
129  0.2445  0.001 0.01804 0.02002 0.01843 -0.8495 -0.2038 -0.479
24  0.2578  0.001 0.01754 0.01674 0.01843    0    0 -0.01
52  0.2912  0.001 0.01943 0.02314 0.01843    0    0 -0.01
40  0.3195  0.001 0.0216 0.01895 0.01843    0    0 -0.01
93  0.323  0.001 0.01737 0.02071 0.01843    0    0 -0.01
95  0.3248  0.001 0.01616 0.01567 0.01843    0    0 -0.01
86  0.3315  0.001 0.01851 0.01681 0.01843    0    0 -0.01
61  0.3423  0.001 0.01517 0.01768 0.01843    0    0 -0.01
96  0.3541  0.001 0.01501 0.0202 0.01843    0    0 -0.01
45  0.3594  0.001 0.02211 0.02042 0.01843    0    0 -0.01
145  0.3677  0.001 0.01563 0.01933 0.01843    0    0 -0.01
20  0.368  0.001 0.01962 0.01486 0.01843    0    0 -0.01
18  0.3966  0.001 0.01952 0.02012 0.01843    0    0 -0.01
33  0.4006  0.001 0.02169 0.01713 0.01843    0    0 -0.01
1  0.4077  0.001 0.02081 0.01787 0.01843    0    0 -0.01
58  0.4211  0.001 0.01666 0.02269 0.01843    0    0 -0.01
136  0.4234  0.001 0.02088 0.01981 0.01843    0    0 -0.01
143  0.4284  0.001 0.01495 0.01817 0.01843    0    0 -0.01
12  0.4372  0.001 0.01826 0.02318 0.01843    0    0 -0.01
25  0.4389  0.001 0.01985 0.01664 0.01843    0    0 -0.01
36  0.4627  0.001 0.02103 0.02112 0.01843    0    0 -0.01
5  0.5073  0.001 0.01997 0.01562 0.01843    0    0 -0.01
2  0.5116  0.001 0.01628 0.01757 0.01843    0    0 -0.01
106  0.5303  0.001 0.01842 0.02092 0.01843    0    0 -0.01
111  0.5352  0.001 0.02183 0.01624 0.01843    0    0 -0.01
109  0.5363  0.001 0.01568 0.01649 0.01843    0    0 -0.01
142  0.5668  0.001 0.02311 0.01818 0.01843    0    0 -0.01
10  0.5744  0.001 0.01808 0.02272 0.01843    0    0 -0.01
53  0.5898  0.001 0.02289 0.02038 0.01843    0    0 -0.01
62  0.614  0.001 0.02153 0.02145 0.01843    0    0 -0.01
23  0.6253  0.001 0.01723 0.01959 0.01843    0    0 -0.01
39  0.6331  0.001 0.02185 0.01815 0.01843    0    0 -0.01
150  0.6351  0.001 0.01955 0.02079 0.01843    0    0 -0.01
133  0.6373  0.001 0.017 0.02139 0.01843    0    0 -0.01
137  0.6381  0.001 0.01816 0.02008 0.01843    0    0 -0.01
131  0.6386  0.001 0.01488 0.01786 0.01843    0    0 -0.01
42  0.6615  0.001 0.02035 0.01736 0.01843    0    0 -0.01
49  0.6657  0.001 0.01769 0.01745 0.01843    0    0 -0.01
103  0.6743  0.001 0.0217 0.02055 0.01843    0    0 -0.01
57  0.7097  0.001 0.01552 0.01988 0.01843    0    0 -0.01
108  0.7122  0.001 0.0216 0.01586 0.01843    0    0 -0.01
19  0.7171  0.001 0.01712 0.02242 0.01843    0    0 -0.01
80  0.7409  0.001 0.01688 0.0213 0.01843    0    0 -0.01
116  0.7454  0.001 0.01603 0.01891 0.01843    0    0 -0.01
107  0.7475  0.001 0.02296 0.01804 0.01843    0    0 -0.01
115  0.7531  0.001 0.02047 0.0195 0.01843    0    0 -0.01
123  0.7603  0.001 0.01684 0.01964 0.01843    0    0 -0.01
105  0.7779  0.001 0.01763 0.0152 0.01843    0    0 -0.01
32  0.7825  0.001 0.01888 0.02229 0.01843    0    0 -0.01
117  0.7827  0.001 0.01968 0.01637 0.01843    0    0 -0.01
128  0.795  0.001 0.01953 0.01867 0.01843    0    0 -0.01
141  0.7984  0.001 0.02181 0.01962 0.01843    0    0 -0.01
74  0.8036  0.001 0.01815 0.02297 0.01843    0    0 -0.01
88  0.8066  0.001 0.02043 0.02121 0.01843    0    0 -0.01
70  0.8141  0.001 0.02335 0.02054 0.01843    0    0 -0.01
30  0.8287  0.001 0.01971 0.02318 0.01843    0    0 -0.01
85  0.832  0.001 0.01688 0.01696 0.01843    0    0 -0.01
144  0.8455  0.001 0.01803 0.01874 0.01843    0    0 -0.01
92  0.8456  0.001 0.02119 0.02175 0.01843    0    0 -0.01
41  0.8485  0.001 0.01653 0.01864 0.01843    0    0 -0.01
35  0.8608  0.001 0.0186 0.01972 0.01843    0    0 -0.01
6  0.8632  0.001 0.01482 0.01773 0.01843    0    0 -0.01
64  0.877  0.001 0.02031 0.01563 0.01843    0    0 -0.01
121  0.8801  0.001 0.02356 0.01891 0.01843    0    0 -0.01
54  0.8994  0.001 0.01829 0.02213 0.01843    0    0 -0.01
124  0.9082  0.001 0.01952 0.01848 0.01843    0    0 -0.01
149  0.9126  0.001 0.0176 0.02316 0.01843    0    0 -0.01
94  0.9358  0.001 0.01871 0.02356 0.01843    0    0 -0.01
32  0.9373  0.001 0.02136 0.02326 0.01843 0.003189 0.01815 -0.07139
54  0.9409  0.001 0.01806 0.02187 0.01843 -0.00659 -0.04811 -0.1888
38  0.9456  0.001 0.01873 0.0173 0.01843    0    0 -0.01
82  0.9634  0.001 0.01999 0.02003 0.01843    0    0 -0.01
28  0.9722  0.001 0.01948 0.01647 0.01843    0    0 -0.01
90  0.9769  0.001 0.02262 0.01886 0.01843    0    0 -0.01
19  0.983  0.001 0.01998 0.02271 0.01747 -0.03489 -0.135 0.5823
42  0.9863  0.001 0.02087 0.01655 0.01843 -0.02149 0.00217 -0.1195
19  0.9865  0.001 0.02013 0.02256 0.01843 0.1989 0.148 -0.3336
101  0.9889  0.001 0.01545 0.0212 0.01843    0    0 -0.01
50  0.9953  0.001 0.02131 0.02105 0.01843    0    0 -0.01
32  0.9983  0.001 0.02167 0.02253 0.01843 -0.0594 0.1389 -0.1264
90  1.003  0.001 0.02133 0.01849 0.01843 -0.06401 -0.01858 -0.08824
140  1.009  0.001 0.02194 0.01688 0.01843    0    0 -0.01
31  1.034  0.001 0.01766 0.0201 0.01843    0    0 -0.01
135  1.034  0.001 0.01716 0.02143 0.01843    0    0 -0.01
29  1.035  0.001 0.01702 0.01859 0.01843    0    0 -0.01
65  1.048  0.001 0.02053 0.01565 0.01843    0    0 -0.01
81  1.066  0.001 0.02044 0.01858 0.01843    0    0 -0.01
4  1.072  0.001 0.01626 0.01686 0.01843    0    0 -0.01
125  1.095  0.001 0.02314 0.01765 0.01843    0    0 -0.01
68  1.105  0.001 0.0222 0.02101 0.01843    0    0 -0.01
77  1.109  0.001 0.01958 0.02208 0.01843    0    0 -0.01
37  1.111  0.001 0.01944 0.01617 0.01843    0    0 -0.01
91  1.116  0.001 0.01822 0.02322 0.01843    0    0 -0.01
100  1.125  0.001 0.01747 0.01859 0.01843    0    0 -0.01
47  1.147  0.001 0.02229 0.01842 0.01843    0    0 -0.01
59  1.154  0.001 0.02068 0.01794 0.01843    0    0 -0.01
89  1.165  0.001 0.01789 0.01638 0.01843    0    0 -0.01
8  1.17  0.001 0.02325 0.01895 0.01843    0    0 -0.01
16  1.176  0.001 0.0164 0.01659 0.01843    0    0 -0.01
3  1.194  0.001 0.02304 0.02012 0.01843    0    0 -0.01
69  1.201  0.001 0.0174 0.0211 0.01843    0    0 -0.01
79  1.213  0.001 0.02127 0.02095 0.01843    0    0 -0.01
130  1.222  0.001 0.02088 0.02226 0.01843    0    0 -0.01
14  1.227  0.001 0.01703 0.02308 0.01843    0    0 -0.01
119  1.246  0.001 0.01898 0.02029 0.01843    0    0 -0.01
23  1.248  0.001 0.01901 0.02215 0.01758 0.07523 -0.07445 0.2842
23  1.253  0.001 0.01901 0.02188 0.01843 -0.1573 0.01791 -0.116
11  1.255  0.001 0.01504 0.01872 0.01843    0    0 -0.01
112  1.264  0.001 0.02014 0.02048 0.01843    0    0 -0.01
83  1.283  0.001 0.01894 0.01545 0.01843    0    0 -0.01
51  1.283  0.001 0.01577 0.01801 0.01843    0    0 -0.01
66  1.311  0.001 0.02205 0.01867 0.01843    0    0 -0.01
44  1.318  0.001 0.01863 0.01723 0.01843    0    0 -0.01
15  1.323  0.001 0.02053 0.01703 0.01843    0    0 -0.01
46  1.341  0.001 0.01998 0.02162 0.01843    0    0 -0.01
75  1.357  0.001 0.01804 0.0197 0.01843    0    0 -0.01
120  1.359  0.001 0.02157 0.02285 0.01843    0    0 -0.01
56  1.371  0.001 0.0234 0.01844 0.01843    0    0 -0.01
73  1.385  0.001 0.01833 0.02209 0.01843    0    0 -0.01
48  1.407  0.001 0.02045 0.01485 0.01843    0    0 -0.01
55  1.442  0.001 0.02214 0.02212 0.01843    0    0 -0.01
56  1.462  0.001 0.02382 0.01725 0.01843 0.2228 -0.02172 -0.07437
87  1.465  0.001 0.01611 0.01765 0.01843    0    0 -0.01
72  1.469  0.001 0.01511 0.01696 0.01843    0    0 -0.01
26  1.474  0.001 0.01705 0.02098 0.01843    0    0 -0.01
78  1.474  0.001 0.0198 0.02115 0.01843    0    0 -0.01
101  1.48  0.001 0.02007 0.02405 0.01796 -0.04583 -0.158 -0.2547
127  1.493  0.001 0.01837 0.0211 0.01843    0    0 -0.01
148  1.494  0.001 0.01852 0.01915 0.01843    0    0 -0.01
84  1.497  0.001 0.01984 0.01551 0.01843    0    0 -0.01
67  1.498  0.001 0.02234 0.01837 0.01843    0    0 -0.01
114  1.502  0.001 0.02085 0.02051 0.01843    0    0 -0.01
118  1.507  0.001 0.02199 0.01693 0.01843    0    0 -0.01
22  1.508  0.001 0.01862 0.01522 0.01843    0    0 -0.01
146  1.513  0.001 0.0212 0.01539 0.01843    0    0 -0.01
71  1.527  0.001 0.01692 0.01946 0.01843    0    0 -0.01
104  1.529  0.001 0.02112 0.01658 0.01843 0.056 -0.104 -0.0708
22  1.529  0.001 0.02083 0.01455 0.01843 0.1168 -0.3239 -0.3545
38  1.533  0.001 0.01569 0.01892 0.01843 -0.08078 0.3062 -0.1615
63  1.541  0.001 0.02206 0.02045 0.01843    0    0 -0.01
126  1.545  0.001 0.01989 0.01651 0.01843    0    0 -0.01
122  1.547  0.001 0.01864 0.01738 0.01843    0    0 -0.01
235  1.576  0.001 0.01771 0.01514 0.01843    0    0 -0.01
169  1.585  0.001 0.01746 0.02112 0.01843    0    0 -0.01
244  1.59  0.001 0.0202 0.02347 0.01843    0    0 -0.01
14  1.592  0.001 0.02409 0.01828 0.01796 -0.5057 -1.219 0.7942
81  1.595  0.001 0.01812 0.02175 0.01843 0.002162 -0.01713 -0.03012
272  1.605  0.001 0.02022 0.02096 0.01843    0    0 -0.01
222  1.613  0.001 0.0229 0.01804 0.01843    0    0 -0.01
75  1.62  0.001 0.01411 0.01779 0.01749 0.05515 0.0002548 -0.1873
157  1.622  0.001 0.01876 0.01662 0.01843    0    0 -0.01
266  1.634  0.001 0.01542 0.01859 0.01843    0    0 -0.01
124  1.639  0.001 0.01757 0.02286 0.01843 -0.04831 0.0183 -0.1427
41  1.639  0.001 0.02044 0.02075 0.01843 0.0276 -0.07558 -0.1064
290  1.643  0.001 0.02076 0.02256 0.01843    0    0 -0.01
31  1.655  0.001 0.02402 0.01981 0.01843 0.0421 -0.001224 -0.1297
170  1.657  0.001 0.0211 0.01768 0.01843    0    0 -0.01
161  1.668  0.001 0.01973 0.01501 0.01843    0    0 -0.01
103  1.672  0.001 0.01442 0.02118 0.01839 0.0832 -0.03285 -0.3521
225  1.677  0.001 0.02207 0.02059 0.01843    0    0 -0.01
269  1.678  0.001 0.01686 0.01645 0.01843    0    0 -0.01
176  1.692  0.001 0.0207 0.01582 0.01843    0    0 -0.01
23  1.697  0.001 0.02131 0.02357 0.01766 0.09637 -0.05014 0.2653
198  1.702  0.001 0.01795 0.01586 0.01843    0    0 -0.01
149  1.718  0.001 0.01444 0.01964 0.01843 -0.1176 -0.09209 -0.08869
290  1.726  0.001 0.02 0.02202 0.01843 -0.002564 -0.03155 -0.1005
246  1.727  0.001 0.02018 0.01805 0.01843    0    0 -0.01
284  1.737  0.001 0.01723 0.01779 0.01843    0    0 -0.01
154  1.749  0.001 0.021 0.01928 0.01843    0    0 -0.01
221  1.769  0.001 0.01919 0.0236 0.01843    0    0 -0.01
223  1.773  0.001 0.02068 0.017 0.01843    0    0 -0.01
280  1.775  0.001 0.02091 0.0215 0.01843    0    0 -0.01
231  1.778  0.001 0.01497 0.01833 0.01843    0    0 -0.01
74  1.783  0.001 0.02315 0.02145 0.0175 -0.00216 0.000178 0.06776
211  1.792  0.001 0.01967 0.01625 0.01843    0    0 -0.01
12  1.82  0.001 0.02172 0.01839 0.01843 0.1325 0.2254 -0.3011
46  1.831  0.001 0.02236 0.02256 0.01843 0.1056 0.04333 -0.1914
177  1.834  0.001 0.01628 0.01688 0.01843    0    0 -0.01
179  1.846  0.001 0.02136 0.01577 0.01843    0    0 -0.01
273  1.847  0.001 0.02286 0.02071 0.01843    0    0 -0.01
91  1.848  0.001 0.02081 0.02342 0.01745 -0.001706 -0.001668 0.05869
162  1.849  0.001 0.01941 0.01807 0.01843    0    0 -0.01
285  1.861  0.001 0.01459 0.01919 0.01843    0    0 -0.01
267  1.864  0.001 0.01521 0.02155 0.01843    0    0 -0.01
59  1.866  0.001 0.01679 0.02137 0.01843 -0.06525 -0.02182 -0.2037
261  1.906  0.001 0.02267 0.017 0.01843    0    0 -0.01
200  1.912  0.001 0.01937 0.02316 0.01843    0    0 -0.01
201  1.912  0.001 0.01714 0.01984 0.01843    0    0 -0.01
132  1.917  0.001 0.02091 0.0194 0.01843 -0.07969 0.005638 -0.09324
267  1.923  0.001 0.01433 0.02097 0.01843 -0.1164 0.05899 -0.0672
227  1.926  0.001 0.01747 0.0179 0.01843    0    0 -0.01
41  1.929  0.001 0.02009 0.021 0.01843 0.01472 -0.04904 -0.08564
216  1.933  0.001 0.02167 0.02044 0.01843    0    0 -0.01
112  1.935  0.001 0.01543 0.02136 0.01757 0.01459 -0.1531 0.204
151  1.94  0.001 0.02247 0.01982 0.01843    0    0 -0.01
168  1.945  0.001 0.01813 0.01548 0.01843    0    0 -0.01
194  1.949  0.001 0.01619 0.02008 0.01843    0    0 -0.01
268  1.951  0.001 0.0183 0.01908 0.01843    0    0 -0.01
178  1.951  0.001 0.02124 0.01752 0.01843    0    0 -0.01
173  1.955  0.001 0.01976 0.01616 0.01843    0    0 -0.01
263  1.958  0.001 0.0204 0.01858 0.01843    0    0 -0.01
249  1.959  0.001 0.01456 0.01956 0.01843    0    0 -0.01
186  1.978  0.001 0.01817 0.02277 0.01843    0    0 -0.01
132  1.987  0.001 0.01803 0.01998 0.01843 0.06298 -0.1425 -0.3895
196  1.995  0.001 0.01783 0.01705 0.01843    0    0 -0.01
228  2.001  0.001 0.0213 0.02224 0.01843    0    0 -0.01
166  2.011  0.001 0.01698 0.01854 0.01843    0    0 -0.01
59  2.014  0.001 0.01948 0.023 0.01843 -0.07587 0.04363 -0.09338
124  2.023  0.001 0.02142 0.02097 0.01843 0.04458 0.1629 -0.1468
257  2.026  0.001 0.01955 0.01906 0.01843    0    0 -0.01
268  2.029  0.001 0.02099 0.01509 0.01843 0.1618 -0.1603 -0.03263
280  2.029  0.001 0.018 0.01932 0.01843 0.03673 -0.04511 -0.08148
206  2.039  0.001 0.02069 0.02323 0.01843    0    0 -0.01
127  2.049  0.001 0.01435 0.02015 0.01843 -0.06898 -0.0448 -0.1546
283  2.108  0.001 0.0189 0.01915 0.01843    0    0 -0.01
232  2.117  0.001 0.02019 0.02271 0.01843    0    0 -0.01
153  2.12  0.001 0.0234 0.02 0.01843    0    0 -0.01
187  2.122  0.001 0.02141 0.01968 0.01843    0    0 -0.01
255  2.13  0.001 0.01779 0.02055 0.01843    0    0 -0.01
286  2.131  0.001 0.01565 0.0194 0.01843    0    0 -0.01
159  2.132  0.001 0.02067 0.01857 0.01843    0    0 -0.01
278  2.133  0.001 0.01769 0.01913 0.01843    0    0 -0.01
175  2.142  0.001 0.01732 0.01709 0.01843    0    0 -0.01
189  2.144  0.001 0.01884 0.02323 0.01843    0    0 -0.01
22  2.147  0.001 0.01927 0.0153 0.01843 0.2863 0.2667 -0.6374
255  2.154  0.001 0.01817 0.02009 0.01843 0.04709 -0.03435 -0.1303
297  2.155  0.001 0.02115 0.01512 0.01843    0    0 -0.01
262  2.166  0.001 0.01774 0.0223 0.01843    0    0 -0.01
22  2.168  0.001 0.01894 0.02027 0.01843 0.07427 -0.1447 -0.0679
232  2.178  0.001 0.01861 0.02401 0.01843 -0.009485 0.09901 -0.2437
239  2.204  0.001 0.01844 0.0214 0.01843    0    0 -0.01
251  2.217  0.001 0.01802 0.01726 0.01843    0    0 -0.01
257  2.219  0.001 0.01741 0.01915 0.01843 0.2571 -0.08226 -0.1811
165  2.222  0.001 0.02037 0.01475 0.01843    0    0 -0.01
296  2.235  0.001 0.02174 0.01945 0.01843    0    0 -0.01
295  2.24  0.001 0.01711 0.02097 0.01843    0    0 -0.01
271  2.243  0.001 0.02104 0.02086 0.01843    0    0 -0.01
297  2.245  0.001 0.02289 0.01801 0.01843 0.3069 0.2304 -0.08757
174  2.246  0.001 0.02063 0.022 0.01843    0    0 -0.01
172  2.249  0.001 0.01545 0.01635 0.01843    0    0 -0.01
56  2.251  0.001 0.02268 0.01584 0.01843 -0.05508 0.0616 -0.1607
173  2.254  0.001 0.02174 0.02008 0.01843 -0.01073 0.04247 -0.1014
278  2.257  0.001 0.02091 0.02087 0.01843 0.01134 0.1346 -0.2683
236  2.257  0.001 0.02277 0.02146 0.01843    0    0 -0.01
226  2.258  0.001 0.01733 0.02254 0.01843    0    0 -0.01
243  2.265  0.001 0.01654 0.01597 0.01843    0    0 -0.01
227  2.271  0.001 0.01842 0.01896 0.01843 -0.0716 -0.03445 -0.07475
194  2.273  0.001 0.0142 0.0206 0.0178 -0.02421 0.216 0.8994
51  2.275  0.001 0.02086 0.01704 0.01843 0.02355 0.003163 -0.243
1  2.284  0.001 0.02154 0.01875 0.01843 -0.5624 -0.5068 -0.8681
216  2.288  0.001 0.02027 0.02315 0.01843 -0.1642 0.1742 -0.1383
97  2.288  0.001 0.02246 0.02124 0.01843 0.2466 0.2001 -0.02362
184  2.289  0.001 0.0179 0.01556 0.01843    0    0 -0.01
183  2.29  0.001 0.0163 0.0214 0.01843    0    0 -0.01
12  2.291  0.001 0.02255 0.01839 0.01843 0.1997 0.2493 -0.2073
275  2.295  0.001 0.01799 0.01992 0.01843    0    0 -0.01
41  2.296  0.001 0.02144 0.02152 0.01843 0.2221 0.1904 -0.2024
260  2.297  0.001 0.02175 0.01542 0.01843    0    0 -0.01
240  2.297  0.001 0.01887 0.01494 0.01843    0    0 -0.01
170  2.303  0.001 0.01883 0.02315 0.01843 -0.1396 0.1441 -0.2125
1  2.303  0.001 0.01932 0.0182 0.01843 -0.07883 -0.1268 -0.212
282  2.311  0.001 0.01977 0.01625 0.01843    0    0 -0.01
190  2.314  0.001 0.01889 0.02041 0.01843    0    0 -0.01
187  2.317  0.001 0.0171 0.01633 0.01843 0.0583 -0.09449 -0.1523
252  2.319  0.001 0.02076 0.01938 0.01843    0    0 -0.01
92  2.321  0.001 0.02342 0.01725 0.01843 -0.08707 -0.06847 -0.1484
154  2.321  0.001 0.01958 0.02134 0.01843 -0.041 -0.04651 -0.1466
153  2.324  0.001 0.02285 0.02167 0.01759 0.1839 -0.1656 0.4239
135  2.33  0.001 0.01445 0.02126 0.01777 0.08168 -0.07075 0.2278
67  2.334  0.001 0.02266 0.01978 0.01843 0.1098 0.3205 -0.01123
236  2.336  0.001 0.02364 0.02095 0.01764 -0.02123 -0.6644 1.572
67  2.337  0.001 0.0229 0.02021 0.01843 0.4372 -0.05312 -0.1906
188  2.337  0.001 0.01457 0.01927 0.01843    0    0 -0.01
278  2.339  0.001 0.02416 0.01908 0.0177 -0.1473 -0.04058 0.01957
12  2.341  0.001 0.02246 0.01526 0.01748 -0.02706 0.04756 -0.1235
160  2.347  0.001 0.02201 0.0177 0.01843    0    0 -0.01
41  2.348  0.001 0.02246 0.01857 0.01843 -0.003957 -0.02762 -0.02847
297  2.367  0.001 0.02239 0.02029 0.0175 -0.07043 0.008212 0.04336
253  2.379  0.001 0.01833 0.01865 0.01843    0    0 -0.01
182  2.38  0.001 0.02103 0.02249 0.01843    0    0 -0.01
218  2.381  0.001 0.0174 0.02303 0.01843    0    0 -0.01
288  2.392  0.001 0.02185 0.02021 0.01843    0    0 -0.01
74  2.393  0.001 0.02269 0.01892 0.01763 -0.2213 0.06064 0.177
120  2.396  0.001 0.02217 0.02209 0.01766 0.0753 -0.003002 0.1747
248  2.396  0.001 0.01518 0.02089 0.01843    0    0 -0.01
278  2.397  0.001 0.02411 0.01924 0.01843 -0.1036 -0.02121 -0.07119
280  2.399  0.001 0.01708 0.01505 0.01843 -0.01374 0.0665 -0.3662
250  2.402  0.001 0.01643 0.02264 0.01843    0    0 -0.01
288  2.402  0.001 0.02218 0.02122 0.01843 0.1566 0.03585 -0.2904
41  2.403  0.001 0.01993 0.02172 0.01843 0.03344 0.2656 -0.09623
74  2.406  0.001 0.01962 0.0176 0.01843 -0.04497 0.06244 -0.324
248  2.41  0.001 0.01533 0.02058 0.01843 -0.003018 -0.08538 -0.1593
173  2.412  0.001 0.01919 0.01547 0.01843 -0.106 -0.09972 -0.06618
179  2.416  0.001 0.02241 0.01619 0.01843 0.06042 -0.02395 -0.1829
230  2.422  0.001 0.01594 0.01794 0.01843    0    0 -0.01
120  2.425  0.001 0.02267 0.02258 0.01843 -0.04344 -0.03383 -0.1231
187  2.426  0.001 0.01842 0.01485 0.01843 -0.001769 0.05885 -0.0854
67  2.428  0.001 0.02377 0.01709 0.0176 -0.05419 0.01134 -0.1718
245  2.429  0.001 0.02026 0.01585 0.01843    0    0 -0.01
252  2.443  0.001 0.01629 0.02334 0.01764 0.008713 -0.04752 -0.01459
299  2.459  0.001 0.0176 0.01613 0.01843    0    0 -0.01
245  2.46  0.001 0.02087 0.01772 0.01843 -0.004287 -0.1187 -0.07675
167  2.466  0.001 0.01665 0.02084 0.01843    0    0 -0.01
197  2.467  0.001 0.01918 0.02217 0.01843    0    0 -0.01
150  2.471  0.001 0.02044 0.01975 0.01843    0    0 -0.01
208  2.476  0.001 0.01572 0.01929 0.01843    0    0 -0.01
63  2.479  0.001 0.02081 0.02384 0.01745 -0.01768 -0.02806 -0.06357
212  2.491  0.001 0.01849 0.02026 0.01843    0    0 -0.01
204  2.493  0.001 0.02263 0.01883 0.01843    0    0 -0.01
101  2.496  0.001 0.01995 0.02096 0.0176 -0.04013 0.148 1.029
206  2.496  0.001 0.0199 0.02209 0.01769 -0.07673 0.3907 0.6471
160  2.496  0.001 0.01571 0.01524 0.01843 -0.08161 0.002882 -0.2389
206  2.498  0.001 0.02003 0.02245 0.01843 0.3807 -0.2534 -0.1631
233  2.51  0.001 0.01954 0.02066 0.01843    0    0 -0.01
70  2.511  0.001 0.02378 0.01764 0.01843 -0.07268 0.04137 -0.1889
212  2.518  0.001 0.01763 0.01989 0.01843 0.01185 0.04047 -0.09012
277  2.523  0.001 0.02163 0.02207 0.01843    0    0 -0.01
193  2.527  0.001 0.02158 0.01753 0.01843    0    0 -0.01
213  2.528  0.001 0.01736 0.01864 0.01843    0    0 -0.01
91  2.532  0.001 0.02169 0.02288 0.01744 -0.06941 -0.01489 0.09224
277  2.535  0.001 0.02168 0.02218 0.01843 -0.007636 0.03127 -0.02901
51  2.535  0.001 0.01991 0.02044 0.01843 0.02211 -0.03273 -0.1614
276  2.536  0.001 0.01659 0.01929 0.01843    0    0 -0.01
276  2.547  0.001 0.01671 0.01871 0.01843 0.02393 -0.05371 -0.07383
207  2.549  0.001 0.01931 0.01853 0.01843    0    0 -0.01
241  2.552  0.001 0.02102 0.01621 0.01843    0    0 -0.01
224  2.56  0.001 0.01647 0.0162 0.01843    0    0 -0.01
55  2.561  0.001 0.01778 0.01968 0.01843 0.006051 -0.008997 -0.1391
298  2.565  0.001 0.01923 0.02316 0.01843    0    0 -0.01
180  2.565  0.001 0.01543 0.02166 0.01843    0    0 -0.01
217  2.566  0.001 0.02219 0.02125 0.01843    0    0 -0.01
253  2.571  0.001 0.01608 0.02283 0.01843 1.876e-05 0.07233 -0.1442
291  2.573  0.001 0.02126 0.0204 0.01843    0    0 -0.01
214  2.58  0.001 0.01719 0.02313 0.01843    0    0 -0.01
238  2.582  0.001 0.0195 0.01699 0.01843    0    0 -0.01
31  2.584  0.001 0.02413 0.01853 0.01798 -0.08814 -0.01069 0.1707
228  2.586  0.001 0.0226 0.01993 0.01743 -0.08692 -0.1172 0.0625
67  2.586  0.001 0.0218 0.01736 0.01843 -0.1638 0.07768 -0.08513
258  2.587  0.001 0.02304 0.01702 0.01843    0    0 -0.01
234  2.594  0.001 0.01948 0.02148 0.01843    0    0 -0.01
155  2.602  0.001 0.01767 0.02069 0.01843    0    0 -0.01
195  2.606  0.001 0.01578 0.01975 0.01843    0    0 -0.01
190  2.607  0.001 0.0205 0.01902 0.01843 0.0793 0.2388 -0.5625
275  2.608  0.001 0.01702 0.02115 0.01843 0.09577 -0.1124 -0.1504
55  2.614  0.001 0.0173 0.01699 0.01843 -0.02711 -0.1976 -0.1408
195  2.615  0.001 0.01469 0.01867 0.01843 -0.07538 0.1234 -0.1123
291  2.615  0.001 0.02246 0.02235 0.01843 0.1847 0.03845 -0.007145
31  2.617  0.001 0.02335 0.01988 0.01843 0.05797 0.02041 -0.1026
234  2.621  0.001 0.01906 0.02291 0.01843 -0.01595 0.08124 -0.08315
202  2.631  0.001 0.02201 0.01985 0.01843    0    0 -0.01
234  2.637  0.001 0.01783 0.02288 0.01843 -0.08888 -0.02744 -0.03711
269  2.639  0.001 0.01908 0.01758 0.01843 0.06971 0.1185 -0.1683
155  2.645  0.001 0.01496 0.016 0.01833 0.05817 0.03144 -0.1297
253  2.647  0.001 0.01431 0.01964 0.01843 0.03566 -0.06081 -0.2097
219  2.661  0.001 0.02055 0.0176 0.01843    0    0 -0.01
78  2.662  0.001 0.02072 0.0152 0.01744 -0.01053 -0.03886 0.03568
212  2.663  0.001 0.01721 0.02381 0.01825 0.04467 -0.0583 -0.03947
220  2.668  0.001 0.01484 0.01752 0.01843    0    0 -0.01
278  2.681  0.001 0.0209 0.02011 0.01843 -0.04445 -0.05396 -0.02402
191  2.69  0.001 0.01809 0.01841 0.01843    0    0 -0.01
228  2.694  0.001 0.0202 0.01438 0.01843 -0.05208 -0.1308 -0.1547
171  2.695  0.001 0.0213 0.01657 0.01843    0    0 -0.01
256  2.711  0.001 0.01609 0.0166 0.01843    0    0 -0.01
215  2.711  0.001 0.02087 0.02195 0.01843    0    0 -0.01
47  2.717  0.001 0.01983 0.01754 0.01755 -0.06248 0.01809 0.04791
259  2.719  0.001 0.02215 0.02159 0.01843    0    0 -0.01
209  2.725  0.001 0.01988 0.02079 0.01843    0    0 -0.01
89  2.736  0.001 0.01629 0.01988 0.01843 -0.03278 0.08118 -0.1478
265  2.75  0.001 0.01681 0.01867 0.01843    0    0 -0.01
41  2.752  0.001 0.02238 0.02265 0.01843 -0.01917 0.04831 -0.1582
199  2.754  0.001 0.01694 0.02189 0.01843    0    0 -0.01
164  2.772  0.001 0.02043 0.0181 0.01843    0    0 -0.01
187  2.775  0.001 0.02378 0.02098 0.0176 -0.0307 -0.01471 -0.03708
264  2.778  0.001 0.02294 0.018 0.01843    0    0 -0.01
210  2.782  0.001 0.01576 0.0207 0.01843    0    0 -0.01
237  2.785  0.001 0.01602 0.01569 0.01843    0    0 -0.01
281  2.786  0.001 0.01919 0.01737 0.01843    0    0 -0.01
10  2.831  0.001 0.01919 0.02303 0.01843 -0.01893 -0.003856 -0.0333
163  2.842  0.001 0.022 0.02034 0.01843    0    0 -0.01
205  2.849  0.001 0.02016 0.02316 0.01843    0    0 -0.01
161  2.85  0.001 0.02191 0.02208 0.01843 0.03752 -0.007856 -0.09272
152  2.851  0.001 0.01912 0.0195 0.01843    0    0 -0.01
156  2.855  0.001 0.02293 0.02082 0.01843    0    0 -0.01
158  2.883  0.001 0.01704 0.01575 0.01843    0    0 -0.01
155  2.898  0.001 0.02186 0.02331 0.018 0.006907 -0.1113 0.06638
203   2.9  0.001 0.02003 0.02198 0.01843    0    0 -0.01
292  2.909  0.001 0.01743 0.01997 0.01843    0    0 -0.01
287  2.912  0.001 0.01858 0.02309 0.01843    0    0 -0.01
274  2.931  0.001 0.01503 0.02091 0.01843    0    0 -0.01
293  2.944  0.001 0.01601 0.01853 0.01843    0    0 -0.01
270  2.952  0.001 0.02079 0.02242 0.01843    0    0 -0.01
120  2.953  0.001 0.02352 0.021 0.01745 0.079 -0.1042 0.1529
147  2.964  0.001 0.01888 0.01675 0.01843 -0.1228 -0.0823 -0.1203
270  2.966  0.001 0.02026 0.02238 0.01843 -0.02488 0.001573 -0.06415
192  2.967  0.001 0.01836 0.02136 0.01843    0    0 -0.01
156  2.97  0.001 0.01905 0.01763 0.01843 -0.1139 -0.06186 -0.1496
176  2.973  0.001 0.02293 0.02117 0.0175 0.3698 -0.4913 0.7175
273  2.975  0.001 0.02281 0.02093 0.01749 -0.0002599 -0.2739 0.3735
260  2.978  0.001 0.02263 0.01768 0.01745 0.1178 -0.05158 0.06048
185  2.981  0.001 0.01555 0.02204 0.01843    0    0 -0.01
292  2.986  0.001 0.0175 0.01853 0.01843 0.08716 -0.001909 -0.02051
289  2.988  0.001 0.01917 0.01547 0.01843    0    0 -0.01
152  2.99  0.001 0.01874 0.01809 0.01843 0.03038 -0.0879 -0.01964
227  2.994  0.001 0.01664 0.01964 0.01843 0.003179 -0.01197 -0.0403
242  2.995  0.001 0.01622 0.01644 0.01843    0    0 -0.01
287  3.002  0.001 0.01765 0.02377 0.01843 -0.02982 0.01385 -0.1148
279  3.002  0.001 0.01656 0.0179 0.01843    0    0 -0.0305
181  3.004  0.001 0.02269 0.01654 0.01843    0    0 -0.05184
254  3.005  0.001 0.01842 0.02028 0.01843    0    0 -0.05882
247  3.008  0.001 0.0198 0.02306 0.01843    0    0 -0.08548
294  3.008  0.001 0.01561 0.01873 0.01843    0    0 -0.08801
229  3.008  0.001 0.01511 0.01726 0.01843    0    0 -0.09135
215  3.018  0.001 0.01736 0.01444 0.01843 0.02271 0.07949 -0.1108
233  3.023  0.001 0.02207 0.01589 0.01843 0.0264 -0.1247 -0.2009
247  3.057  0.001 0.02118 0.02345 0.01843 0.05656 -0.01835 -0.03534
203  3.058  0.001 0.01945 0.02174 0.01843 -0.01666 -0.05231 -0.03826
41  3.061  0.001 0.01401 0.01825 0.01745 0.1088 0.003046 -0.3506
291  3.101  0.001 0.02372 0.02082 0.01763 -0.1215 -0.1512 0.3313
86  3.104  0.001 0.02275 0.0209 0.01752 -0.02694 -0.03158 0.1444
86  3.124  0.001 0.02221 0.02026 0.01843 -0.02694 -0.03158 -0.05367
31  3.126  0.001 0.0213 0.01684 0.01843 -0.03044 -0.1 -0.07378
37  3.13  0.001 0.02301 0.01801 0.01843 0.01015 -0.07023 -0.08706
254  3.133  0.001 0.01628 0.01937 0.01843 -0.09438 0.01076 -0.05026
273  3.134  0.001 0.02003 0.01466 0.01754 -0.08715 -0.3109 0.9031
143  3.16  0.001 0.01843 0.02122 0.01843 -0.0621 -0.04832 -0.08681
23  3.163  0.001 0.02282 0.02185 0.01746 0.09387 0.0387 0.04705
247  3.166  0.001 0.0211 0.01944 0.01843 -0.01284 -0.06918 -0.1749
10  3.166  0.001 0.02199 0.0224 0.01843 0.07015 -0.03259 -0.08233
203  3.169  0.001 0.02074 0.02065 0.01843 0.03327 0.005888 -0.01378
210  3.17  0.001 0.01573 0.01976 0.01843 -0.0138 -0.04468 -0.1404
68  3.171  0.001 0.01869 0.0188 0.01843 -0.04121 -0.0791 -0.2056
291  3.181  0.001 0.01716 0.01431 0.01843 0.008927 0.08078 -0.2193
75  3.183  0.001 0.02406 0.02006 0.0181 -0.1262 -0.05325 -0.07144
80  3.192  0.001 0.0225 0.01981 0.01843 -0.01312 -0.03909 -0.09773
89  3.204  0.001 0.01944 0.01478 0.01843 -0.05293 -0.1486 -0.2076
275  3.264  0.001 0.02028 0.02307 0.01843 0.06832 0.05136 -0.04965
143  3.268  0.001 0.02079 0.02085 0.01843 0.08366 0.005109 -0.08937
252  3.274  0.001 0.01663 0.02322 0.01843 0.01169 -0.03599 -0.06211
180  3.275  0.001 0.0184 0.02382 0.01843 0.05527 -0.006466 -0.0796
190  3.293  0.001 0.0205 0.02193 0.01843 -0.05369 0.006148 -0.06287
190  3.318  0.001 0.0209 0.0226 0.01843 0.01168 -0.02248 -0.01992
156  3.324  0.001 0.01597 0.0202 0.01843 -0.05134 0.04071 -0.1783
13  3.342  0.001 0.02301 0.01813 0.01843 -0.05252 -0.09353 -0.09853
180  3.352  0.001 0.01846 0.02342 0.01843 0.01193 -0.018 -0.1047
218  3.363  0.001 0.01943 0.02101 0.01843 -0.01315 -0.04958 -0.1616
292  3.366  0.001 0.02109 0.01954 0.01843 0.04231 -0.05335 -0.04217
181  3.375  0.001 0.01775 0.01412 0.01775 0.01002 0.06615 -0.1025
164  3.384  0.001 0.02374 0.0195 0.01752 -0.09902 -0.142 0.1731
279  3.386  0.001 0.01433 0.01893 0.01744 0.09566 0.09552 0.07085
213  3.399  0.001 0.01677 0.01453 0.01843 -0.07088 -0.1523 -0.131
237  3.412  0.001 0.01755 0.02006 0.01843 -0.09235 -0.05235 -0.02827
164  3.413  0.001 0.02088 0.0154 0.01843 -0.09902 -0.142 -0.11
271  3.416  0.001 0.02248 0.02259 0.01747 -0.04611 -0.003715 0.08233
297  3.425  0.001 0.01826 0.021 0.01743 -0.001553 -0.001309 0.01612
63  3.433  0.001 0.01472 0.02088 0.01743 -0.006765 -0.03355 0.02075
68  3.444  0.001 0.01476 0.02181 0.01832 0.145 0.02798 -0.06399
180  3.448  0.001 0.01891 0.02258 0.01843 -0.06118 -0.03048 -0.09377
276  3.453  0.001 0.01522 0.01654 0.01751 -0.864 -1.47 2.806
118  3.457  0.001 0.02387 0.01808 0.01746 -0.1587 -0.03674 0.1825
173  3.463  0.001 0.01441 0.01693 0.01782 0.06555 0.01338 -0.1385
287  3.466  0.001 0.01813 0.0237 0.01843 -0.02404 -0.0397 -0.08908
179  3.468  0.001 0.01551 0.018 0.01843 0.0624 0.07175 -0.278
271  3.481  0.001 0.0179 0.02249 0.01843 -0.04973 -0.0633 -0.1418
118  3.487  0.001 0.01898 0.01695 0.01843 -0.1587 -0.03674 -0.1192
64  3.502  0.001 0.01423 0.01776 0.01753 0.0255 -0.1872 0.2106
92  3.511  0.001 0.01621 0.02108 0.01843 0.09841 -0.01898 -0.1884
118  3.52  0.001 0.01584 0.01848 0.01843 -0.06409 0.1026 -0.03665
203  3.52  0.001 0.01871 0.01963 0.01843 0.129 -0.01044 -0.1788
151  3.541  0.001 0.01529 0.01862 0.01843 0.08518 0.05901 -0.318
191  3.546  0.001 0.01478 0.02184 0.01812 0.005599 -0.01325 -0.004977
216  3.572  0.001 0.02125 0.02158 0.01749 -0.00401 -0.1069 0.1147
205  3.601  0.001 0.02318 0.02047 0.01843 0.04599 -0.08838 -0.08052
245  3.602  0.001 0.02338 0.01828 0.01843 0.02529 -0.01591 -0.1757
275  3.616  0.001 0.01606 0.01518 0.01746 0.0667 -0.1147 0.04892
77  3.617  0.001 0.02342 0.0186 0.01843 -0.0003935 -0.03809 -0.1236
287  3.621  0.001 0.01802 0.01625 0.01843 -0.04151 -0.06288 -0.3118
154  3.632  0.001 0.02035 0.01412 0.01779 -0.0429 0.0554 -0.2463
48  3.636  0.001 0.02174 0.02063 0.01753 0.1518 -0.0177 0.2214
23  3.644  0.001 0.02377 0.02097 0.01751 -0.6562 -0.3792 1.532
207  3.664  0.001 0.021 0.02236 0.01746 -0.128 -0.1444 0.3731
198  3.673  0.001 0.01778 0.01411 0.01831 0.02037 0.06552 -0.05722
180  3.684  0.001 0.01536 0.0188 0.01843 0.09722 -0.05635 -0.1856
236  3.694  0.001 0.02305 0.0216 0.01745 -0.07477 -0.02284 0.03397
96   3.7  0.001 0.01694 0.02237 0.01843 0.0978 -0.07559 -0.1024
27  3.708  0.001 0.01521 0.01586 0.01843 0.06062 0.04741 -0.2585
34  3.717  0.001 0.0213 0.01563 0.01754 -0.09796 -0.05734 0.1624
52  3.72  0.001 0.02209 0.01679 0.01754 0.01273 0.113 0.2115
55  3.731  0.001 0.01923 0.02239 0.01843 -0.0264 0.0532 -0.02328
271  3.734  0.001 0.01513 0.02002 0.01843 0.03579 -0.1245 -0.09025
34  3.743  0.001 0.01874 0.01412 0.01843 -0.09796 -0.05734 -0.09449
207  3.755  0.001 0.01543 0.01545 0.01786 0.05945 0.04804 -0.3015
52  3.758  0.001 0.02258 0.02113 0.01843 0.01273 0.113 -0.165
23  3.767  0.001 0.02199 0.02322 0.01753 -0.003143 -0.04823 0.09959
109  3.78  0.001 0.01629 0.01838 0.01749 0.03715 0.007666 0.06091
297  3.797  0.001 0.01648 0.01533 0.01747 -0.04259 0.09569 0.1065
101  3.801  0.001 0.02179 0.02007 0.01744 -0.01103 0.0338 0.1345
206  3.815  0.001 0.015 0.02161 0.01843 -0.007938 -0.03851 -0.0957
152  3.836  0.001 0.02102 0.01913 0.01843 -0.01172 -0.03065 -0.1736
238  3.852  0.001 0.02081 0.02129 0.01744 -0.01347 -0.1322 0.3096
51  3.855  0.001 0.02385 0.02016 0.01843 -0.005272 0.01339 -0.099
209  3.861  0.001 0.01802 0.01968 0.01748 -0.00773 -0.06186 0.02384
101  3.862  0.001 0.01684 0.0194 0.01843 -0.132 -0.05211 -0.1552
177  3.863  0.001 0.01972 0.02365 0.01843 -0.05372 0.05321 -0.1457
175  3.868  0.001 0.01522 0.01963 0.01745 -0.06674 -0.06927 0.08778
133  3.881  0.001 0.02241 0.02159 0.01752 0.0137 -0.01913 0.04226
218  3.889  0.001 0.01578 0.01737 0.01843 -0.07913 -0.1017 -0.1652
252  3.897  0.001 0.02134 0.0198 0.01843 0.0385 -0.04842 -0.2036
68  3.912  0.001 0.01457 0.0166 0.01761 0.05954 0.02752 -0.1695
23  3.919  0.001 0.01429 0.01722 0.01726 0.07896 0.02895 -0.328
238  3.92  0.001 0.01974 0.014 0.01791 -0.03274 0.08098 -0.09222
235  3.964  0.001 0.01396 0.01933 0.01827 0.06398 -0.1138 0.07837
65  3.975  0.001 0.01942 0.02414 0.01802 0.0365 -0.08177 0.009
235  3.977  0.001 0.01483 0.01778 0.01843 0.06398 -0.1138 -0.05498
236  4.001  0.001 0.02054 0.02136 0.01744 -0.08554 -0.08102 0.001574
132  4.004  0.001 0.02155 0.02254 0.01774 -0.168 0.04934 0.5182
176  4.006  0.001 0.02193 0.02083 0.01759 0.2019 -0.2227 0.3555
94  4.006  0.001 0.01753 0.01933 0.01758 -0.0839 -0.0882 0.1909
97  4.007  0.001 0.0228 0.0213 0.01756 0.1694 -0.1367 0.3576
74  4.036  0.001 0.01578 0.01934 0.01843 -0.08337 -0.02775 -0.1119
245  4.041  0.001 0.02207 0.01529 0.01843 -0.053 0.04955 -0.1286
94  4.053  0.001 0.01471 0.01637 0.01761 0.03544 0.03746 -0.0683
209  4.062  0.001 0.01396 0.01943 0.01758 0.04855 -0.01883 0.02006
236  4.067  0.001 0.01574 0.01696 0.01843 -0.07274 -0.06663 -0.3025
22  4.076  0.001 0.02293 0.01809 0.0176 -0.1502 -0.2062 0.2464
161  4.081  0.001 0.02154 0.02342 0.01757 -0.3116 0.1745 0.8441
46  4.087  0.001 0.01797 0.01431 0.01843 0.005379 0.04862 -0.1736
96  4.116  0.001 0.02054 0.02115 0.01843 0.08655 0.01611 -0.0274
63  4.133  0.001 0.01588 0.01947 0.01843 -0.0185 -0.06044 -0.1146
33  4.137  0.001 0.01664 0.02143 0.0175 -0.2601 -0.2348 0.6548
178  4.138  0.001 0.01578 0.02185 0.01754 0.06195 -0.08873 0.3808
282  4.139  0.001 0.01841 0.02285 0.01745 0.002711 -0.09777 0.1162
186  4.142  0.001 0.01694 0.02234 0.01746 0.1015 -0.1051 0.04585
155  4.146  0.001 0.01449 0.01676 0.01793 0.04866 0.04314 -0.1859
118  4.174  0.001 0.01947 0.01417 0.01843 -0.01916 0.07484 -0.09623
179  4.197  0.001 0.02375 0.01706 0.01825 -0.05894 0.03354 -0.1902
86  4.201  0.001 0.02303 0.02164 0.01756 0.1326 -0.1958 1.144
285  4.202  0.001 0.02165 0.0155 0.01843 -0.02621 0.08975 -0.305
97  4.205  0.001 0.02298 0.01776 0.01749 0.08755 -0.3279 0.1401
29  4.206  0.001 0.02376 0.02054 0.01748 -0.05822 -0.1222 0.1629
178  4.213  0.001 0.02044 0.01518 0.01843 0.06195 -0.08873 -0.3572
248  4.229  0.001 0.02414 0.01878 0.01794 -0.05105 -0.009028 -0.06576
29  4.232  0.001 0.02226 0.0174 0.01843 -0.05822 -0.1222 -0.08919
291  4.241  0.001 0.02333 0.01654 0.01778 -0.04013 -0.3564 1.025
205  4.268  0.001 0.02078 0.0167 0.01773 -0.3251 0.2336 1.057
70  4.272  0.001 0.02167 0.01872 0.01748 0.1002 0.1156 0.2357
82   4.3  0.001 0.02174 0.02207 0.01749 -0.1211 -0.06644 0.1512
82  4.322  0.001 0.01905 0.02059 0.01843 -0.1211 -0.06644 -0.06691
55  4.325  0.001 0.02102 0.02279 0.01759 -0.1273 -0.09438 0.3379
64  4.326  0.001 0.0203 0.01849 0.01746 0.05538 -0.2265 0.06492
197  4.327  0.001 0.01999 0.02205 0.01749 -0.09219 -0.1009 0.1221
174  4.333  0.001 0.02026 0.02293 0.01746 -0.0204 -0.04202 0.06532
172  4.347  0.001 0.01904 0.02036 0.01744 0.1477 -0.2926 0.8007
254  4.348  0.001 0.01735 0.02129 0.01762 -0.05432 -0.1944 0.5755
168  4.349  0.001 0.01816 0.02081 0.01752 -0.1239 -0.2752 0.7009
264  4.35  0.001 0.01879 0.0197 0.0176 -0.2499 -0.2021 0.5604
270  4.354  0.001 0.01817 0.02062 0.01749 -0.1409 -0.1373 0.3184
103  4.362  0.001 0.01725 0.02264 0.01745 -0.04688 -0.01383 0.02796
197  4.368  0.001 0.0142 0.01757 0.01843 -0.2035 -0.1187 -0.0549
191  4.384  0.001 0.02311 0.02128 0.01843 0.1031 -0.01798 -0.2107
7  4.389  0.001 0.02395 0.02001 0.01748 -1.816 -1.255 1.92
192  4.398  0.001 0.01751 0.01418 0.01826 0.01475 0.05048 -0.1993
263  4.409  0.001 0.02027 0.02186 0.01743 -0.04358 0.1007 0.05459
4  4.417  0.001 0.01621 0.01538 0.01843 0.02293 0.07746 -0.2553
74  4.427  0.001 0.01586 0.02259 0.01843 0.131 -0.02327 -0.1151
251  4.431  0.001 0.01451 0.02139 0.01747 0.05637 -0.08111 -0.1029
5  4.434  0.001 0.01477 0.01717 0.01744 0.01176 0.0184 0.04077
176  4.439  0.001 0.01905 0.01509 0.01744 0.01451 0.06776 0.1018
198  4.448  0.001 0.02013 0.02376 0.01746 0.06747 0.04565 0.142
240  4.452  0.001 0.01536 0.01924 0.01843 -0.04212 -0.06887 -0.2162
87  4.462  0.001 0.01775 0.02031 0.01843 -0.009912 -0.04954 -0.2676
270  4.464  0.001 0.01644 0.01613 0.01751 0.7717 -0.733 1.362
280  4.48  0.001 0.02367 0.01758 0.01843 -0.1095 0.1726 -0.08762
217  4.485  0.001 0.01706 0.02363 0.01843 0.01357 -0.002999 -0.1077
243  4.503  0.001 0.01874 0.02243 0.01743 -0.1251 -0.04436 0.05377
121  4.506  0.001 0.0185 0.02413 0.01789 0.00418 -0.3527 -0.4404
74  4.506  0.001 0.01814 0.01488 0.01843 0.01119 -0.15 -0.233
178  4.507  0.001 0.02105 0.01484 0.01745 0.04227 -0.04453 0.3792
109  4.508  0.001 0.02266 0.01544 0.01763 -0.1441 0.1425 -0.4271
165  4.511  0.001 0.02136 0.0236 0.01774 -0.06651 -0.03253 0.09359
172  4.516  0.001 0.02235 0.01516 0.01762 -0.1426 0.1631 -0.4705
94  4.526  0.001 0.02157 0.01461 0.01743 -0.1356 0.1266 -0.5252
118  4.546  0.001 0.02357 0.01668 0.01781 -0.03285 -0.01321 0.008289
254  4.551  0.001 0.01441 0.02116 0.01756 0.02777 -0.006851 -0.001956
248  4.564  0.001 0.01644 0.01682 0.01744 0.1459 -0.02886 0.04038
55  4.574  0.001 0.01786 0.02401 0.01791 -0.03523 -0.2503 0.008552
189  4.604  0.001 0.01699 0.02354 0.0175 -0.0578 0.0121 0.1312
251  4.612  0.001 0.01558 0.01531 0.01732 0.1357 0.131 -0.3228
184  4.633  0.001 0.01796 0.02231 0.01843 -0.05287 -0.00399 -0.08458
255  4.634  0.001 0.01686 0.02218 0.01749 0.01577 -0.002691 0.1204
174  4.634  0.001 0.01818 0.02405 0.01746 -0.06441 0.02786 0.1276
178  4.637  0.001 0.01987 0.01683 0.01745 -0.2035 0.2998 0.4362
191  4.642  0.001 0.01795 0.01683 0.01745 -0.1848 0.1499 0.208
164  4.643  0.001 0.02193 0.02123 0.0175 -0.03843 -0.05374 0.1977
274  4.651  0.001 0.01993 0.02047 0.0175 -0.1339 -0.1177 0.1688
13  4.659  0.001 0.01525 0.02186 0.01749 -0.02933 -0.05616 0.1689
164  4.67  0.001 0.0216 0.02125 0.01843 0.01309 0.05398 -0.1267
280  4.681  0.001 0.0209 0.02188 0.01843 -0.004836 -0.004936 -0.1439
13  4.682  0.001 0.01421 0.02057 0.01843 -0.07134 -0.05339 -0.1063
133  4.686  0.001 0.02164 0.01847 0.01843 -0.03608 -0.04833 -0.1954
168  4.689  0.001 0.02086 0.01774 0.01754 -0.2311 0.1469 0.2863
123  4.691  0.001 0.01911 0.01468 0.01751 0.07434 -0.02115 0.2344
112  4.696  0.001 0.02016 0.02121 0.01843 -0.02236 0.03719 -0.2268
191  4.705  0.001 0.01408 0.02018 0.01761 0.01933 -0.04986 -0.1258
135  4.708  0.001 0.01486 0.02196 0.01772 0.06098 0.02084 -0.01482
70  4.711  0.001 0.02286 0.02092 0.01749 0.03488 -0.4056 0.3478
196  4.715  0.001 0.02105 0.01436 0.0182 -0.04967 0.04248 -0.2246
248  4.715  0.001 0.02066 0.02105 0.01843 0.005411 0.06794 -0.3614
94  4.718  0.001 0.02235 0.02199 0.01843 -0.06954 -0.03912 -0.1122
77  4.737  0.001 0.02012 0.01978 0.01745 0.0284 -0.07633 0.07131
73  4.746  0.001 0.02265 0.01543 0.018 -0.05577 0.03378 -0.1349
259  4.75  0.001 0.02085 0.0221 0.01751 -0.2224 0.05287 0.2202
168  4.756  0.001 0.0157 0.01784 0.01843 0.05498 -0.123 -0.2674
274  4.761  0.001 0.02006 0.01481 0.01843 -0.02133 -0.1503 -0.1022
259  4.762  0.001 0.01805 0.02302 0.01843 -0.2303 0.08681 -0.03108
112  4.787  0.001 0.01916 0.02151 0.01843 -0.02295 -0.02047 -0.1874
222  4.788  0.001 0.02236 0.01945 0.01744 -0.003154 -0.07459 0.0662
265  4.814  0.001 0.02226 0.02135 0.01749 -0.1161 -0.2265 0.6048
118  4.816  0.001 0.02036 0.02068 0.01843 -0.07164 -0.006594 -0.1317
81  4.853  0.001 0.02081 0.02138 0.01752 0.07361 0.02315 0.2757
240  4.854  0.001 0.01615 0.01997 0.01745 0.03796 -0.02539 0.06576
238  4.861  0.001 0.02307 0.02104 0.01843 0.07607 -0.02844 -0.07077
198  4.879  0.001 0.02118 0.02253 0.01749 -0.3413 -0.1234 1.033
167  4.881  0.001 0.01964 0.02263 0.01753 -0.5969 -0.1139 0.4933
94  4.881  0.001 0.0215 0.01978 0.01746 -0.3776 -0.6282 0.346
213  4.888  0.001 0.02017 0.02006 0.01843 0.05053 -0.05535 -0.05024
37  4.899  0.001 0.02409 0.01829 0.01745 -0.0783 0.02282 -0.0556
121  4.909  0.001 0.01907 0.01977 0.01843 -0.0118 -0.05112 -0.276
81  4.93  0.001 0.02357 0.02142 0.01795 -0.03976 0.01548 -0.03372
155  4.933  0.001 0.0187 0.02389 0.01843 0.05973 -0.05705 -0.04512
167  4.948  0.001 0.01625 0.01655 0.01843 0.09935 -0.08292 -0.3617
137  4.969  0.001 0.02059 0.0235 0.01749 0.1508 -0.1173 0.4643
243  4.973  0.001 0.01877 0.0237 0.01745 -0.08897 -0.03221 0.1818
78  4.974  0.001 0.01937 0.01953 0.01744 0.008014 -0.1937 0.09832
112  4.988  0.001 0.01713 0.02242 0.01843 -0.04898 -0.02967 -0.04805
297  5.006  0.001 0.02347 0.02161 0.01788 -0.04111 0.004207 -0.1065
243  5.011  0.001 0.01712 0.0235 0.01843 0.05313 -0.03837 -0.04186
170  5.033  0.001 0.01474 0.01941 0.01843 -0.1373 0.08824 -0.3143
234  5.051  0.001 0.01708 0.01875 0.01744 0.07418 -0.1045 0.03743
210  5.068  0.001 0.02161 0.01628 0.01759 -0.169 0.2401 0.3212
137  5.085  0.001 0.02382 0.01725 0.0176 -0.1284 -0.0759 -0.03509
64  5.126  0.001 0.02184 0.01478 0.01733 -0.1183 0.1587 -0.4702
210  5.139  0.001 0.01605 0.02317 0.0184 0.03057 -0.07463 -0.291
255  5.16  0.001 0.01887 0.02343 0.01843 -0.04661 -0.00299 -0.09929
152  5.176  0.001 0.01757 0.01512 0.01745 -0.1266 -0.04641 0.09101
99  5.183  0.001 0.01756 0.01617 0.01843 -0.08189 0.2332 -0.2516
183  5.193  0.001 0.02024 0.02243 0.01755 0.08965 0.01976 0.2447
232  5.198  0.001 0.0153 0.0156 0.0173 0.05316 0.05257 -0.1472
61   5.2  0.001 0.01813 0.02166 0.0175 0.03051 -0.03143 0.05256
33  5.202  0.001 0.02212 0.02043 0.01743 0.1402 -0.07124 -0.001321
233  5.209  0.001 0.01537 0.02238 0.0178 -0.03663 0.04019 0.5414
211  5.216  0.001 0.0193 0.02161 0.0177 0.2286 -0.04008 0.2428
112  5.216  0.001 0.02117 0.01529 0.01843 0.08614 -0.1527 -0.07665
189  5.219  0.001 0.02233 0.02257 0.01765 -0.4969 -0.06606 1.627
7  5.22  0.001 0.02139 0.02172 0.01773 -0.6864 -0.7181 1.535
156  5.232  0.001 0.01836 0.02273 0.01754 0.1262 -0.01201 0.8601
298  5.232  0.001 0.01666 0.02058 0.01778 0.1522 0.7408 2.898
252  5.235  0.001 0.0178 0.02059 0.01751 -0.1536 -0.3726 0.5878
285  5.243  0.001 0.01856 0.02109 0.01745 0.09897 -0.1409 0.1454
179  5.255  0.001 0.02266 0.02141 0.0177 0.1198 1.222 2.996
240  5.262  0.001 0.01518 0.01573 0.01765 0.06235 0.03936 -0.1943
285  5.262  0.001 0.02046 0.01839 0.01843 0.09897 -0.1409 -0.04291
247  5.277  0.001 0.0239 0.02039 0.01744 -0.2102 -0.1359 0.5077
296  5.278  0.001 0.023 0.01928 0.01746 -0.08485 -0.2343 0.2902
183  5.28  0.001 0.02205 0.0218 0.01744 -0.07223 -0.1205 0.1638
183  5.305  0.001 0.02021 0.01874 0.01843 -0.07223 -0.1205 -0.08577
101  5.32  0.001 0.0141 0.02027 0.01759 0.08141 0.01116 0.01887
254  5.322  0.001 0.01509 0.01584 0.01836 0.04115 -0.01139 -0.09471
37  5.336  0.001 0.01888 0.01395 0.01769 0.02429 0.06037 -0.1087
247   5.4  0.001 0.01518 0.01573 0.01732 0.1217 0.1131 -0.2713
4  5.411  0.001 0.02181 0.01476 0.01782 -0.04363 0.2081 -0.3988
262  5.414  0.001 0.02377 0.01858 0.01745 -0.03597 -0.1511 0.07061
238  5.424  0.001 0.01649 0.01482 0.01743 0.04291 0.03008 0.04611
33  5.444  0.001 0.01428 0.01725 0.01799 0.07797 0.02168 -0.05281
210  5.446  0.001 0.02303 0.01732 0.01743 -0.06884 -0.0832 0.03638
63  5.458  0.001 0.02027 0.02181 0.01745 0.07157 0.03917 0.1559
63  5.482  0.001 0.02193 0.02272 0.01843 0.07157 0.03917 -0.07171
22  5.527  0.001 0.02079 0.01965 0.01745 -0.02843 -0.05461 0.05549
195  5.553  0.001 0.01941 0.01976 0.01745 -0.1036 0.006708 0.05122
293  5.556  0.001 0.01885 0.02273 0.01746 -2.923e-05 -0.06156 0.1229
193  5.563  0.001 0.0236 0.02001 0.01775 -0.361 0.1411 0.9632
255  5.584  0.001 0.01988 0.02343 0.01759 0.2197 0.09213 1.181
265  5.585  0.001 0.02054 0.02241 0.01747 0.2276 0.07708 0.629
202  5.587  0.001 0.01953 0.01998 0.01745 0.08785 -0.09223 0.1583
165  5.587  0.001 0.0188 0.02278 0.0176 -0.09429 0.0104 0.5709
40  5.589  0.001 0.02081 0.0209 0.01744 0.08893 -0.0651 0.2291
169  5.595  0.001 0.02254 0.02067 0.01744 0.1049 -0.07947 0.04585
147  5.603  0.001 0.02307 0.01813 0.01744 -0.003564 -0.04736 0.03916
289  5.604  0.001 0.01988 0.01781 0.01744 0.0228 -0.08806 0.0282
120  5.61  0.001 0.02009 0.01971 0.01749 -0.1143 -0.08562 0.2089
216  5.616  0.001 0.01972 0.02099 0.01748 -0.09686 -0.1367 0.2346
167  5.627  0.001 0.01752 0.01929 0.01843 -0.02502 -0.04358 -0.0623
267  5.633  0.001 0.01922 0.01471 0.01843 -0.05883 -0.1694 -0.1055
120  5.648  0.001 0.01581 0.0165 0.01843 -0.1143 -0.08562 -0.1588
202  5.648  0.001 0.0231 0.01611 0.01843 -0.04628 0.06333 -0.1837
207  5.649  0.001 0.0182 0.0237 0.01843 -0.0419 0.02827 -0.1457
216  5.669  0.001 0.01568 0.01522 0.01812 0.0397 0.0462 -0.03893
169  5.709  0.001 0.01621 0.01677 0.01843 -0.2228 -0.1005 -0.1149
299  5.735  0.001 0.01998 0.02023 0.0175 0.02019 -0.1654 0.2611
280  5.763  0.001 0.01501 0.02182 0.01746 0.1878 -0.06791 0.4783
142  5.764  0.001 0.01544 0.01589 0.01774 -0.9993 -0.7351 1.037
13  5.797  0.001 0.01757 0.01895 0.01843 0.06259 -0.0853 -0.1075
299   5.8  0.001 0.02055 0.01417 0.01792 -0.01483 0.05718 -0.1782
163  5.802  0.001 0.01943 0.01667 0.01843 0.05843 -0.13 -0.262
174  5.805  0.001 0.01892 0.02332 0.0175 0.04617 0.1671 0.565
123  5.807  0.001 0.0203 0.02117 0.01748 0.08733 0.007479 0.1978
157  5.808  0.001 0.01597 0.01996 0.01747 -0.03137 -0.04175 0.1655
293  5.825  0.001 0.02076 0.01969 0.01843 0.02886 -0.04059 -0.4378
157  5.834  0.001 0.01515 0.01886 0.01843 -0.03137 -0.04175 -0.09181
74  5.838  0.001 0.01573 0.02192 0.01746 -0.131 -0.01147 0.2433
240  5.842  0.001 0.01672 0.01526 0.01843 -0.007913 -0.139 -0.1425
123  5.842  0.001 0.02333 0.02143 0.01843 0.08733 0.007479 -0.1429
280  5.842  0.001 0.02173 0.02233 0.01843 0.06893 0.01776 -0.3887
81  5.883  0.001 0.02312 0.02074 0.01766 -0.06641 0.1692 0.6294
16  5.884  0.001 0.01456 0.02116 0.01744 -0.03478 0.06886 0.4303
243  5.886  0.001 0.01597 0.02004 0.01752 0.0736 -0.1495 0.3549
94  5.886  0.001 0.01477 0.01917 0.01752 -0.002306 -0.2124 0.2167
155   5.9  0.001 0.01573 0.01999 0.01764 0.09156 -0.3698 0.4425
178  5.917  0.001 0.01863 0.02219 0.0175 0.01413 -0.1399 0.2841
166  5.924  0.001 0.01712 0.02 0.01766 0.9948 -0.6621 0.8642
153  5.933  0.001 0.01824 0.02155 0.01755 0.4456 -0.3326 0.5093
152  5.934  0.001 0.01966 0.02366 0.01754 0.6581 0.02631 0.4897
110  5.941  0.001 0.01897 0.0213 0.01743 0.2336 -0.1872 0.1517
222  5.953  0.001 0.02406 0.01918 0.01843 0.03858 -0.06791 -0.1548
178  5.972  0.001 0.0194 0.01457 0.01843 0.01413 -0.1399 -0.2497
110  5.976  0.001 0.02381 0.01722 0.0182 -0.06891 0.03605 -0.05845
70  5.992  0.001 0.02209 0.02252 0.0175 -0.01952 0.05593 0.2545
265  5.994  0.001 0.02279 0.02151 0.01744 0.008147 -0.01877 0.09055
260  5.994  0.001 0.02078 0.02149 0.01752 -0.0872 -0.09611 0.2792
147  5.995  0.001 0.02326 0.01949 0.01843 0.002366 -0.006116 -0.1407
260  6.029  0.001 0.01724 0.02154 0.01843 -0.1069 0.04043 -0.1779
41  6.036  0.001 0.02348 0.02159 0.01789 -0.07511 0.02501 -0.1603
278  6.036  0.001 0.01702 0.0162 0.01843 -0.0918 -0.1109 -0.2214
12  6.045  0.001 0.01588 0.01505 0.01767 0.04293 0.08398 -0.2659
4  6.069  0.001 0.01528 0.01561 0.01788 0.05544 0.0444 -0.3018
79  6.079  0.001 0.01714 0.02103 0.01764 -0.1138 -0.1558 0.235
152  6.081  0.001 0.02308 0.01965 0.01746 -0.1111 -0.07284 0.03411
123  6.137  0.001 0.02058 0.02365 0.01843 -0.01148 0.01287 -0.2173
153  6.147  0.001 0.02003 0.01547 0.01766 0.01645 0.02988 0.1273
16  6.155  0.001 0.01849 0.02291 0.01753 0.07969 -0.01993 0.127
153  6.163  0.001 0.02029 0.01596 0.01843 0.01645 0.02988 -0.03278
257  6.173  0.001 0.02191 0.02224 0.01754 -0.201 -0.1678 0.417
133  6.209  0.001 0.01684 0.02167 0.01752 -0.1453 -0.1464 0.2885
241  6.218  0.001 0.01927 0.01893 0.01764 -0.253 -0.07485 1.605
94  6.232  0.001 0.01817 0.01962 0.01758 1.04 0.3058 0.8444
151  6.239  0.001 0.02367 0.01776 0.01745 -0.06126 -0.2927 0.09268
280  6.241  0.001 0.02404 0.01875 0.01747 0.0408 -0.1741 0.1229
64  6.283  0.001 0.01809 0.02247 0.01749 0.02023 0.04421 0.07671
296  6.285  0.001 0.01823 0.0208 0.01777 0.0238 -0.02573 0.3048
49  6.29  0.001 0.02031 0.01965 0.01748 0.05803 -0.03434 0.03768
94  6.291  0.001 0.02002 0.0196 0.01843 -0.03322 -0.1121 -0.169
159  6.308  0.001 0.01957 0.0199 0.01843 0.02026 -0.02329 -0.05177
185  6.314  0.001 0.02232 0.01616 0.01843 -0.05263 0.002913 -0.4091
235  6.316  0.001 0.02037 0.02166 0.01843 0.04186 0.007728 -0.1001
251  6.33  0.001 0.02387 0.02073 0.01771 -0.5264 -0.1174 0.6741
297  6.334  0.001 0.0223 0.02209 0.01748 -0.2578 0.06486 0.1678
195  6.338  0.001 0.01668 0.02214 0.01747 -1.578 -0.03947 1.075
89  6.34  0.001 0.01984 0.01946 0.01743 -0.006726 -0.122 0.2075
155  6.345  0.001 0.02291 0.01859 0.01748 0.1392 -0.2933 0.09373
114  6.361  0.001 0.01765 0.02074 0.01759 -0.07738 0.03743 0.4521
250  6.368  0.001 0.01895 0.02156 0.01752 -0.04216 -0.04741 0.1789
296  6.372  0.001 0.01781 0.01861 0.01843 -0.06434 -0.02723 -0.1516
297  6.385  0.001 0.01576 0.02295 0.01785 0.03151 -0.052 -0.08838
222  6.386  0.001 0.01602 0.01883 0.01843 -0.1072 0.1873 -0.3359
265  6.397  0.001 0.01678 0.02151 0.01843 -0.04691 -0.02624 -0.1041
250  6.399  0.001 0.01767 0.02013 0.01843 -0.04216 -0.04741 -0.1188
279  6.417  0.001 0.02291 0.02115 0.01744 -0.2035 0.03314 0.1742
159  6.443  0.001 0.01563 0.01527 0.01732 0.05868 0.1219 -0.217
279  6.445  0.001 0.01712 0.0221 0.01843 -0.2035 0.03314 -0.1047
22  6.457  0.001 0.01759 0.01439 0.01749 0.04345 -0.04577 0.0845
49  6.462  0.001 0.0186 0.01667 0.01753 -0.0376 0.08311 0.1108
114  6.469  0.001 0.01441 0.02117 0.01815 0.07749 -0.03099 -0.01246
235  6.476  0.001 0.0233 0.01622 0.01777 -0.05518 0.02766 -0.1402
188  6.479  0.001 0.0193 0.02226 0.01752 0.1882 -0.007671 0.3437
95  6.481  0.001 0.01863 0.01925 0.01757 0.05018 -0.1612 0.2177
126  6.488  0.001 0.01708 0.01434 0.01824 0.06202 0.2061 -0.2543
165  6.491  0.001 0.01747 0.02303 0.01745 0.004661 0.02384 0.05106
126  6.52  0.001 0.01573 0.01677 0.01843 -0.06626 0.0442 -0.05922
95  6.535  0.001 0.02028 0.0141 0.01803 -0.01377 0.05529 -0.1293
250  6.548  0.001 0.01935 0.01396 0.01739 -0.03718 0.1129 -0.1368
183  6.552  0.001 0.02381 0.02073 0.01765 -0.8999 -0.1417 1.046
20  6.553  0.001 0.01959 0.02044 0.01768 -0.9488 0.1718 0.9434
45  6.557  0.001 0.0166 0.0148 0.01748 0.1682 0.142 0.371
197  6.561  0.001 0.01947 0.01914 0.01743 0.09781 -0.05633 0.1592
197  6.585  0.001 0.02181 0.01779 0.01843 0.09781 -0.05633 -0.07578
297  6.599  0.001 0.01482 0.01868 0.01843 0.007436 -0.09527 -0.07924
45  6.65  0.001 0.02369 0.02116 0.01734 -0.06069 -0.041 -0.3332
163  6.662  0.001 0.02089 0.01645 0.01766 0.04872 0.4391 0.6264
13  6.67  0.001 0.01997 0.01814 0.01745 -0.06498 0.1335 0.2659
152  6.671  0.001 0.02117 0.01724 0.01751 -0.06052 0.09825 0.5275
50  6.673  0.001 0.02072 0.01914 0.01743 -0.02979 0.1843 0.2051
227  6.684  0.001 0.02262 0.02005 0.01766 -1.11 -1.752 1.682
188  6.685  0.001 0.01777 0.02243 0.01744 -0.1818 0.1139 0.04541
84  6.693  0.001 0.02263 0.02042 0.01745 -0.2352 0.07428 0.1397
173  6.705  0.001 0.01592 0.01799 0.01843 -0.001897 0.08185 -0.1602
84  6.709  0.001 0.01894 0.02158 0.01843 -0.2352 0.07428 -0.01433
274  6.713  0.001 0.01508 0.01654 0.01843 -0.008823 -0.04907 -0.1378
267  6.717  0.001 0.02062 0.02239 0.01843 0.03699 -0.02377 -0.06353
13  6.732  0.001 0.01696 0.0237 0.0178 0.00913 -0.0639 -0.1432
16  6.75  0.001 0.01445 0.01968 0.01746 0.02807 -0.1746 0.1748
152  6.795  0.001 0.01678 0.02348 0.01843 0.04054 -0.09482 -0.3316
281  6.801  0.001 0.02098 0.02105 0.01772 0.0004279 -0.06841 0.2736
155  6.804  0.001 0.02143 0.02168 0.01762 -0.3069 -0.2181 0.6155
166  6.816  0.001 0.02022 0.0229 0.01789 -0.3183 0.0246 1.679
295  6.818  0.001 0.02042 0.01913 0.01843 0.01076 -0.02963 -0.0172
154  6.825  0.001 0.01455 0.02113 0.01746 -0.05559 -0.04822 0.1031
79  6.831  0.001 0.01542 0.02183 0.01744 -0.005525 -0.06992 0.09276
133  6.832  0.001 0.01622 0.02062 0.01751 -0.1533 -0.1456 0.2513
253  6.853  0.001 0.0236 0.01815 0.01746 0.1012 0.2808 0.2901
80  6.862  0.001 0.02043 0.01664 0.01745 -0.1065 0.1089 0.18
296  6.876  0.001 0.02204 0.02318 0.01742 -0.06533 -0.08321 -0.2135
57  6.883  0.001 0.01818 0.02149 0.01751 0.1427 -0.145 0.333
138  6.884  0.001 0.01909 0.02257 0.01843 -0.05684 0.02393 -0.1653
80  6.892  0.001 0.01723 0.01991 0.01843 -0.1065 0.1089 -0.115
265  6.899  0.001 0.0168 0.01447 0.01834 0.01959 0.06686 -0.2013
155  6.899  0.001 0.01432 0.02097 0.01759 0.1559 -0.009507 0.06037
13  6.903  0.001 0.02007 0.02405 0.01825 -0.01907 -0.06606 -0.1988
191  6.907  0.001 0.01729 0.02089 0.01788 0.09566 1.17 3.755
49  6.91  0.001 0.01448 0.02092 0.01747 -0.06728 -0.2927 0.509
142  6.92  0.001 0.01819 0.02214 0.01744 0.1022 -0.07911 0.286
24  6.925  0.001 0.02046 0.02332 0.01744 -0.09999 -0.09559 0.06663
185  6.925  0.001 0.02167 0.0172 0.01843 -0.06918 0.08712 -0.1862
13  6.928  0.001 0.02312 0.02153 0.01843 -0.1517 -0.2206 -0.1386
70  6.928  0.001 0.01589 0.02152 0.01746 0.05629 -0.2113 0.4263
262  6.954  0.001 0.01745 0.02349 0.01758 0.05076 -0.0268 0.248
188  6.969  0.001 0.01607 0.02176 0.01755 0.02016 -0.04414 0.1605
169  6.973  0.001 0.02201 0.01746 0.01744 -0.1857 -0.2363 0.06717
178  6.973  0.001 0.02354 0.02099 0.01745 -0.0324 -0.01871 0.06537
142  6.975  0.001 0.02377 0.01782 0.01843 0.1022 -0.07911 -0.2496
80  6.988  0.001 0.01532 0.01821 0.01843 0.001574 -0.0938 -0.0586
188  6.994  0.001 0.01659 0.02063 0.01843 0.02016 -0.04414 -0.09146
253  6.995  0.001 0.02254 0.02144 0.01756 0.05597 -0.08248 0.2327
262  7.001  0.001 0.01983 0.02224 0.01843 0.05076 -0.0268 -0.2115
64  7.009  0.001 0.01532 0.02002 0.01745 0.1411 -0.07612 0.0449
160  7.01  0.001 0.01843 0.02411 0.01742 0.02421 -0.1146 -0.2715
285  7.054  0.001 0.01952 0.02091 0.01752 0.7649 -1.559 1.918
81  7.054  0.001 0.01653 0.02258 0.01748 -0.3536 -0.3678 1.344
84  7.062  0.001 0.02365 0.01915 0.01743 -0.01092 -0.08899 0.03343
215  7.088  0.001 0.02416 0.01904 0.01797 -0.1284 0.1115 0.06878
251  7.14  0.001 0.01778 0.02202 0.0176 0.2464 0.09196 0.5514
170  7.149  0.001 0.01731 0.02349 0.01745 0.04849 0.1027 0.1413
163  7.185  0.001 0.02262 0.02265 0.01751 -0.003983 0.05838 0.2458
126  7.229  0.001 0.02177 0.01474 0.0174 -0.06227 0.07614 -0.1621
293  7.24  0.001 0.01657 0.01843 0.01766 -0.02913 -0.05908 1.009
251  7.272  0.001 0.02312 0.02122 0.01748 -0.01216 -0.1436 0.1434
251  7.291  0.001 0.02289 0.01849 0.01843 -0.01216 -0.1436 -0.04312
65  7.31  0.001 0.01839 0.02009 0.01755 0.02166 0.08136 0.189
106  7.314  0.001 0.01735 0.01934 0.01749 -0.006678 0.03684 0.103
170  7.322  0.001 0.02101 0.02026 0.01749 0.1963 -0.3223 0.1625
45  7.334  0.001 0.01792 0.01823 0.01843 -0.01207 -0.01115 -0.07979
65  7.344  0.001 0.01911 0.02279 0.01843 0.02166 0.08136 -0.1359
280  7.344  0.001 0.01564 0.01526 0.01736 0.1451 0.1835 -0.3436
49  7.35  0.001 0.01758 0.01523 0.01752 -0.1279 0.05543 0.2032
147  7.374  0.001 0.01755 0.02393 0.01764 -0.01707 -0.04277 -0.03539
70  7.432  0.001 0.01932 0.02219 0.01782 0.02622 0.109 0.4108
22  7.437  0.001 0.01678 0.02362 0.01723 0.07199 -0.1432 -0.3543
65  7.463  0.001 0.02389 0.01873 0.01747 -0.04739 -0.3841 0.2629
293  7.465  0.001 0.01696 0.01525 0.01843 0.137 0.1827 -0.6685
50  7.467  0.001 0.01817 0.02366 0.01774 -0.05703 0.05372 0.4866
12  7.495  0.001 0.0186 0.02237 0.01746 0.1144 -0.01307 0.1119
103  7.528  0.001 0.02148 0.02303 0.01744 0.1036 -0.1233 0.01682
61  7.529  0.001 0.01786 0.0233 0.01744 -0.1411 -0.01973 0.09536
229  7.548  0.001 0.02143 0.02144 0.01843 0.1491 -0.03679 -0.05195
188  7.554  0.001 0.01897 0.01969 0.01749 -1.637 -0.9186 0.8392
178  7.558  0.001 0.01972 0.02387 0.01747 -0.1185 0.3775 0.3187
219  7.565  0.001 0.0176 0.02267 0.01745 0.1599 -0.05546 0.2104
95  7.567  0.001 0.0141 0.02026 0.01794 0.1593 -0.1275 0.1586
95  7.596  0.001 0.01869 0.01658 0.01843 0.1593 -0.1275 -0.1242
219  7.603  0.001 0.0236 0.02058 0.01843 0.1599 -0.05546 -0.1581
69  7.614  0.001 0.02189 0.02312 0.01747 -0.08309 0.05635 0.03979
129  7.622  0.001 0.02383 0.01872 0.01843 -0.07387 0.05096 -0.2505
147  7.646  0.001 0.02076 0.01473 0.01785 -0.6742 -0.139 1.04
296  7.659  0.001 0.02268 0.02021 0.01747 -0.3762 -0.624 0.7392
240  7.686  0.001 0.01499 0.01719 0.01843 0.05343 0.04846 -0.02512
114  7.723  0.001 0.01768 0.01484 0.01843 0.1021 -0.05567 -0.3084
229  7.751  0.001 0.01784 0.02154 0.0175 0.3467 -0.06885 0.1101
295  7.776  0.001 0.01957 0.0192 0.01843 0.1622 -0.05708 -0.04427
299  7.82  0.001 0.02024 0.02165 0.01769 -0.4015 -0.8418 1.709
170  7.823  0.001 0.01986 0.02006 0.01749 -0.2628 -0.4135 0.4845
158  7.825  0.001 0.0226 0.01829 0.01746 0.1457 -0.2499 0.22
6  7.834  0.001 0.01816 0.02294 0.01744 -0.1067 -0.1447 0.6639
67  7.838  0.001 0.01917 0.02117 0.01746 0.02012 -0.2928 0.3416
80  7.857  0.001 0.01452 0.01985 0.01843 -0.07053 0.09517 -0.07905
126  7.895  0.001 0.01647 0.01577 0.01843 -0.07537 -0.06508 -0.3388
170  7.902  0.001 0.01681 0.01547 0.01843 0.03805 0.06322 -0.4076
103  7.931  0.001 0.01399 0.01839 0.01765 0.2342 -0.01624 0.03289
50  7.954  0.001 0.02045 0.02319 0.01747 -0.03823 -0.0159 0.2531
292  7.976  0.001 0.02384 0.01988 0.01752 0.7859 -0.8444 1.062
248  7.977  0.001 0.02185 0.01758 0.01754 -0.5146 -0.956 0.8068
252  7.981  0.001 0.01875 0.02308 0.0175 -0.2447 0.02839 0.3934
50  8.002  0.001 0.01863 0.02243 0.01843 -0.03823 -0.0159 -0.2123
250  8.009  0.001 0.01742 0.01422 0.01766 0.02804 0.06464 -0.07674
101  8.114  0.001 0.0221 0.02245 0.01756 -0.7271 0.3245 0.7896
101  8.283  0.001 0.01397 0.01948 0.01774 0.02533 0.0243 0.0203
297  8.297  0.001 0.02071 0.02152 0.01753 0.1554 -0.1531 0.2066
75  8.307  0.001 0.02248 0.0198 0.01746 -0.4393 -0.1404 0.4687
78  8.309  0.001 0.02228 0.02033 0.01749 -0.2879 -0.3675 0.548
41  8.31  0.001 0.02345 0.01674 0.01745 -0.04054 -0.2252 0.183
70  8.358  0.001 0.01964 0.02317 0.01751 -0.01209 -0.1885 1.329
101  8.384  0.001 0.01872 0.02027 0.01843 0.126 -0.02762 -0.1111
129  8.41  0.001 0.01855 0.02132 0.01756 0.2049 -0.1331 0.2691
263  8.469  0.001 0.02292 0.01997 0.01775 -0.369 -0.4284 0.5303
129  8.471  0.001 0.02393 0.01755 0.0181 -0.06234 0.03048 -0.2402
296  8.484  0.001 0.01752 0.02163 0.01761 0.00728 -0.07623 0.3721
266  8.495  0.001 0.01834 0.02121 0.01752 -0.119 -0.1775 0.3215
178  8.497  0.001 0.01965 0.02357 0.01751 0.1113 -0.002982 0.3502
17  8.503  0.001 0.0157 0.02272 0.01744 -0.09528 -0.07125 0.06758
296  8.558  0.001 0.01806 0.01602 0.01843 0.00728 -0.07623 -0.3497
266  8.576  0.001 0.01532 0.01557 0.01741 0.07282 0.06871 -0.1774
263  8.589  0.001 0.01635 0.01496 0.01757 -0.01695 -0.03064 0.1183
259  8.599  0.001 0.01939 0.02099 0.01772 -4.062 -2.207 5.828
226   8.6  0.001 0.01892 0.02256 0.01753 -2.36 -0.2241 1.775
262  8.601  0.001 0.02004 0.02197 0.01745 -0.6374 -0.7107 1.381
65  8.602  0.001 0.01914 0.02036 0.01744 -0.1517 -0.1076 0.6255
295  8.605  0.001 0.01676 0.02266 0.01743 -0.4494 0.06712 0.248
57  8.633  0.001 0.0238 0.0172 0.01748 -1.412 -0.6563 0.5335
244  8.64  0.001 0.01432 0.02067 0.01843 0.02295 -0.1324 -0.2074
126  8.68  0.001 0.01909 0.02107 0.01755 0.02203 -0.2088 0.2014
76  8.681  0.001 0.01604 0.01494 0.01758 0.06918 0.1138 -0.1319
188  8.696  0.001 0.02061 0.02188 0.01753 0.1513 -0.08984 0.3961
126  8.727  0.001 0.01973 0.01399 0.01818 -0.01721 0.06293 -0.062
158  8.771  0.001 0.0239 0.02047 0.01746 -0.8834 -1.521 1.025
123  8.798  0.001 0.02037 0.02362 0.01752 -0.003898 0.1519 0.3118
57  8.847  0.001 0.01698 0.02202 0.01748 -0.4543 -0.3363 0.7389
101  8.85  0.001 0.01463 0.01762 0.01746 0.05312 0.001974 0.06096
220  8.869  0.001 0.01745 0.02325 0.0176 -0.2998 -0.3034 1.884
243  8.896  0.001 0.02256 0.02135 0.01745 0.02834 -0.01054 0.09023
170  8.947  0.001 0.0198 0.01401 0.01836 -0.01148 0.0655 -0.2253
57  8.989  0.001 0.01542 0.01546 0.01736 0.1647 0.1125 -0.3255
159  8.996  0.001 0.02304 0.02076 0.01749 0.2162 -0.6026 0.7138
37  9.082  0.001 0.01983 0.02133 0.0175 0.02785 -0.1894 0.1359
37  9.097  0.001 0.02025 0.0185 0.01843 0.02785 -0.1894 -0.01048
41  9.101  0.001 0.02034 0.02155 0.01756 -0.06646 -0.4599 0.7153
122  9.104  0.001 0.02301 0.0218 0.01759 0.1981 -0.03106 0.3021
76  9.143  0.001 0.01882 0.02226 0.01746 -0.01682 -0.1204 0.2996
243  9.16  0.001 0.02096 0.01432 0.01749 -0.1145 0.1858 -0.4446
76  9.201  0.001 0.01785 0.01532 0.01843 -0.01682 -0.1204 -0.2659
157  9.207  0.001 0.02158 0.01462 0.01775 -0.07568 0.03024 -0.2174
152  9.301  0.001 0.0224 0.01533 0.01747 -0.05006 -0.03118 0.08913
178  9.412  0.001 0.02151 0.02284 0.01789 -0.1934 -0.02045 0.5152
123  9.421  0.001 0.01937 0.02194 0.0175 -0.08385 -0.1617 0.3015
174  9.429  0.001 0.02098 0.02141 0.01753 -0.1598 -0.05313 0.1366
250  9.438  0.001 0.0228 0.02106 0.01754 -0.1276 -0.04314 0.09218
174  9.446  0.001 0.01825 0.02051 0.01843 -0.1598 -0.05313 -0.03081
152  9.48  0.001 0.01413 0.01814 0.01843 -0.08489 0.09874 -0.1114
160  9.653  0.001 0.01973 0.01956 0.01759 -9.553   -8 5.696
120  9.692  0.001 0.02072 0.02264 0.01774 0.08753 -0.03521 0.1577
120  9.719  0.001 0.02308 0.02169 0.01843 0.08753 -0.03521 -0.1062
202  9.805  0.001 0.01521 0.01898 0.01756 -2.339 -1.145 0.7382
294  9.806  0.001 0.01792 0.0219 0.0175 -2.056 0.01744 0.4523
24  9.848  0.001 0.02218 0.01537 0.01752 0.07528 -0.01788 0.3454
163  9.903  0.001 0.01944 0.01982 0.01749 -0.03372 -0.1452 0.08418
82  9.916  0.001 0.01513 0.02191 0.01843 -0.1047 0.008702 -0.4163
85  9.919  0.001 0.02148 0.02094 0.01745 0.08535 -0.04651 0.2472
67  9.941  0.001 0.02175 0.02273 0.01772 0.1644 0.04258 0.5776
61  9.944  0.001 0.02113 0.02188 0.01759 0.02035 -0.1415 0.3043
240  10.05  0.001 0.02264 0.02183 0.01749 -0.01509 -0.06724 0.1276
67  10.08  0.001 0.02349 0.02156 0.01744 -0.1671 0.02203 0.1022
33  10.29  0.001 0.01934 0.02314 0.01755 -0.7128 -0.04427 0.5567
250  10.3  0.001 0.02232 0.02265 0.0175 -0.06987 0.0272 0.1863
154  10.3  0.001 0.0192 0.01395 0.01816 -0.02174 0.06125 -0.08416
250  10.33  0.001 0.02008 0.02352 0.01843 -0.06987 0.0272 -0.1281
105  10.35  0.001 0.02071 0.02252 0.0178 0.02351 -0.08077 0.2882
93  10.4  0.001 0.02193 0.0208 0.01755 0.05012 -0.3553 0.3842
105  10.4  0.001 0.02204 0.01796 0.01843 0.02351 -0.08077 -0.2659
22  10.46  0.001 0.02036 0.02298 0.01773 -2.988 0.9231 2.82
50  10.55  0.001 0.01918 0.02248 0.01787 0.3514 -0.211 0.8895
247  10.55  0.001 0.01881 0.02292 0.01744 0.09025 -0.05955 0.2541
114  10.6  0.001 0.01772 0.02234 0.01745 -0.0479 0.03198 0.1329
247  10.6  0.001 0.0231 0.02009 0.01843 0.09025 -0.05955 -0.2123
247  10.67  0.001 0.0176 0.01416 0.01807 0.01965 0.0757 -0.06468
24  10.68  0.001 0.02337 0.02048 0.01752 0.006227 -3.792 3.965
198  10.76  0.001 0.02382 0.02051 0.01758 -0.4805 -0.01169 0.4232
67  10.78  0.001 0.02352 0.01957 0.01744 0.03185 -0.2665 0.1233
198  10.84  0.001 0.01443 0.02034 0.01843 0.08584 0.003362 -0.3901
263  10.89  0.001 0.02145 0.01512 0.01767 0.02186 0.0229 0.2859
148  10.93  0.001 0.01963 0.02215 0.01778 -0.002431 -0.04408 0.1804
263  10.95  0.001 0.02267 0.0164 0.01843 0.02186 0.0229 -0.2585
148  10.96  0.001 0.01955 0.02071 0.01843 -0.002431 -0.04408 -0.1403
6  11.04  0.001 0.01975 0.0239 0.01763 0.08255 0.08797 0.4488
78  11.05  0.001 0.01694 0.02189 0.01755 -0.05177 0.07346 0.103
170  11.06  0.001 0.02027 0.02205 0.01843 -0.06721 -0.02971 -0.03131
148  11.09  0.001 0.02089 0.01445 0.01843 -0.01717 0.05577 -0.1573
252  11.09  0.001 0.02208 0.02284 0.01759 0.3014 -0.1715 0.8491
79  11.2  0.001 0.01759 0.02002 0.01843 -0.01888 -0.1036 -0.04245
133  11.27  0.001 0.02288 0.01908 0.01744 0.0008959 -0.1101 0.4721
58  11.27  0.001 0.02301 0.01965 0.01754 0.2077 -0.1826 0.3901
93  11.28  0.001 0.02181 0.02191 0.01748 -0.003123 -0.0875 0.1144
217  11.42  0.001 0.02379 0.01715 0.01781 -0.2345 -0.1073 0.07062
188  11.45  0.001 0.01696 0.02238 0.01744 0.05808 -0.1237 0.01454
250  11.53  0.001 0.0199 0.02286 0.01843 0.06891 -0.01734 -0.127
114  11.58  0.001 0.01984 0.02113 0.01843 0.006804 -0.06033 -0.107
74  11.66  0.001 0.02195 0.02215 0.0175 0.1439 -0.2857 0.6631
280  11.67  0.001 0.02398 0.01774 0.01829 -0.8284 -1.91 2.085
126  11.71  0.001 0.02025 0.01431 0.01843 -0.1164 -0.1139 -0.1757
72  11.75  0.001 0.02337 0.02176 0.01765 -4.129 1.916 4.358
208  11.79  0.001 0.01731 0.02107 0.01754 -0.6259 -0.1293 0.1646
74  11.81  0.001 0.02156 0.01461 0.0173 -0.1143 0.1506 -0.4477
224  11.83  0.001 0.02046 0.01894 0.01744 -0.03647 -0.11 0.08498
208  11.85  0.001 0.01588 0.01506 0.01742 0.09214 0.1109 -0.2372
133  11.85  0.001 0.01954 0.02281 0.01764 -0.1368 -0.1398 0.7317
114  11.9  0.001 0.02134 0.01469 0.01843 -0.03112 0.04025 -0.4203
133  12.01  0.001 0.01682 0.01447 0.01738 0.2035 0.1309 -0.5962
217  12.23  0.001 0.02175 0.02317 0.0176 0.2128 -0.06911 0.3503
16  12.33  0.001 0.02223 0.01861 0.01753 -0.03236 -0.09475 0.06465
272  12.36  0.001 0.0238 0.01804 0.01756 -0.3583 -0.5334 0.5703
101  12.36  0.001 0.02358 0.02014 0.0176 0.1437 -0.5507 0.5987
272  12.48  0.001 0.01458 0.01658 0.01813 0.1577 -0.0427 -0.2465
239  12.54  0.001 0.01472 0.01698 0.01744 0.0159 -0.04015 0.06037
250  12.59  0.001 0.01961 0.02346 0.01751 -0.4024 -0.2091 2.031
67  12.59  0.001 0.0169 0.02136 0.01767 -0.1755 -0.9816 1.363
75  12.59  0.001 0.02063 0.02205 0.0176 0.6242 -0.3425 0.6892
257  12.61  0.001 0.01825 0.02155 0.01745 -0.04641 -0.08123 0.1203
75  12.7  0.001 0.0214 0.01452 0.01771 -0.0952 0.06877 -0.3307
240  12.7  0.001 0.01961 0.02251 0.01744 -0.1234 -0.2115 0.5805
65  12.82  0.001 0.01777 0.0192 0.01843 -0.08225 -0.01943 -0.3844
240  12.84  0.001 0.0162 0.01482 0.01736 0.1232 0.1491 -0.3057
159  12.86  0.001 0.02405 0.02008 0.01768 -0.06822 -0.02205 0.02832
58  13.08  0.001 0.02172 0.02193 0.01744 0.04683 -0.08081 0.1603
58  13.1  0.001 0.02287 0.01995 0.01843 0.04683 -0.08081 -0.07944
159  13.12  0.001 0.02222 0.01506 0.01843 -0.07328 0.01449 -0.1657
33  13.23  0.001 0.02154 0.02157 0.01764 0.02786 -0.1716 0.6819
95  13.23  0.001 0.02235 0.02241 0.01752 0.01369 -0.01998 0.1745
229  13.24  0.001 0.0214 0.02111 0.01747 0.006905 -0.09565 0.09988
95  13.26  0.001 0.02275 0.02183 0.01843 0.01369 -0.01998 -0.1116
33  13.4  0.001 0.02162 0.01465 0.01768 -0.08062 0.178 -0.4085
134  13.44  0.001 0.02235 0.02078 0.01754 -0.008016 -0.3109 0.2182
134  13.49  0.001 0.02016 0.01536 0.01843 -0.05222 -0.09764 -0.2018
98  13.5  0.001 0.01882 0.02078 0.01769 -0.1036 -0.4192 0.5008
208  13.53  0.001 0.01954 0.02043 0.01748 -0.05429 -0.5635 0.4455
37  13.53  0.001 0.01508 0.01584 0.01743 0.09463 0.1093 -0.207
98  13.6  0.001 0.02133 0.01449 0.01773 -0.0692 0.2324 -0.4528
95  13.66  0.001 0.01684 0.01448 0.01843 -0.02707 0.1626 -0.3178
120  13.66  0.001 0.0216 0.02269 0.01774 -3.495 -1.546 8.596
169  13.81  0.001 0.0187 0.01824 0.01743 -0.08162 -0.4067 0.135
272  13.83  0.001 0.01966 0.02399 0.01747 -0.02486 0.07033 0.1827
148  13.98  0.001 0.01704 0.01746 0.01843 -0.081 0.05466 -0.1483
271  14.07  0.001 0.02064 0.01918 0.0175 -0.04802 0.1986 0.08956
178  14.36  0.001 0.01576 0.02075 0.01748 -0.1753 -0.2593 0.1567
65  14.65  0.001 0.01583 0.01661 0.01843 -0.05738 0.03585 -0.1814
17  14.67  0.001 0.01962 0.02038 0.01765 -0.4142 -0.5197 0.3564
17  14.72  0.001 0.01862 0.01529 0.01843 0.1032 0.03836 -0.2778
30  14.8  0.001 0.01765 0.01476 0.01761 -0.2209 -0.02782 0.1708
82  14.84  0.001 0.02408 0.01993 0.01828 -0.05757 0.05649 -0.009609
133  14.91  0.001 0.01912 0.02071 0.01753 -0.6613 -0.1427 0.1607
133  14.94  0.001 0.01532 0.01811 0.01843 0.1325 -0.06904 -0.09895
152  15.02  0.001 0.02134 0.01727 0.01745 -0.02058 -0.5566 0.2577
197  15.11  0.001 0.02082 0.01843 0.01777 -0.08107 0.2757 0.2882
198  15.14  0.001 0.02162 0.02056 0.01762 -0.0273 -0.2963 0.4144
82  15.31  0.001 0.02133 0.02231 0.01758 -0.5633 0.1683 0.4147
17  15.4  0.001 0.0239 0.01982 0.01743 0.1205 -0.3152 0.3484
208  15.7  0.001 0.0181 0.01954 0.01751 -0.05809 0.2303 0.1096
33  15.7  0.001 0.02112 0.01788 0.01744 0.09311 0.1899 0.1901
33  15.75  0.001 0.02292 0.02238 0.01791 -0.04228 -0.03877 -0.1468
169  15.8  0.001 0.01818 0.02408 0.01709 0.009717 -0.1244 -0.3185
105  15.96  0.001 0.02034 0.02167 0.01773 0.2585 -0.2366 0.7262
271  15.97  0.001 0.02221 0.0201 0.01748 -2.989 -2.269 1.245
271  16.22  0.001 0.01938 0.021 0.01771 -0.01897 -0.419 0.4259
229  16.29  0.001 0.02312 0.01933 0.01757 0.1863 -0.2624 0.2158
174  16.35  0.001 0.02087 0.02222 0.01744 -0.0416 -0.04584 0.1061
152  16.41  0.001 0.01848 0.01685 0.01761 0.03243 0.08972 0.1201
192  16.41  0.001 0.01911 0.01395 0.01795 -0.007549 0.05912 -0.2739
101  16.84  0.001 0.01765 0.02274 0.01753 0.1183 -0.4562 1.335
229  17.03  0.001 0.02063 0.02311 0.01752 0.04613 -0.03428 0.07876
98  17.06  0.001 0.02277 0.01577 0.01843 -0.05289 0.06261 -0.08964
75  17.07  0.001 0.01997 0.02338 0.01779 0.0003155 0.03381 0.09642
224  17.3  0.001 0.0183 0.01859 0.01843 -0.0612 -0.06023 -0.2288
75  17.33  0.001 0.01711 0.01475 0.01843 -0.1677 0.01416 -0.2267
154  17.6  0.001 0.01565 0.01576 0.01751 -0.4879 0.1496 0.3745
178  17.66  0.001 0.02326 0.02162 0.01755 0.008463 0.0191 0.2243
198  17.67  0.001 0.01754 0.01456 0.01772 -0.08052 -0.0005373 0.1873
82  17.78  0.001 0.01862 0.01713 0.01757 -0.05571 0.1338 0.1883
82  17.82  0.001 0.01678 0.02155 0.01843 -0.05571 0.1338 -0.1361
134  18.1  0.001 0.01889 0.02312 0.01843 -0.05151 0.1907 -0.09085
79  18.42  0.001 0.02368 0.01974 0.01764 0.1339 -0.4134 0.2023
208  18.49  0.001 0.01803 0.01988 0.01843 0.007293 0.1109 -0.09462
58  18.81  0.001 0.02367 0.02121 0.01779 -0.4841 -0.8504 4.352
17  19.68  0.001 0.02372 0.02051 0.01785 0.1696 -0.312 0.5254
178  19.68  0.001 0.02408 0.01927 0.01751 0.1085 -0.2261 0.1619
17  19.81  0.001 0.02134 0.01449 0.01708 -0.1124 0.1135 -0.3984
174  19.89  0.001 0.01644 0.02174 0.01843 -0.06286 0.1346 -0.1432
37  20.01  0.001 0.02309 0.01989 0.01764 -0.8497 -0.6822 1.043
278  20.03  0.001 0.0216 0.02199 0.0177 -8.832 -2.339 8.706
16  21.01  0.001 0.01954 0.015 0.01753 -0.0796 0.03938 0.3573
197  21.28  0.001 0.02119 0.01664 0.01779 -0.07107 0.1738 0.3991
208  21.39  0.001 0.01962 0.01767 0.01843 -0.05071 0.04816 -0.1582
239  21.67  0.001 0.02303 0.01692 0.01784 -0.04407 0.02629 0.09708
82  22.62  0.001 0.01942 0.01433 0.01783 0.0687 -0.02762 0.1426
208  23.29  0.001 0.01596 0.01995 0.01843 -0.06532 0.06463 -0.3328
33  23.88  0.001 0.01812 0.01543 0.01764 -0.06052 0.04785 0.1999
33  23.91  0.001 0.01592 0.01717 0.01843 -0.06052 0.04785 -0.1565
16  24.03  0.001 0.01911 0.01534 0.01755 -0.06241 0.04885 0.2325
16  24.08  0.001 0.01641 0.01745 0.01843 -0.06241 0.04885 -0.1916
197  24.25  0.001 0.02022 0.01792 0.01752 -0.07075 0.2095 0.2238
197  24.3  0.001 0.01817 0.02393 0.01843 0.02036 -0.06236 -0.1447
