# ID time  diameter x y z u v w  (ex ey ez, color)
34  0.01772  0.001 0.01639 0.01987 0.01843    0    0 -0.03
27  0.03207  0.001 0.01913 0.02014 0.01843    0    0 -0.03
9  0.03712  0.001 0.02059 0.02017 0.01843    0    0 -0.03
60  0.04095  0.001 0.01791 0.02168 0.01843    0    0 -0.03
21  0.05415  0.001 0.01711 0.01814 0.01843    0    0 -0.03
13  0.05477  0.001 0.01463 0.01945 0.01843    0    0 -0.03
7  0.06137  0.001 0.01673 0.01615 0.01843    0    0 -0.03
17  0.06867  0.001 0.02091 0.02027 0.01843    0    0 -0.03
43  0.06899  0.001 0.01482 0.01777 0.01843    0    0 -0.03
24  0.08593  0.001 0.01754 0.01674 0.01843    0    0 -0.03
52  0.09706  0.001 0.01943 0.02314 0.01843    0    0 -0.03
40  0.1065  0.001 0.0216 0.01895 0.01843    0    0 -0.03
61  0.1141  0.001 0.01517 0.01768 0.01843    0    0 -0.03
45  0.1198  0.001 0.02211 0.02042 0.01843    0    0 -0.03
20  0.1227  0.001 0.01962 0.01486 0.01843    0    0 -0.03
18  0.1322  0.001 0.01952 0.02012 0.01843    0    0 -0.03
33  0.1335  0.001 0.02169 0.01713 0.01843    0    0 -0.03
1  0.1359  0.001 0.02081 0.01787 0.01843    0    0 -0.03
58  0.1404  0.001 0.01666 0.02269 0.01843    0    0 -0.03
12  0.1457  0.001 0.01826 0.02318 0.01843    0    0 -0.03
25  0.1463  0.001 0.01985 0.01664 0.01843    0    0 -0.03
36  0.1542  0.001 0.02103 0.02112 0.01843    0    0 -0.03
5  0.1691  0.001 0.01997 0.01562 0.01843    0    0 -0.03
2  0.1705  0.001 0.01628 0.01757 0.01843    0    0 -0.03
10  0.1915  0.001 0.01808 0.02272 0.01843    0    0 -0.03
53  0.1966  0.001 0.02289 0.02038 0.01843    0    0 -0.03
62  0.2047  0.001 0.02153 0.02145 0.01843    0    0 -0.03
23  0.2084  0.001 0.01723 0.01959 0.01843    0    0 -0.03
39  0.211  0.001 0.02185 0.01815 0.01843    0    0 -0.03
42  0.2205  0.001 0.02035 0.01736 0.01843    0    0 -0.03
49  0.2219  0.001 0.01769 0.01745 0.01843    0    0 -0.03
57  0.2366  0.001 0.01552 0.01988 0.01843    0    0 -0.03
19  0.239  0.001 0.01712 0.02242 0.01843    0    0 -0.03
32  0.2608  0.001 0.01888 0.02229 0.01843    0    0 -0.03
74  0.2679  0.001 0.01815 0.02297 0.01843    0    0 -0.03
70  0.2714  0.001 0.02335 0.02054 0.01843    0    0 -0.03
30  0.2762  0.001 0.01971 0.02318 0.01843    0    0 -0.03
41  0.2828  0.001 0.01653 0.01864 0.01843    0    0 -0.03
35  0.2869  0.001 0.0186 0.01972 0.01843    0    0 -0.03
6  0.2877  0.001 0.01482 0.01773 0.01843    0    0 -0.03
64  0.2923  0.001 0.02031 0.01563 0.01843    0    0 -0.03
54  0.2998  0.001 0.01829 0.02213 0.01843    0    0 -0.03
38  0.3152  0.001 0.01873 0.0173 0.01843    0    0 -0.03
28  0.3241  0.001 0.01948 0.01647 0.01843    0    0 -0.03
50  0.3318  0.001 0.02131 0.02105 0.01843    0    0 -0.03
31  0.3445  0.001 0.01766 0.0201 0.01843    0    0 -0.03
29  0.3449  0.001 0.01702 0.01859 0.01843    0    0 -0.03
65  0.3493  0.001 0.02053 0.01565 0.01843    0    0 -0.03
4  0.3573  0.001 0.01626 0.01686 0.01843    0    0 -0.03
68  0.3684  0.001 0.0222 0.02101 0.01843    0    0 -0.03
37  0.3704  0.001 0.01944 0.01617 0.01843    0    0 -0.03
47  0.3822  0.001 0.02229 0.01842 0.01843    0    0 -0.03
59  0.3846  0.001 0.02068 0.01794 0.01843    0    0 -0.03
8  0.39  0.001 0.02325 0.01895 0.01843    0    0 -0.03
16  0.3921  0.001 0.0164 0.01659 0.01843    0    0 -0.03
3  0.3979  0.001 0.02304 0.02012 0.01843    0    0 -0.03
69  0.4002  0.001 0.0174 0.0211 0.01843    0    0 -0.03
6  0.4028  0.001 0.0154 0.01549 0.01726 0.113 0.09566 -0.2467
14  0.409  0.001 0.01703 0.02308 0.01843    0    0 -0.03
11  0.4182  0.001 0.01504 0.01872 0.01843    0    0 -0.03
51  0.4278  0.001 0.01577 0.01801 0.01843    0    0 -0.03
66  0.4369  0.001 0.02205 0.01867 0.01843    0    0 -0.03
44  0.4394  0.001 0.01863 0.01723 0.01843    0    0 -0.03
15  0.4411  0.001 0.02053 0.01703 0.01843    0    0 -0.03
46  0.4469  0.001 0.01998 0.02162 0.01843    0    0 -0.03
75  0.4525  0.001 0.01804 0.0197 0.01843    0    0 -0.03
56  0.457  0.001 0.0234 0.01844 0.01843    0    0 -0.03
73  0.4616  0.001 0.01833 0.02209 0.01843    0    0 -0.03
48  0.4689  0.001 0.02045 0.01485 0.01843    0    0 -0.03
55  0.4808  0.001 0.02214 0.02212 0.01843    0    0 -0.03
72  0.4897  0.001 0.01511 0.01696 0.01843    0    0 -0.03
26  0.4913  0.001 0.01705 0.02098 0.01843    0    0 -0.03
67  0.4993  0.001 0.02234 0.01837 0.01843    0    0 -0.03
22  0.5026  0.001 0.01862 0.01522 0.01843    0    0 -0.03
71  0.509  0.001 0.01692 0.01946 0.01843    0    0 -0.03
63  0.5135  0.001 0.02206 0.02045 0.01843    0    0 -0.03
106  0.5265  0.001 0.01501 0.0202 0.01843    0    0 -0.03
144  0.5291  0.001 0.01837 0.0211 0.01843    0    0 -0.03
92  0.5337  0.001 0.01659 0.02234 0.01843    0    0 -0.03
122  0.5356  0.001 0.02023 0.02212 0.01843    0    0 -0.03
120  0.5381  0.001 0.02036 0.01752 0.01843    0    0 -0.03
84  0.5471  0.001 0.01894 0.01545 0.01843    0    0 -0.03
96  0.5535  0.001 0.01697 0.01686 0.01843    0    0 -0.03
108  0.5542  0.001 0.02163 0.01831 0.01843    0    0 -0.03
149  0.5544  0.001 0.0201 0.01543 0.01843    0    0 -0.03
137  0.5562  0.001 0.01795 0.01557 0.01843    0    0 -0.03
141  0.5631  0.001 0.01952 0.01848 0.01843    0    0 -0.03
107  0.5639  0.001 0.01872 0.02302 0.01843    0    0 -0.03
109  0.572  0.001 0.0202 0.02018 0.01843    0    0 -0.03
113  0.573  0.001 0.01545 0.0212 0.01843    0    0 -0.03
66  0.5744  0.001 0.02098 0.02074 0.01843 0.003886 -0.04246 -0.4138
110  0.5976  0.001 0.01617 0.01891 0.01843    0    0 -0.03
125  0.5988  0.001 0.02111 0.01615 0.01843    0    0 -0.03
102  0.6077  0.001 0.01883 0.0192 0.01843    0    0 -0.03
104  0.6083  0.001 0.01871 0.02356 0.01843    0    0 -0.03
89  0.6105  0.001 0.0211 0.02097 0.01843    0    0 -0.03
105  0.618  0.001 0.01616 0.01567 0.01843    0    0 -0.03
91  0.6346  0.001 0.01611 0.01765 0.01843    0    0 -0.03
133  0.636  0.001 0.02157 0.02285 0.01843    0    0 -0.03
81  0.6556  0.001 0.02044 0.01858 0.01843    0    0 -0.03
134  0.6719  0.001 0.02107 0.01709 0.01843    0    0 -0.03
87  0.6721  0.001 0.01688 0.01696 0.01843    0    0 -0.03
118  0.6764  0.001 0.02296 0.01804 0.01843    0    0 -0.03
116  0.6768  0.001 0.01763 0.0152 0.01843    0    0 -0.03
123  0.6784  0.001 0.01871 0.01898 0.01843    0    0 -0.03
121  0.6788  0.001 0.0216 0.01586 0.01843    0    0 -0.03
95  0.7185  0.001 0.02038 0.02328 0.01843    0    0 -0.03
114  0.7248  0.001 0.0173 0.0233 0.01843    0    0 -0.03
145  0.7397  0.001 0.01884 0.02237 0.01843    0    0 -0.03
130  0.7423  0.001 0.01968 0.01637 0.01843    0    0 -0.03
79  0.747  0.001 0.02127 0.02095 0.01843    0    0 -0.03
128  0.7485  0.001 0.02047 0.0195 0.01843    0    0 -0.03
117  0.7492  0.001 0.01842 0.02092 0.01843    0    0 -0.03
139  0.7534  0.001 0.01864 0.01738 0.01843    0    0 -0.03
115  0.7593  0.001 0.01616 0.02247 0.01843    0    0 -0.03
129  0.7609  0.001 0.01603 0.01891 0.01843    0    0 -0.03
146  0.765  0.001 0.01709 0.01522 0.01843    0    0 -0.03
93  0.7689  0.001 0.01747 0.0199 0.01843    0    0 -0.03
147  0.774  0.001 0.01953 0.01867 0.01843    0    0 -0.03
67  0.7765  0.001 0.01938 0.02414 0.01742 0.02886 -0.08693 -0.1133
86  0.7773  0.001 0.01984 0.01551 0.01843    0    0 -0.03
99  0.7819  0.001 0.01822 0.02322 0.01843    0    0 -0.03
94  0.7848  0.001 0.01789 0.01638 0.01843    0    0 -0.03
135  0.7951  0.001 0.02356 0.01891 0.01843    0    0 -0.03
140  0.8027  0.001 0.01684 0.01964 0.01843    0    0 -0.03
101  0.8077  0.001 0.01587 0.0178 0.01843    0    0 -0.03
103  0.8119  0.001 0.01737 0.02071 0.01843    0    0 -0.03
82  0.8211  0.001 0.01815 0.02239 0.01843    0    0 -0.03
97  0.8256  0.001 0.0159 0.02084 0.01843    0    0 -0.03
112  0.8296  0.001 0.01747 0.01859 0.01843    0    0 -0.03
136  0.85  0.001 0.01876 0.02127 0.01843    0    0 -0.03
80  0.8554  0.001 0.01688 0.0213 0.01843    0    0 -0.03
148  0.8566  0.001 0.0162 0.01826 0.01843    0    0 -0.03
142  0.8648  0.001 0.02314 0.01765 0.01843    0    0 -0.03
76  0.8696  0.001 0.01562 0.02101 0.01843    0    0 -0.03
98  0.8721  0.001 0.02262 0.01886 0.01843    0    0 -0.03
111  0.875  0.001 0.01639 0.01582 0.01843    0    0 -0.03
126  0.8768  0.001 0.01744 0.01849 0.01843    0    0 -0.03
78  0.9043  0.001 0.0198 0.02115 0.01843    0    0 -0.03
150  0.9074  0.001 0.0228 0.02163 0.01843    0    0 -0.03
124  0.9214  0.001 0.02183 0.01624 0.01843    0    0 -0.03
83  0.9277  0.001 0.01999 0.02003 0.01843    0    0 -0.03
88  0.9301  0.001 0.01595 0.01801 0.01843    0    0 -0.03
78  0.9415  0.001 0.02065 0.02131 0.01843 0.1192 -0.1355 -0.2943
119  0.9463  0.001 0.01754 0.02335 0.01843    0    0 -0.03
132  0.953  0.001 0.01898 0.02029 0.01843    0    0 -0.03
90  0.9595  0.001 0.01851 0.01681 0.01843    0    0 -0.03
100  0.9821  0.001 0.02119 0.02175 0.01843    0    0 -0.03
77  0.9915  0.001 0.01958 0.02208 0.01843    0    0 -0.03
143  0.9978  0.001 0.01989 0.01651 0.01843    0    0 -0.03
85  0.999  0.001 0.01635 0.01953 0.01843    0    0 -0.03
127  1.001  0.001 0.02103 0.02089 0.01843    0    0 -0.03
131  1.002  0.001 0.0197 0.01944 0.01843    0    0 -0.03
119  1.014  0.001 0.0179 0.01855 0.01843 -0.0332 -0.1388 -0.08623
138  1.016  0.001 0.02133 0.01814 0.01843    0    0 -0.03
176  1.021  0.001 0.01563 0.01933 0.01843    0    0 -0.03
162  1.023  0.001 0.02088 0.01981 0.01843    0    0 -0.03
151  1.027  0.001 0.02088 0.02226 0.01843    0    0 -0.03
204  1.028  0.001 0.01813 0.01548 0.01843    0    0 -0.03
157  1.028  0.001 0.01647 0.02102 0.01843    0    0 -0.03
155  1.03  0.001 0.01488 0.01786 0.01843    0    0 -0.03
190  1.041  0.001 0.02293 0.02082 0.01843    0    0 -0.03
205  1.052  0.001 0.0163 0.01863 0.01843    0    0 -0.03
194  1.056  0.001 0.02201 0.0177 0.01843    0    0 -0.03
195  1.061  0.001 0.01973 0.01501 0.01843    0    0 -0.03
212  1.064  0.001 0.01732 0.01709 0.01843    0    0 -0.03
221  1.078  0.001 0.0179 0.01556 0.01843    0    0 -0.03
187  1.083  0.001 0.0234 0.02 0.01843    0    0 -0.03
207  1.083  0.001 0.0213 0.01657 0.01843    0    0 -0.03
151  1.094  0.001 0.01738 0.02043 0.01843 -0.03671 0.04435 -0.1986
79  1.102  0.001 0.02036 0.01818 0.01843 -0.08735 -0.01427 -0.07385
172  1.111  0.001 0.01803 0.01874 0.01843    0    0 -0.03
213  1.111  0.001 0.0207 0.01582 0.01843    0    0 -0.03
214  1.115  0.001 0.02124 0.01752 0.01843    0    0 -0.03
197  1.116  0.001 0.02328 0.01916 0.01843    0    0 -0.03
174  1.123  0.001 0.01517 0.02014 0.01843    0    0 -0.03
160  1.141  0.001 0.01716 0.02143 0.01843    0    0 -0.03
167  1.143  0.001 0.02311 0.01818 0.01843    0    0 -0.03
200  1.144  0.001 0.02043 0.0181 0.01843    0    0 -0.03
178  1.145  0.001 0.02045 0.01613 0.01843    0    0 -0.03
184  1.147  0.001 0.02044 0.01975 0.01843    0    0 -0.03
173  1.149  0.001 0.01485 0.01799 0.01843    0    0 -0.03
209  1.152  0.001 0.01545 0.01635 0.01843    0    0 -0.03
55  1.156  0.001 0.02387 0.02073 0.01742 -0.03798 -0.04472 -0.08574
223  1.159  0.001 0.01555 0.02204 0.01843    0    0 -0.03
202  1.17  0.001 0.02037 0.01475 0.01843    0    0 -0.03
184  1.176  0.001 0.01972 0.0198 0.01843 0.1081 0.02282 -0.2343
77  1.177  0.001 0.02076 0.02132 0.01843 0.01652 -0.1138 -0.1512
165  1.189  0.001 0.02194 0.01688 0.01843    0    0 -0.03
83  1.193  0.001 0.01863 0.01812 0.01843 0.08083 -0.1781 -0.1805
186  1.207  0.001 0.01912 0.0195 0.01843    0    0 -0.03
192  1.211  0.001 0.01704 0.01575 0.01843    0    0 -0.03
181  1.212  0.001 0.01778 0.02281 0.01843    0    0 -0.03
156  1.212  0.001 0.01853 0.0157 0.01843    0    0 -0.03
161  1.213  0.001 0.01618 0.01691 0.01843    0    0 -0.03
153  1.213  0.001 0.0196 0.0204 0.01843    0    0 -0.03
211  1.214  0.001 0.02063 0.022 0.01843    0    0 -0.03
224  1.215  0.001 0.01457 0.01927 0.01843    0    0 -0.03
196  1.217  0.001 0.02066 0.01944 0.01843    0    0 -0.03
145  1.218  0.001 0.01677 0.01997 0.01843 -0.04975 -0.06041 -0.2073
169  1.226  0.001 0.01495 0.01817 0.01843    0    0 -0.03
201  1.241  0.001 0.0233 0.0203 0.01843    0    0 -0.03
210  1.249  0.001 0.01976 0.01616 0.01843    0    0 -0.03
208  1.25  0.001 0.02125 0.01911 0.01843    0    0 -0.03
152  1.25  0.001 0.01667 0.02145 0.01843    0    0 -0.03
182  1.25  0.001 0.0176 0.02316 0.01843    0    0 -0.03
220  1.263  0.001 0.01965 0.01918 0.01843    0    0 -0.03
164  1.266  0.001 0.0183 0.01678 0.01843    0    0 -0.03
225  1.271  0.001 0.01884 0.02323 0.01843    0    0 -0.03
170  1.282  0.001 0.01543 0.01798 0.01843    0    0 -0.03
193  1.282  0.001 0.02067 0.01857 0.01843    0    0 -0.03
218  1.293  0.001 0.02269 0.01654 0.01843    0    0 -0.03
166  1.303  0.001 0.02181 0.01962 0.01843    0    0 -0.03
180  1.304  0.001 0.02097 0.01708 0.01843    0    0 -0.03
166  1.319  0.001 0.02227 0.01991 0.01843 0.02922 0.01825 -0.07656
203  1.322  0.001 0.01698 0.01854 0.01843    0    0 -0.03
183  1.324  0.001 0.01955 0.02079 0.01843    0    0 -0.03
55  1.33  0.001 0.02388 0.01999 0.01748 -0.0002207 -0.2179 0.3044
166  1.335  0.001 0.02168 0.02006 0.01843 0.02509 0.05829 -0.06439
163  1.336  0.001 0.01656 0.01692 0.01843    0    0 -0.03
166  1.344  0.001 0.02192 0.01986 0.01843 0.02686 -0.02281 -0.04197
158  1.345  0.001 0.017 0.02139 0.01843    0    0 -0.03
81  1.351  0.001 0.02098 0.02132 0.01843 -0.0522 0.02502 -0.2718
216  1.355  0.001 0.0172 0.02031 0.01843    0    0 -0.03
196  1.358  0.001 0.01863 0.02187 0.01843 0.04019 0.07836 -0.2614
188  1.367  0.001 0.021 0.01928 0.01843    0    0 -0.03
159  1.37  0.001 0.01984 0.02264 0.01843    0    0 -0.03
66  1.379  0.001 0.02409 0.01984 0.01741 -0.08719 -0.0344 -0.08933
215  1.39  0.001 0.02136 0.01577 0.01843    0    0 -0.03
206  1.398  0.001 0.0211 0.01768 0.01843    0    0 -0.03
171  1.401  0.001 0.01568 0.0187 0.01843    0    0 -0.03
24  1.402  0.001 0.02122 0.01882 0.01843 0.06771 -0.01715 -0.05745
24  1.412  0.001 0.02117 0.01876 0.01843 -0.01624 -0.005766 -0.02925
179  1.412  0.001 0.0201 0.01536 0.01843    0    0 -0.03
199  1.424  0.001 0.022 0.02034 0.01843    0    0 -0.03
154  1.434  0.001 0.01853 0.02202 0.01843    0    0 -0.03
198  1.447  0.001 0.01941 0.01807 0.01843    0    0 -0.03
219  1.45  0.001 0.02103 0.02249 0.01843    0    0 -0.03
185  1.45  0.001 0.02247 0.01982 0.01843    0    0 -0.03
189  1.452  0.001 0.01767 0.02069 0.01843    0    0 -0.03
191  1.461  0.001 0.01876 0.01662 0.01843    0    0 -0.03
168  1.471  0.001 0.01809 0.02195 0.01843    0    0 -0.03
226  1.489  0.001 0.01809 0.01841 0.01843    0    0 -0.03
222  1.494  0.001 0.02161 0.01895 0.01843    0    0 -0.03
196  1.497  0.001 0.01737 0.02369 0.01843 -0.0658 0.0005889 -0.05405
181  1.497  0.001 0.02065 0.02128 0.01843 0.08769 -0.04887 -0.05399
139  1.497  0.001 0.0202 0.0184 0.01843 0.04792 -0.104 -0.02954
177  1.498  0.001 0.0212 0.01539 0.01843    0    0 -0.03
175  1.504  0.001 0.01899 0.02345 0.01843    0    0 -0.03
217  1.504  0.001 0.01543 0.02166 0.01843    0    0 -0.03
259  1.523  0.001 0.01484 0.01752 0.01843    0    0 -0.03
154  1.523  0.001 0.01598 0.01786 0.01843 -0.04702 -0.1159 -0.08693
276  1.525  0.001 0.01948 0.02148 0.01843    0    0 -0.03
290  1.53  0.001 0.01654 0.01597 0.01843    0    0 -0.03
261  1.538  0.001 0.0201 0.01537 0.01843    0    0 -0.03
263  1.543  0.001 0.0229 0.01804 0.01843    0    0 -0.03
166  1.552  0.001 0.02135 0.01758 0.01843 -0.1506 -0.3217 -0.588
183  1.552  0.001 0.01864 0.01917 0.01843 -0.1734 -0.1649 -1.942
81  1.555  0.001 0.01836 0.01698 0.01843 -0.07334 -0.6971 -0.3834
267  1.559  0.001 0.01902 0.02273 0.01843    0    0 -0.03
134  1.559  0.001 0.02359 0.02137 0.01836 -0.144 -0.3415 0.107
132  1.561  0.001 0.01704 0.01995 0.01843 0.05731 -0.05511 -0.1767
214  1.567  0.001 0.0222 0.02126 0.01843 0.1447 -0.01147 -0.1138
232  1.567  0.001 0.01965 0.01827 0.01843    0    0 -0.03
185  1.571  0.001 0.01689 0.02244 0.01843 -0.2309 0.09146 -0.1873
291  1.576  0.001 0.0202 0.02347 0.01843    0    0 -0.03
263  1.581  0.001 0.02349 0.01692 0.01843 -0.07773 0.04267 -0.1629
220  1.588  0.001 0.01752 0.02032 0.01843 0.0781 0.03098 -0.126
260  1.59  0.001 0.01609 0.02165 0.01843    0    0 -0.03
153  1.59  0.001 0.01829 0.02404 0.01743 -0.05838 0.02606 0.1721
134  1.591  0.001 0.01951 0.01397 0.01832 -0.08918 0.05927 -0.02803
264  1.591  0.001 0.01808 0.01685 0.01843    0    0 -0.03
272  1.593  0.001 0.01511 0.01726 0.01843    0    0 -0.03
189  1.596  0.001 0.01662 0.01686 0.01843 -0.2254 -0.3163 -0.2566
247  1.597  0.001 0.01988 0.02079 0.01843    0    0 -0.03
230   1.6  0.001 0.01578 0.01975 0.01843    0    0 -0.03
265  1.601  0.001 0.02006 0.01532 0.01843    0    0 -0.03
174  1.602  0.001 0.01631 0.02091 0.01843 0.02901 0.09793 -0.3092
136  1.609  0.001 0.01766 0.02262 0.01843 0.09948 -0.03178 -0.02963
170  1.611  0.001 0.01676 0.01757 0.01843 -0.05744 0.1256 -0.1365
223  1.611  0.001 0.02201 0.02216 0.01843 0.2047 0.1529 -0.2314
217  1.623  0.001 0.01542 0.02235 0.01843 0.0104 0.08034 -0.08971
180  1.625  0.001 0.02362 0.01789 0.01843 0.1179 0.05184 -0.1627
64  1.634  0.001 0.02037 0.01432 0.01843 -0.1118 0.1598 -0.1116
234  1.637  0.001 0.01795 0.01586 0.01843    0    0 -0.03
235  1.637  0.001 0.01694 0.02189 0.01843    0    0 -0.03
117  1.639  0.001 0.02358 0.0214 0.01817 -0.05458 -0.04242 -0.1887
289  1.64  0.001 0.01773 0.0177 0.01843    0    0 -0.03
252  1.644  0.001 0.01719 0.02313 0.01843    0    0 -0.03
169  1.645  0.001 0.0174 0.01658 0.01843 -0.01593 0.007239 -0.2029
268  1.645  0.001 0.01647 0.0162 0.01843    0    0 -0.03
227  1.65  0.001 0.01836 0.02136 0.01843    0    0 -0.03
296  1.653  0.001 0.02195 0.01639 0.01843    0    0 -0.03
262  1.658  0.001 0.01919 0.0236 0.01843    0    0 -0.03
229  1.665  0.001 0.01619 0.02008 0.01843    0    0 -0.03
217  1.665  0.001 0.01504 0.02113 0.01843 -0.0417 -0.07712 -0.04065
269  1.667  0.001 0.02155 0.01829 0.01843    0    0 -0.03
63  1.675  0.001 0.01998 0.02313 0.0175 0.02755 -0.05065 0.144
227  1.676  0.001 0.01787 0.01996 0.01843 -0.03621 -0.1017 -0.01273
240  1.68  0.001 0.02263 0.01883 0.01843    0    0 -0.03
293  1.68  0.001 0.02018 0.01805 0.01843    0    0 -0.03
148  1.69  0.001 0.02104 0.02073 0.01843 -0.1379 0.002325 -0.3906
275  1.693  0.001 0.01954 0.02066 0.01843    0    0 -0.03
63  1.698  0.001 0.02226 0.02233 0.01843 0.1747 -0.06192 -0.194
71  1.699  0.001 0.02001 0.01815 0.01843 0.03161 -0.005062 -0.1338
123  1.705  0.001 0.0217 0.0174 0.01843 0.03344 -0.1586 -0.04495
273  1.706  0.001 0.01594 0.01794 0.01843    0    0 -0.03
262  1.711  0.001 0.02074 0.02004 0.01843 0.03364 -0.07908 -0.2086
183  1.716  0.001 0.01509 0.01904 0.01744 0.1843 0.01797 0.04749
282  1.735  0.001 0.01722 0.01803 0.01843    0    0 -0.03
264  1.736  0.001 0.01509 0.01832 0.01843 0.152 0.05297 -0.09214
298  1.739  0.001 0.01456 0.01956 0.01843    0    0 -0.03
254  1.739  0.001 0.02167 0.02044 0.01843    0    0 -0.03
136  1.742  0.001 0.02066 0.0156 0.01843 -0.005296 0.06745 -0.2536
182  1.747  0.001 0.01405 0.01843 0.01744 0.05278 -0.002043 0.02771
112  1.75  0.001 0.02256 0.01535 0.01843 -0.06478 0.02978 -0.2939
278  1.752  0.001 0.01771 0.01514 0.01843    0    0 -0.03
288  1.755  0.001 0.01622 0.01644 0.01843    0    0 -0.03
241  1.763  0.001 0.02016 0.02316 0.01843    0    0 -0.03
283  1.766  0.001 0.0195 0.01699 0.01843    0    0 -0.03
57  1.77  0.001 0.02218 0.01502 0.01746 -0.1097 -0.04055 0.002486
299  1.773  0.001 0.01643 0.02264 0.01843    0    0 -0.03
291  1.774  0.001 0.02378 0.02072 0.01749 0.07524 -0.1258 0.1591
79  1.779  0.001 0.02415 0.01917 0.01814 -0.009923 -0.1264 0.06417
258  1.786  0.001 0.02055 0.0176 0.01843    0    0 -0.03
148  1.793  0.001 0.0167 0.02358 0.01789 0.03588 -0.01824 -0.1314
255  1.794  0.001 0.02219 0.02125 0.01843    0    0 -0.03
172  1.797  0.001 0.0202 0.02031 0.01843 -0.1044 -0.1578 -0.1053
295  1.799  0.001 0.01606 0.01978 0.01843    0    0 -0.03
297  1.801  0.001 0.01518 0.02089 0.01843    0    0 -0.03
258  1.804  0.001 0.02083 0.01677 0.01843 -0.07798 -0.3023 -0.3472
271  1.807  0.001 0.0213 0.02224 0.01843    0    0 -0.03
111  1.808  0.001 0.01728 0.0204 0.01843 -0.0342 -0.003923 -0.1361
162  1.811  0.001 0.01508 0.02147 0.01843 -0.05146 -0.04608 -0.08223
283  1.813  0.001 0.01487 0.01695 0.01843 -0.07119 0.02333 -0.007159
243  1.818  0.001 0.01715 0.01514 0.01843    0    0 -0.03
275  1.821  0.001 0.01966 0.02215 0.01843 -6.55e-05 0.0246 -0.2086
231  1.822  0.001 0.01783 0.01705 0.01843    0    0 -0.03
244  1.825  0.001 0.01931 0.01853 0.01843    0    0 -0.03
34  1.828  0.001 0.01717 0.02287 0.01843 0.1262 -0.1193 -0.1388
249  1.83  0.001 0.01967 0.01625 0.01843    0    0 -0.03
238  1.831  0.001 0.02201 0.01985 0.01843    0    0 -0.03
274  1.837  0.001 0.01497 0.01833 0.01843    0    0 -0.03
248  1.84  0.001 0.01576 0.0207 0.01843    0    0 -0.03
277  1.845  0.001 0.02149 0.01852 0.01843    0    0 -0.03
280  1.846  0.001 0.01602 0.01569 0.01843    0    0 -0.03
242  1.85  0.001 0.02069 0.02323 0.01843    0    0 -0.03
284  1.851  0.001 0.01844 0.0214 0.01843    0    0 -0.03
95  1.852  0.001 0.0182 0.01402 0.01826 -0.02282 0.3394 -0.1046
266  1.853  0.001 0.02068 0.017 0.01843    0    0 -0.03
253  1.855  0.001 0.02087 0.02195 0.01843    0    0 -0.03
250  1.86  0.001 0.01849 0.02026 0.01843    0    0 -0.03
281  1.861  0.001 0.01489 0.01935 0.01843    0    0 -0.03
228  1.869  0.001 0.02158 0.01753 0.01843    0    0 -0.03
236  1.877  0.001 0.01937 0.02316 0.01843    0    0 -0.03
286  1.881  0.001 0.02102 0.01621 0.01843    0    0 -0.03
190  1.884  0.001 0.02409 0.01823 0.01764 -0.1035 0.0004038 -0.1175
256  1.887  0.001 0.0174 0.02303 0.01843    0    0 -0.03
257  1.889  0.001 0.01967 0.0186 0.01843    0    0 -0.03
95  1.891  0.001 0.01755 0.0173 0.01843 -0.02707 -0.04638 -0.151
68   1.9  0.001 0.02124 0.01828 0.0175 0.02261 -0.03818 0.04595
251  1.904  0.001 0.01736 0.01864 0.01843    0    0 -0.03
246  1.908  0.001 0.01572 0.01929 0.01843    0    0 -0.03
233  1.918  0.001 0.01918 0.02217 0.01843    0    0 -0.03
232  1.92  0.001 0.01942 0.01998 0.01843 0.0008381 -0.001566 -0.07736
257  1.922  0.001 0.01979 0.01597 0.01843 0.00419 -0.09326 -0.1313
253  1.922  0.001 0.02176 0.02099 0.01843 0.02194 -0.02441 -0.08714
279  1.928  0.001 0.01855 0.01842 0.01843    0    0 -0.03
285  1.934  0.001 0.01887 0.01494 0.01843    0    0 -0.03
245  1.934  0.001 0.02294 0.01818 0.01843    0    0 -0.03
239  1.95  0.001 0.02003 0.02198 0.01843    0    0 -0.03
72  1.95  0.001 0.02058 0.01975 0.01843 0.01969 -0.04946 -0.06867
170  1.955  0.001 0.01681 0.02072 0.01843 0.02217 0.007803 -0.06218
237  1.967  0.001 0.01714 0.01984 0.01843    0    0 -0.03
275  1.997  0.001 0.02311 0.02092 0.0175 -0.01271 -0.07129 0.1393
287  1.998  0.001 0.01561 0.01644 0.01843    0    0 -0.03
34  2.003  0.001 0.02221 0.02236 0.01743 -0.0067 0.005398 0.005301
300  2.004  0.001 0.02076 0.01938 0.01843    0    0 -0.06527
294  2.005  0.001 0.0198 0.02306 0.01843    0    0 -0.08116
292  2.006  0.001 0.02026 0.01585 0.01843    0    0 -0.09004
270  2.007  0.001 0.01747 0.0179 0.01843    0    0 -0.09562
275  2.015  0.001 0.02289 0.01966 0.01843 -0.01271 -0.07129 -0.0343
222  2.045  0.001 0.02247 0.01574 0.01752 -0.177 0.08731 0.4735
292  2.049  0.001 0.01694 0.01894 0.01843 -0.1208 0.09936 -0.08813
285  2.06  0.001 0.0205 0.01578 0.01843 0.0624 0.02377 -0.08501
183  2.062  0.001 0.01616 0.02297 0.01843 0.03834 -0.007329 -0.0624
155  2.083  0.001 0.01588 0.01995 0.01746 -0.005133 -0.002443 0.1755
98  2.09  0.001 0.01769 0.01571 0.01746 0.1855 -0.08121 0.3959
286  2.092  0.001 0.02108 0.02374 0.01843 -0.02458 -0.06232 -0.1368
231  2.108  0.001 0.01742 0.02284 0.01843 -0.0003156 -0.0716 -0.1726
155  2.111  0.001 0.01573 0.01988 0.01843 -0.005133 -0.002443 -0.1087
247  2.135  0.001 0.01842 0.02411 0.01763 0.01175 -0.03061 -0.0605
279  2.135  0.001 0.02371 0.02113 0.01765 -0.08602 -0.02865 -0.0248
160  2.146  0.001 0.01808 0.02406 0.01815 -0.04137 -0.02928 -0.03426
189  2.174  0.001 0.02209 0.02315 0.0176 0.009968 -0.1199 -0.2149
222  2.176  0.001 0.01573 0.02143 0.01843 0.09934 0.01628 -0.1475
237  2.18  0.001 0.0165 0.01708 0.01843 -0.003534 -0.02746 -0.4753
34  2.181  0.001 0.02027 0.01959 0.01843 -0.07194 -0.06923 -0.1379
238  2.183  0.001 0.02291 0.01984 0.01843 -0.0291 -0.002684 -0.03336
78   2.2  0.001 0.02198 0.01967 0.01747 -0.09743 -0.01954 0.2548
148  2.205  0.001 0.02168 0.02235 0.01843 0.09192 -0.03828 -0.06998
258  2.221  0.001 0.01986 0.02274 0.01843 -0.3177 -0.3217 -0.1601
263  2.223  0.001 0.02097 0.02378 0.01779 -0.07262 -0.1134 -0.05116
238  2.229  0.001 0.02353 0.01806 0.01843 0.01867 -0.04796 -0.1183
258  2.245  0.001 0.01672 0.01873 0.01843 -0.1301 -0.0601 -0.134
78  2.255  0.001 0.01755 0.01764 0.01843 -0.03517 -0.07874 -0.1666
60  2.268  0.001 0.01518 0.01572 0.01813 0.05881 0.06064 -0.1502
242  2.314  0.001 0.02139 0.02303 0.01747 -0.05278 -0.05318 0.1256
299  2.324  0.001 0.0174 0.02321 0.01843 -0.02397 -0.01577 -0.05909
160  2.329  0.001 0.01858 0.02345 0.01843 0.01341 -0.001165 -0.06056
148  2.335  0.001 0.02214 0.01908 0.01843 0.01399 -0.08527 -0.08516
172  2.339  0.001 0.0202 0.01681 0.01843 0.03218 -0.09787 -0.1365
171  2.344  0.001 0.01689 0.01894 0.01843 0.01244 -0.04926 -0.1691
218  2.361  0.001 0.0154 0.01845 0.01843 -0.04633 -0.00436 -0.8878
136  2.368  0.001 0.01533 0.01889 0.01743 -0.006708 -0.02296 0.07405
157  2.375  0.001 0.01723 0.02314 0.01843 0.008716 -0.04953 -0.06903
111  2.384  0.001 0.02414 0.01943 0.01773 -0.1295 0.0004695 -0.08873
282  2.387  0.001 0.02268 0.02264 0.01777 0.04623 -0.1187 -0.07429
269  2.393  0.001 0.0208 0.02145 0.01843 -0.1332 0.03312 -0.06633
78   2.4  0.001 0.01398 0.01845 0.01751 0.04075 -0.03935 -0.08745
160  2.409  0.001 0.01974 0.02335 0.01843 0.006556 -0.05964 -0.05454
163  2.436  0.001 0.0189 0.01459 0.01843 0.05361 -0.1222 -0.1709
198  2.446  0.001 0.02122 0.01443 0.0179 -0.01925 0.07222 -0.09937
132  2.466  0.001 0.01578 0.01513 0.01748 0.08591 0.1091 -0.1761
271  2.488  0.001 0.01816 0.02407 0.01835 0.002447 -0.09636 -0.0392
191  2.496  0.001 0.01396 0.01874 0.01796 0.1672 0.1174 0.2592
144  2.499  0.001 0.01975 0.01473 0.01751 0.04553 0.1318 0.296
251  2.499  0.001 0.02149 0.01501 0.01843 -0.08722 0.114 -0.3064
279  2.502  0.001 0.0221 0.02007 0.01755 0.0442 -0.001788 0.3928
67  2.508  0.001 0.01915 0.02358 0.0175 -0.1821 0.01872 0.2084
139  2.533  0.001 0.02137 0.02257 0.01843 -0.03039 0.008208 -0.09504
223  2.544  0.001 0.01727 0.0218 0.01843 -0.05644 -0.03679 -0.09501
67  2.544  0.001 0.01533 0.0219 0.01843 -0.06253 -0.08098 -0.1556
144  2.556  0.001 0.02235 0.02225 0.01843 0.04553 0.1318 -0.2637
214  2.558  0.001 0.0163 0.02292 0.01843 -0.009653 -0.02379 -0.05361
191  2.567  0.001 0.02186 0.02257 0.01843 0.01179 -0.05909 -0.1712
282  2.569  0.001 0.02324 0.01732 0.01755 -0.1848 -0.08496 0.4438
242  2.573  0.001 0.01406 0.01798 0.01741 0.08176 0.002056 -0.1201
273  2.578  0.001 0.02323 0.01616 0.01747 -0.03811 -0.04637 0.06445
263  2.594  0.001 0.01876 0.02414 0.01836 0.0214 -0.02447 -0.01313
135   2.6  0.001 0.01554 0.02207 0.01843 0.01522 -0.05093 -0.05478
159  2.624  0.001 0.01866 0.02407 0.01843 -0.0009659 -0.05715 -0.0598
2  2.654  0.001 0.01794 0.02383 0.01843 -0.03346 -0.04841 -0.04586
251  2.66  0.001 0.01675 0.01643 0.01843 -0.01043 -0.0255 -0.2664
179  2.664  0.001 0.02105 0.01523 0.01756 0.09565 -2.206 3.584
296  2.685  0.001 0.01532 0.01557 0.01828 0.01973 0.07723 -0.272
200  2.714  0.001 0.02224 0.02232 0.01843 0.03489 0.05603 -0.08946
111  2.719  0.001 0.01596 0.01499 0.01722 0.02523 0.132 -0.1979
160  2.722  0.001 0.0151 0.02179 0.01843 0.0263 -0.02325 -0.1164
159  2.731  0.001 0.01758 0.02009 0.01843 -0.04101 -0.05031 -0.1965
12  2.733  0.001 0.02328 0.02171 0.01752 -3.472 0.9532 6.17
68  2.739  0.001 0.02234 0.01688 0.01843 0.03945 -0.06873 -0.2357
266  2.747  0.001 0.02248 0.01817 0.01843 0.04053 -0.05406 -0.2795
188  2.767  0.001 0.01696 0.01848 0.01843 -0.03553 -0.0435 -0.04632
190  2.77  0.001 0.02026 0.0185 0.01843 0.03245 -0.08842 -0.1006
42  2.785  0.001 0.02333 0.02183 0.01764 -0.03454 -0.03887 -0.06396
75  2.79  0.001 0.02325 0.01975 0.01748 -0.01755 -0.05236 0.164
223  2.793  0.001 0.01653 0.01811 0.01843 -0.059 -0.05753 -0.2035
265  2.797  0.001 0.02286 0.01565 0.01825 -0.01961 0.04777 -0.05574
37  2.802  0.001 0.01979 0.02344 0.01759 0.1787 -0.1517 0.8801
193  2.803  0.001 0.0233 0.02176 0.01745 0.329 -0.0486 0.3963
109  2.808  0.001 0.02235 0.02046 0.01747 0.17 -0.2519 0.205
233  2.808  0.001 0.01875 0.01735 0.01744 -0.009824 -0.2682 0.04281
299  2.843  0.001 0.01887 0.01708 0.01843 0.01587 -0.1201 -0.1484
109  2.843  0.001 0.02365 0.01684 0.01751 -0.05488 0.008875 -0.1337
177  2.847  0.001 0.02281 0.0157 0.01843 -0.04525 0.06251 -0.1445
220  2.847  0.001 0.02028 0.01777 0.01843 0.01592 -0.0823 -0.1964
75  2.855  0.001 0.02088 0.01429 0.0178 -0.03942 0.05201 -0.2354
235  2.856  0.001 0.01665 0.02244 0.01843 0.04667 -0.07484 -0.136
114  2.858  0.001 0.01449 0.01948 0.01843 0.1625 -0.07235 -0.2045
58  2.86  0.001 0.01572 0.02289 0.01843 0.01946 -0.01966 -0.03274
25  2.863  0.001 0.01679 0.02087 0.01843 0.09077 -0.1561 -0.1827
169  2.87  0.001 0.02249 0.0155 0.01843 -0.01244 0.07707 -0.3377
232  2.882  0.001 0.02404 0.02013 0.01838 -0.05287 -0.02239 -0.01643
191  2.883  0.001 0.02408 0.01816 0.01756 -0.01849 0.02173 0.001585
250  2.901  0.001 0.01476 0.02182 0.01771 0.003312 -0.008873 0.0114
244  2.905  0.001 0.01554 0.01754 0.01743 0.02156 0.05611 0.007934
61  2.916  0.001 0.02372 0.0211 0.01759 -0.1337 -0.03053 0.03866
164  2.921  0.001 0.01415 0.01761 0.01826 0.07009 0.01097 -0.1733
196     3  0.001 0.01979 0.02317 0.01747 0.04407 -0.005604 0.1734
20  3.002  0.001 0.01984 0.02146 0.01744 -0.06379 -0.003783 0.1375
272  3.003  0.001 0.01645 0.01466 0.01789 0.05251 0.0828 -0.2638
193  3.005  0.001 0.02414 0.01942 0.01769 -0.03388 0.01485 -0.007915
25  3.007  0.001 0.01691 0.01528 0.01843 -0.005019 -0.1575 -0.08749
195  3.012  0.001 0.01802 0.02298 0.01843 -0.01817 0.01147 -0.1547
228  3.017  0.001 0.01835 0.01601 0.01843 -0.03176 -0.1201 -0.1786
81  3.017  0.001 0.02098 0.01741 0.01843 -0.05953 -0.09538 -0.09795
63  3.026  0.001 0.02336 0.02179 0.01765 -2.574 0.6828 3.362
268  3.035  0.001 0.01613 0.01713 0.01843 0.04048 -0.1301 -0.2186
248  3.038  0.001 0.02147 0.02355 0.01801 -0.05071 -0.06612 -0.09317
46  3.05  0.001 0.01701 0.02245 0.01843 -0.1277 -0.01786 -0.06137
79  3.065  0.001 0.01483 0.01618 0.01761 -0.00297 0.1368 -0.005884
160  3.088  0.001 0.02222 0.01505 0.01772 -0.135 0.04626 -0.05566
27  3.098  0.001 0.02278 0.01907 0.01744 0.0432 0.01588 0.02635
122  3.103  0.001 0.01937 0.01642 0.01755 -0.2448 0.05058 0.1126
59  3.128  0.001 0.02389 0.02068 0.01833 -0.1223 -0.1133 -0.4688
222  3.142  0.001 0.01414 0.02044 0.01752 0.0221 -0.0344 -0.08676
62  3.162  0.001 0.01735 0.01562 0.01747 0.2107 -0.09494 0.1135
265  3.17  0.001 0.01668 0.02226 0.01843 0.09227 -0.1063 -0.08547
191  3.181  0.001 0.02353 0.01833 0.01843 0.0882 -0.09692 -0.09871
67  3.198  0.001 0.01924 0.01731 0.01843 -0.003756 -0.1071 -0.1787
254  3.204  0.001 0.01547 0.02161 0.0175 0.03235 -0.06763 0.1313
297  3.204  0.001 0.01553 0.02274 0.0177 0.07462 -0.0812 0.157
297  3.231  0.001 0.0175 0.0206 0.01843 0.07462 -0.0812 -0.1017
262  3.237  0.001 0.01715 0.01953 0.01746 -0.2242 -0.1553 0.6607
297  3.285  0.001 0.02351 0.0214 0.01843 -0.0155 -0.05169 -0.1755
33  3.453  0.001 0.02265 0.02195 0.01756 -0.0287 -0.0009102 0.1333
33  3.469  0.001 0.02219 0.02194 0.01843 -0.0287 -0.0009102 -0.02531
21  3.47  0.001 0.0204 0.02267 0.01755 -0.05473 0.03258 0.103
33  3.478  0.001 0.02207 0.02178 0.01843 -0.009178 -0.01902 -0.03358
270  3.563  0.001 0.01881 0.01903 0.01743 0.01198 0.006194 0.008702
150  3.606  0.001 0.01951 0.01417 0.01843 -0.06761 -0.02354 -0.2381
160  3.628  0.001 0.02045 0.02049 0.01843 0.0183 0.05447 -0.2583
33  3.634  0.001 0.01687 0.02054 0.01843 -0.08154 -0.03148 -0.2845
251  3.697  0.001 0.01659 0.01458 0.01716 0.09195 0.158 -0.2934
79  3.722  0.001 0.01556 0.02217 0.01743 0.04603 0.01346 0.1143
269  3.77  0.001 0.02081 0.01857 0.01746 -0.01462 -0.152 0.04424
42  3.784  0.001 0.02325 0.02008 0.0176 0.0009759 -0.09009 0.2654
11  3.789  0.001 0.02303 0.02139 0.01755 -0.0917 0.01867 0.1305
51  3.795  0.001 0.01809 0.01878 0.01843 -0.05762 -0.07799 -0.1273
81   3.8  0.001 0.01895 0.01592 0.01843 -0.05266 -0.1532 -0.1447
119  3.862  0.001 0.02414 0.01873 0.01757 -0.04942 -0.2291 0.2754
297  3.869  0.001 0.02354 0.01793 0.01745 0.02494 -0.1007 0.04474
276  3.909  0.001 0.02407 0.01994 0.01718 -0.01567 0.0113 -0.2185
140  3.92  0.001 0.01786 0.024 0.01785 0.3011 0.05702 0.9136
29  3.922  0.001 0.01654 0.023 0.01747 -0.01865 -0.08558 0.4262
241  3.928  0.001 0.01548 0.02263 0.01744 -0.02461 0.0007539 0.06744
172  3.929  0.001 0.02251 0.02039 0.01752 -0.8305 -0.5752 0.9625
159  3.933  0.001 0.01956 0.01905 0.01743 -0.1272 -0.1353 0.02325
143  3.937  0.001 0.02023 0.01859 0.01744 -0.08901 -0.05666 0.1286
160  3.937  0.001 0.02229 0.02154 0.01744 -0.03796 -0.01369 0.07483
282  3.941  0.001 0.01905 0.02149 0.01747 0.1263 -0.07235 0.5617
21  3.942  0.001 0.02076 0.02214 0.01843 0.02947 0.0214 -0.02334
244  3.948  0.001 0.02 0.01893 0.01843 0.02084 -0.008474 -0.07274
265  3.95  0.001 0.01673 0.02065 0.01843 -0.03944 -0.07154 -0.09034
201  3.956  0.001 0.01736 0.02384 0.01743 -0.04543 0.054 0.06658
287  3.965  0.001 0.01434 0.01709 0.0177 0.04947 0.03916 -0.134
46  3.973  0.001 0.02095 0.01735 0.01843 0.08112 -0.07727 -0.2402
134  3.991  0.001 0.0204 0.01995 0.01843 0.04633 -0.04353 -0.1972
293  3.999  0.001 0.01824 0.0217 0.01757 0.01536 -0.02545 0.3026
29  4.01  0.001 0.01514 0.01577 0.01751 0.1084 0.08444 -0.08584
271  4.031  0.001 0.02132 0.01996 0.01843 0.04331 -0.06254 -0.1613
293  4.046  0.001 0.0156 0.0198 0.01843 -0.05804 -0.0406 -0.2158
282  4.047  0.001 0.02365 0.02126 0.01767 -0.015 -0.00996 -0.01798
255  4.051  0.001 0.01483 0.01618 0.0174 0.04441 0.03954 -0.257
168  4.055  0.001 0.024 0.02029 0.01769 -0.01977 -0.006996 -0.002304
172  4.114  0.001 0.0143 0.01796 0.01748 0.07578 -0.2288 0.2562
98  4.178  0.001 0.02 0.02291 0.01745 -0.09132 -0.03804 0.43
156  4.187  0.001 0.01508 0.0163 0.01843 0.1812 0.09011 -0.5315
275  4.19  0.001 0.02123 0.01971 0.0175 -0.2798 -0.3499 0.4912
227  4.197  0.001 0.02173 0.02131 0.01748 -0.02102 -0.008835 0.1644
57  4.202  0.001 0.01821 0.02327 0.01765 -0.3304 0.5025  1.5
146  4.205  0.001 0.02029 0.02225 0.01751 0.1353 0.05742 0.4371
175  4.206  0.001 0.01944 0.0223 0.01748 0.07841 -0.09538 0.4241
180  4.207  0.001 0.02178 0.01988 0.01744 0.1296 -0.01797 0.04715
163  4.221  0.001 0.01973 0.01508 0.01843 0.02893 -0.2223 -0.02968
224  4.227  0.001 0.02137 0.02344 0.01843 0.07071 0.1145 -0.03277
268  4.23  0.001 0.01813 0.01458 0.01843 0.1186 -0.0338 -0.04387
175  4.241  0.001 0.02155 0.02086 0.01843 0.03627 -0.02836 -0.1647
227  4.259  0.001 0.02393 0.02055 0.01748 -0.05394 -0.01668 0.0115
240  4.273  0.001 0.01423 0.02072 0.01787 0.07362 -0.04182 -0.01977
113  4.278  0.001 0.01534 0.01555 0.01733 0.106 0.06285 -0.2055
254  4.293  0.001 0.02414 0.01933 0.01748 -0.01085 0.02012 0.002915
138  4.295  0.001 0.0233 0.01622 0.01762 -0.1186 0.1026 0.07709
168  4.315  0.001 0.01433 0.01967 0.01744 0.03535 0.04175 0.03213
207  4.337  0.001 0.01523 0.01913 0.01743 -0.1583 -0.1145 0.1759
254  4.343  0.001 0.02168 0.01615 0.01843 -0.1066 -0.1405 -0.07104
227  4.372  0.001 0.01599 0.02313 0.01826 0.03796 -0.05107 -0.1315
71  4.386  0.001 0.01803 0.01951 0.01843 0.03684 -0.01802 -0.2224
292  4.395  0.001 0.01626 0.02141 0.0176 -0.114 -0.3882 0.9911
239  4.395  0.001 0.01601 0.02289 0.01757 0.0462 0.05508 0.6128
252  4.418  0.001 0.01721 0.01888 0.01782 0.0401 -0.09397 1.726
193  4.444  0.001 0.02375 0.02032 0.01744 0.05551 -0.002851 0.03969
114  4.454  0.001 0.02179 0.02059 0.01843 0.03683 0.006172 -0.02334
116  4.455  0.001 0.02303 0.01998 0.01843 0.04428 -0.006272 -0.03405
169   4.5  0.001 0.0174 0.0183 0.01843 -0.08416 -0.08699 -0.134
227   4.5  0.001 0.02403 0.02016 0.01758 -0.1064 -0.09304 -0.08698
171  4.504  0.001 0.0191 0.02391 0.01745 0.1058 0.02983 0.1703
217  4.521  0.001 0.02178 0.01646 0.01755 -1.275 -0.6383 0.894
239  4.537  0.001 0.02005 0.02406 0.01754 -0.02259 -0.1265 -0.4594
141  4.551  0.001 0.01849 0.01814 0.01745 0.01788 0.2518 0.161
141  4.588  0.001 0.01915 0.02415 0.0179 0.01741 -0.07264 -0.08333
157  4.59  0.001 0.02413 0.01957 0.0175 -0.03595 -0.06328 0.02049
24  4.659  0.001 0.02131 0.02213 0.01745 0.008062 -0.03507 0.1118
24  4.698  0.001 0.0179 0.02299 0.01843 -0.1086 0.0346 -0.1424
275  4.721  0.001 0.01622 0.01656 0.01778 -0.05438 0.05535 0.1717
53  4.735  0.001 0.01594 0.02171 0.01749 -0.0114 -0.05748 0.1129
275  4.752  0.001 0.01456 0.01826 0.01843 -0.05438 0.05535 -0.1291
11  4.781  0.001 0.01805 0.02039 0.0176 -0.8565 0.2825 1.884
194  4.823  0.001 0.01855 0.01901 0.01757 -0.4553 -0.4207 0.4855
214  4.823  0.001 0.01954 0.02068 0.01768 -0.2704 -0.3587 0.6643
21  4.824  0.001 0.02034 0.02153 0.01746 -0.2773 -0.09618 0.4848
90  4.824  0.001 0.01972 0.0233 0.01759 -0.123 0.1332 0.4681
60  4.825  0.001 0.02193 0.02127 0.01745 0.0133 -0.04627 0.145
109  4.826  0.001 0.02193 0.01778 0.01843 -0.06191 -0.0388 -0.1855
73  4.826  0.001 0.01997 0.02236 0.01758 -0.1088 -0.02021 0.3322
130  4.829  0.001 0.02102 0.02213 0.01748 -0.06217 -0.05136 0.1717
105  4.83  0.001 0.01838 0.02121 0.01751 -0.03127 -0.1333 0.1706
60  4.845  0.001 0.02219 0.02039 0.01843 0.0133 -0.04627 -0.04218
143  4.853  0.001 0.01674 0.01797 0.01843 -0.04627 -0.009266 -0.07669
130  4.857  0.001 0.01928 0.02069 0.01843 -0.06217 -0.05136 -0.1036
135  4.858  0.001 0.01463 0.0165 0.01796 0.0615 -0.03255 -0.1078
105  4.858  0.001 0.0175 0.01746 0.01843 -0.03127 -0.1333 -0.1052
246  4.861  0.001 0.01496 0.02122 0.01843 -0.08192 -0.05167 -0.1347
110  4.872  0.001 0.02239 0.02238 0.01745 -0.02902 0.08166 0.1124
146  4.881  0.001 0.02059 0.02209 0.01759 -0.1887 -0.2349 0.3791
163  4.883  0.001 0.01493 0.01611 0.01843 0.0506 0.04702 -0.2029
156  4.897  0.001 0.01615 0.01826 0.01843 0.01236 0.07401 -0.3594
73  4.906  0.001 0.01427 0.02082 0.01822 0.06276 -0.005813 -0.07888
194  4.912  0.001 0.01583 0.01509 0.0173 0.1046 0.0801 -0.2228
244  4.923  0.001 0.01953 0.01588 0.01745 0.08023 0.1909 0.7904
156  4.928  0.001 0.01683 0.02182 0.01843 0.0226 0.1177 -0.1136
262  4.93  0.001 0.02071 0.01476 0.01747 0.06682 0.009727 0.1688
130  4.93  0.001 0.01452 0.01711 0.01843 0.06651 -0.01714 -0.2199
186  4.93  0.001 0.01779 0.01867 0.01743 -0.00274 0.007444 0.02371
90  4.933  0.001 0.01752 0.02392 0.01783 0.1551 -0.07014 -0.0614
60  4.96  0.001 0.02405 0.01844 0.01843 0.01458 -0.0751 -0.08238
32  4.968  0.001 0.02063 0.01768 0.01843 -0.06878 -0.04599 -0.1286
214  4.969  0.001 0.01605 0.01493 0.01737 0.1365 0.1669 -0.3329
299  4.975  0.001 0.0217 0.02147 0.01843 0.03934 0.09111 -0.2189
4  4.988  0.001 0.02104 0.01435 0.01749 -0.0363 0.0624 -0.1176
213  5.103  0.001 0.01976 0.02238 0.01752 0.02532 -0.04858 0.205
20  5.107  0.001 0.01753 0.02126 0.01745 -0.001661 -0.006257 0.0408
237  5.113  0.001 0.01836 0.01572 0.01744 -0.04475 0.06558 0.1523
237  5.135  0.001 0.01739 0.01715 0.01843 -0.04475 0.06558 -0.06149
213  5.139  0.001 0.02069 0.0206 0.01843 0.02532 -0.04858 -0.1551
93  5.145  0.001 0.01652 0.01462 0.01759 0.0833 0.1853 -0.5375
204  5.149  0.001 0.01996 0.02259 0.01747 0.04557 0.7858 1.021
6  5.157  0.001 0.02054 0.02243 0.01745 0.02956 0.04819 0.1123
297  5.193  0.001 0.017 0.02077 0.01843 -0.06917 -0.0677 -0.06421
93  5.197  0.001 0.0233 0.01622 0.01762 -0.03728 0.043 -0.1258
218  5.278  0.001 0.01932 0.0202 0.01754 0.008012 -0.05806 0.2175
35  5.279  0.001 0.0192 0.02139 0.01772 0.1195 -0.109 0.426
227  5.284  0.001 0.02132 0.01938 0.01744 0.04043 -0.04961 0.04544
175  5.29  0.001 0.02061 0.0232 0.01744 -0.0009584 0.009613 0.07039
46  5.303  0.001 0.02016 0.01504 0.01747 -0.06988 -0.008819 0.2238
109  5.307  0.001 0.01868 0.01596 0.01843 -0.04192 -0.091 -0.2947
256  5.31  0.001 0.01869 0.02271 0.01745 0.02713 -0.05804 0.2733
58  5.314  0.001 0.01752 0.02253 0.01746 -0.02485 -0.01314 0.149
299  5.316  0.001 0.01682 0.01581 0.01843 0.0571 0.08927 -0.1568
218  5.317  0.001 0.01964 0.01789 0.01843 0.008012 -0.05806 -0.1725
171  5.328  0.001 0.02039 0.02211 0.01747 -0.09521 -0.05224 0.2809
255  5.332  0.001 0.01848 0.01615 0.01843 -0.0429 -0.2285 -0.0411
58  5.335  0.001 0.017 0.02226 0.01843 -0.02485 -0.01314 -0.05566
46  5.344  0.001 0.01731 0.01468 0.01843 -0.06988 -0.008819 -0.1767
274  5.348  0.001 0.01798 0.0189 0.01843 -0.08381 -0.1371 -0.1002
256  5.362  0.001 0.0201 0.0197 0.01843 0.02713 -0.05804 -0.2354
64  5.373  0.001 0.0235 0.01854 0.01843 0.05774 -0.1109 -0.07184
171  5.374  0.001 0.02079 0.02272 0.01843 -0.05062 0.0142 -0.1088
213  5.375  0.001 0.02248 0.02099 0.01843 0.02786 -0.01235 -0.3016
119  5.436  0.001 0.02032 0.02098 0.01754 0.1149 0.1357 0.2866
88  5.437  0.001 0.01923 0.02006 0.0175 -0.1377 0.006773 0.3566
216  5.44  0.001 0.01863 0.02281 0.0176 -0.01875 -0.0157 0.1796
198  5.445  0.001 0.02128 0.0225 0.01749 0.1001 0.04535 0.07189
290  5.471  0.001 0.0188 0.02363 0.01766 -0.0825 4.37 5.863
216  5.471  0.001 0.01804 0.02232 0.01843 -0.01875 -0.0157 -0.1265
10  5.479  0.001 0.02012 0.01998 0.01745 0.06664 -0.005485 0.2013
192  5.487  0.001 0.0224 0.01551 0.01843 0.05775 -0.1081 -0.2114
129  5.496  0.001 0.02133 0.02336 0.01744 -0.05564 0.009182 0.2862
10  5.515  0.001 0.02247 0.01978 0.01843 0.06664 -0.005485 -0.1457
129  5.54  0.001 0.01669 0.02337 0.01843 -0.1062 -6.411e-05 -0.1955
141  5.541  0.001 0.01903 0.01913 0.01843 0.0007443 -0.07196 -0.2011
119  5.596  0.001 0.02411 0.0197 0.01771 -0.1265 -0.1008 0.04441
171  5.617  0.001 0.01922 0.02269 0.01843 -0.02048 0.04772 -0.2301
272  5.703  0.001 0.02209 0.01876 0.01843 0.04627 -0.06833 -0.1164
220  5.718  0.001 0.02208 0.02174 0.01749 0.006144 -0.02581 0.2123
167  5.72  0.001 0.0203 0.02333 0.01784 -0.112 0.005299 0.3421
172  5.727  0.001 0.02202 0.01723 0.01749 0.04009 -0.1283 0.03012
230  5.748  0.001 0.02021 0.02364 0.01843 -0.02766 0.1354 -0.232
220  5.756  0.001 0.02231 0.02075 0.01843 0.006144 -0.02581 -0.163
109  5.78  0.001 0.01924 0.01593 0.01843 0.04173 0.034 -0.0432
198  5.798  0.001 0.01993 0.0167 0.01843 -0.02132 -0.07942 -0.388
167  5.813  0.001 0.01475 0.0218 0.01754 0.002868 -0.01368 -0.01731
2  5.822  0.001 0.02293 0.02157 0.01775 0.1639 -0.06667 0.4328
243  5.825  0.001 0.02087 0.0226 0.01757 -0.006434 -0.1564 0.4045
120  5.827  0.001 0.02174 0.02204 0.01749 -0.01835 -0.05235 0.1767
120  5.863  0.001 0.02171 0.02 0.01843 0.001859 -0.05807 -0.1438
78  5.863  0.001 0.02145 0.02242 0.01843 0.01514 0.0007636 -0.132
121  5.92  0.001 0.01566 0.01756 0.01843 -0.07987 0.04004 -0.09315
243  5.923  0.001 0.02033 0.01411 0.01818 -0.003062 0.07989 -0.2776
2  5.936  0.001 0.02382 0.01723 0.0176 -0.09072 -0.1011 0.1116
204  5.95  0.001 0.01887 0.02194 0.01748 -0.06553 -0.03826 0.1005
78  5.971  0.001 0.02083 0.02262 0.01843 -0.006655 -0.02053 -0.161
227  6.108  0.001 0.02383 0.01812 0.01745 -0.1332 -0.1452 0.09096
186  6.131  0.001 0.01712 0.01983 0.01751 0.09312 0.002758 0.3255
298  6.135  0.001 0.02284 0.0194 0.01744 -0.09145 -0.05706 0.3349
42  6.141  0.001 0.02411 0.01969 0.01811 -0.09895 -0.01279 0.1738
132  6.146  0.001 0.02362 0.02066 0.01744 -0.06354 0.008954 0.05726
42  6.175  0.001 0.0208 0.01926 0.01843 -0.09895 -0.01279 -0.1546
60  6.189  0.001 0.01913 0.01742 0.01843 -0.08729 -0.03629 -0.2437
186  6.195  0.001 0.02302 0.02 0.01843 0.09312 0.002758 -0.2963
298   6.2  0.001 0.01688 0.01568 0.01843 -0.09145 -0.05706 -0.3043
141  6.22  0.001 0.01661 0.02268 0.01843 -0.08435 -0.008326 -0.1236
60  6.233  0.001 0.02021 0.01861 0.01843 -0.06086 0.1158 -0.01399
10  6.267  0.001 0.02089 0.0187 0.01843 -0.01278 0.04393 -0.1983
10  6.285  0.001 0.02056 0.01911 0.01843 -0.01832 0.01659 -0.02804
151  6.305  0.001 0.0182 0.02302 0.01754 0.357 -0.4243 1.661
241  6.306  0.001 0.01663 0.02118 0.01761 -0.001065 -1.149 1.397
289  6.306  0.001 0.01748 0.02153 0.01749 -0.1555 -0.7521 1.869
105  6.306  0.001 0.01898 0.0202 0.01747 0.08548 -0.2147 0.9827
207  6.306  0.001 0.01791 0.02017 0.01762 0.1828 -0.746 1.266
282  6.306  0.001 0.0173 0.01845 0.01745 -0.3439 -0.4307 0.5304
148  6.307  0.001 0.02004 0.01861 0.01745 0.2863 -0.1999 0.3645
116  6.307  0.001 0.01996 0.02089 0.01754 0.1803 -0.1031 0.8096
240  6.307  0.001 0.01919 0.02299 0.01747 0.2535 -0.2775 0.565
138  6.308  0.001 0.02031 0.02186 0.01745 0.06461 -0.08421 0.5872
230  6.308  0.001 0.02168 0.02278 0.01746 0.4028 -0.003304 0.2904
90  6.31  0.001 0.01849 0.01727 0.01748 0.03752 -0.1433 0.3457
165  6.31  0.001 0.01684 0.02256 0.0175 -0.1284 -0.2448 0.4704
117  6.311  0.001 0.01769 0.02271 0.01748 -0.06833 -0.1486 0.4491
146  6.312  0.001 0.01468 0.01979 0.01746 -0.009137 -0.3206 0.1953
101  6.313  0.001 0.02094 0.01681 0.01744 0.1113 -0.1203 0.08616
180  6.316  0.001 0.01812 0.01956 0.01744 0.04575 -0.2259 0.2041
276  6.318  0.001 0.01849 0.02181 0.01744 -0.07127 -0.1692 0.1555
297  6.338  0.001 0.02204 0.01627 0.01843 0.1459 -0.1895 -0.03967
276  6.341  0.001 0.01686 0.01793 0.01843 -0.07127 -0.1692 -0.06912
92  6.354  0.001 0.01799 0.01539 0.01843 -0.01559 0.07519 -0.2233
214  6.359  0.001 0.02208 0.01629 0.01843 0.08373 -0.1479 -0.2326
51  6.366  0.001 0.02295 0.0222 0.01843 0.05542 -0.0351 -0.2761
143  6.376  0.001 0.01898 0.01395 0.01801 -0.0772 0.0926 -0.1733
20  6.376  0.001 0.02045 0.01429 0.01843 -0.02458 0.1008 -0.2862
282  6.392  0.001 0.01753 0.01879 0.01843 -0.009798 0.08949 -0.4192
263  6.394  0.001 0.02384 0.01811 0.01746 -1.999 -3.458 1.897
69  6.394  0.001 0.02402 0.02022 0.01817 -0.8982 -1.311 3.005
53  6.395  0.001 0.02241 0.01522 0.01763 -0.03062 0.08988 -0.01695
239  6.421  0.001 0.01947 0.02033 0.01754 0.002197 -0.4644 0.6556
82  6.429  0.001 0.01564 0.02158 0.01746 -0.0689 -0.144 0.1717
194  6.429  0.001 0.01442 0.0204 0.01748 -0.119 -0.1868 0.1158
82  6.449  0.001 0.01429 0.01868 0.01843 -0.06307 -0.1486 -0.1688
273  6.45  0.001 0.02265 0.02046 0.01843 -0.07178 0.1769 -0.3505
26  6.456  0.001 0.01568 0.01916 0.01843 0.09784 -0.02916 -0.1871
138  6.466  0.001 0.02414 0.01874 0.01783 -0.05378 0.1661 0.02744
75  6.468  0.001 0.02143 0.01453 0.01766 -0.09757 0.1923 -0.444
19  6.484  0.001 0.01993 0.02355 0.01843 0.002519 -0.001136 -0.2797
273  6.489  0.001 0.02003 0.02214 0.01843 -0.06798 0.03194 -0.1388
271  6.542  0.001 0.01894 0.0222 0.01744 -0.1896 -0.09425 0.2091
271  6.595  0.001 0.01396 0.01934 0.01761 0.0626 0.01172 -0.1679
253  6.602  0.001 0.02266 0.01952 0.01745 -1.588 -2.121 2.07
148  6.602  0.001 0.02346 0.01851 0.01743 -0.1427 -1.338 1.297
71  6.602  0.001 0.02356 0.02145 0.01777 -0.9811 -0.6282 2.749
23  6.604  0.001 0.01973 0.01572 0.01745 -0.8652 -1.259 0.489
4  6.615  0.001 0.02111 0.01657 0.01744 -0.001401 -0.0006856 0.1238
186  6.679  0.001 0.01945 0.02016 0.01843 0.1796 0.09605 -0.4939
6  6.727  0.001 0.01589 0.01505 0.01742 0.0604 0.1797 -0.3049
180  6.735  0.001 0.02149 0.01783 0.01744 -0.0635 -0.1005 0.1136
186  6.81  0.001 0.01709 0.0169 0.01843 -0.05307 -0.07317 -0.3535
243  6.946  0.001 0.01618 0.01575 0.01748 -0.1342 0.1119 0.4312
90  6.952  0.001 0.02004 0.01439 0.01744 0.06904 -0.01116 0.1131
6  6.958  0.001 0.01521 0.01788 0.01843 -0.1064 -0.174 -0.01378
92  6.989  0.001 0.02027 0.02069 0.01843 0.02114 -0.03136 -0.2208
160  7.053  0.001 0.01499 0.0193 0.01762 -0.09991 -0.342 0.4422
209  7.059  0.001 0.01698 0.02231 0.01764 0.1689 -0.04285 0.2584
235  7.088  0.001 0.02186 0.0207 0.0175 0.1244 -0.2527 0.548
271  7.089  0.001 0.01474 0.02005 0.01843 -0.03445 -0.04541 -0.121
209  7.121  0.001 0.02411 0.01972 0.01775 -0.06728 -0.03729 -0.1396
23  7.256  0.001 0.01893 0.02009 0.0176 -0.02122 -0.199 0.1084
230  7.304  0.001 0.02205 0.02073 0.01778 -0.3516 -1.649 2.482
79  7.304  0.001 0.02262 0.0222 0.0177 -0.1626 -0.395 2.178
266  7.354  0.001 0.02136 0.02024 0.0177 0.08002 -0.234 0.1946
70  7.369  0.001 0.02116 0.02116 0.01843 -0.03926 -0.006352 -0.2916
92  7.387  0.001 0.02271 0.0172 0.01843 0.07167 -0.1296 -0.1492
155  7.392  0.001 0.01579 0.01763 0.01843 -0.08041 -0.1586 -0.2032
266  7.396  0.001 0.02258 0.01536 0.01829 -0.04356 0.05292 -0.1553
75  7.412  0.001 0.01569 0.02171 0.01783 0.02399 -0.164 0.3528
217  7.415  0.001 0.01665 0.02284 0.01758 0.02506 -0.02304 0.2348
209  7.441  0.001 0.01978 0.014 0.0171 -0.1379 0.07799 -0.1357
70  7.449  0.001 0.02096 0.01432 0.01816 -0.0009376 0.06604 -0.2465
217  7.459  0.001 0.01775 0.02183 0.01843 0.02506 -0.02304 -0.196
75  7.501  0.001 0.01819 0.01402 0.01737 0.0372 0.06958 -0.2855
188  7.607  0.001 0.02385 0.02078 0.01774 -1.276 1.063 1.574
189  7.619  0.001 0.02008 0.01441 0.01745 -0.2538 -0.04157 0.1284
174  7.62  0.001 0.01855 0.01939 0.01744 0.02535 -0.0983 0.03227
262  7.622  0.001 0.02387 0.02072 0.01833 -0.1722 -0.07476 0.4931
242  7.661  0.001 0.02379 0.02072 0.01843 -0.02599 0.03336 -0.07568
283  7.667  0.001 0.01565 0.02133 0.01843 -0.2641 0.01326 -0.1253
209  7.71  0.001 0.01812 0.01413 0.01843 0.01822 0.1188 -0.3952
298  7.714  0.001 0.02006 0.02218 0.01745 0.1813 0.08637 0.5671
269  7.72  0.001 0.01999 0.02016 0.01751 0.03645 -0.07293 0.1484
146  7.727  0.001 0.02091 0.02227 0.01752 0.08645 0.0296 0.08965
4  7.729  0.001 0.01602 0.01495 0.01724 0.1555 0.06985 -0.2935
269  7.742  0.001 0.02078 0.01859 0.01843 0.03645 -0.07293 -0.06336
115  7.749  0.001 0.02282 0.02056 0.01749 0.8029 -1.074 1.063
163  7.75  0.001 0.0211 0.02022 0.0175 -0.05543 -0.1741 0.451
117  7.751  0.001 0.01995 0.02156 0.01748 0.09869 -3.117e-05 0.5473
20  7.751  0.001 0.0213 0.02233 0.01747 0.2051 -0.08586 0.7009
35  7.754  0.001 0.01901 0.0162 0.01743 -0.2276 -0.4356 0.08845
279  7.76  0.001 0.02324 0.01896 0.01743 0.006588 -0.2388 0.07706
174  7.778  0.001 0.01661 0.01519 0.01843 -0.07878 0.006922 -0.0582
146  7.779  0.001 0.02038 0.0235 0.01843 -0.03571 -0.1049 -0.2178
159  7.787  0.001 0.01692 0.02154 0.01843 -0.05524 0.01859 -0.123
129   7.8  0.001 0.02079 0.01535 0.01843 0.01962 -0.1594 -0.1905
217  7.856  0.001 0.02109 0.02278 0.01751 0.1864 -0.0163 0.3837
117  7.874  0.001 0.02405 0.02007 0.0178 -0.1347 -0.05527 -0.4683
169  7.909  0.001 0.0166 0.01457 0.01757 0.08492 0.03842 -0.1965
20  7.933  0.001 0.02381 0.0172 0.0177 -0.04463 -0.03305 0.06387
257  7.953  0.001 0.01503 0.01833 0.01843 0.07943 0.03112 -0.2438
131  7.965  0.001 0.0217 0.02123 0.01761 0.02014 -0.1234 0.5131
28  7.98  0.001 0.0195 0.02118 0.01784 -0.02318 -0.1722 0.5384
195  7.986  0.001 0.02022 0.02303 0.01764 -0.08671 -0.0326 0.2478
46  8.016  0.001 0.02282 0.01562 0.01728 -0.0396 0.03353 -0.2144
195  8.033  0.001 0.01614 0.02149 0.01843 -0.08671 -0.0326 -0.2141
298  8.089  0.001 0.02271 0.02098 0.01757 0.001375 -0.1175 0.09718
268  8.094  0.001 0.01988 0.02198 0.01748 -0.1197 -0.05059 0.06027
64  8.103  0.001 0.01906 0.02259 0.01781 -0.2738 -0.2644 0.6124
223  8.104  0.001 0.02014 0.02156 0.01759 -0.06103 -0.1041 0.3429
74  8.11  0.001 0.01963 0.02412 0.01808 0.01857 -0.07766 -0.1055
293  8.115  0.001 0.01928 0.02207 0.01749 -0.4486 -0.09115 0.4314
156  8.116  0.001 0.02122 0.02271 0.01767 0.1737 0.1648 0.5979
214  8.119  0.001 0.01962 0.02127 0.01745 -0.2696 0.0415 0.2685
198  8.172  0.001 0.01571 0.01868 0.01843 -0.04922 -0.07713 -0.2333
223  8.178  0.001 0.01633 0.01473 0.01779 0.07644 0.06493 -0.06016
64  8.233  0.001 0.01516 0.01575 0.01739 0.1849 0.01639 -0.1937
156  8.263  0.001 0.02175 0.02175 0.01744 -0.05696 -0.04737 0.07535
235  8.424  0.001 0.02382 0.02079 0.01763 -1.321 0.3681 2.379
26  8.458  0.001 0.02028 0.02209 0.01767 -0.3256 -0.3827 0.786
90  8.461  0.001 0.02289 0.02228 0.01755 0.14 -0.1794 0.3102
49  8.548  0.001 0.01694 0.0225 0.01783 -1.167 -0.5911 1.881
264  8.552  0.001 0.02195 0.02183 0.01745 -0.1026 0.06498 0.1707
264  8.58  0.001 0.01913 0.02361 0.01843 -0.1026 0.06498 -0.09944
24  8.637  0.001 0.02264 0.01984 0.01757 -2.462 -2.524 3.226
125  8.64  0.001 0.0231 0.02013 0.01747 -0.3676 -0.3911 0.6225
129  8.641  0.001 0.0155 0.01637 0.01843 -0.01329 -0.07495 -0.4294
156  8.687  0.001 0.0232 0.01882 0.01843 0.2156 -0.1789 -0.01161
264  8.715  0.001 0.02274 0.01553 0.01741 -0.09355 0.03873 -0.1096
266  8.721  0.001 0.02343 0.01998 0.01783 0.003002 -0.1395 0.2591
21  8.778  0.001 0.0227 0.02027 0.01776 -11.85 -4.047 14.34
186  8.782  0.001 0.01912 0.02293 0.01743 0.04285 0.1628 0.1452
258  8.879  0.001 0.02139 0.02263 0.01751 -0.1176 -0.05097 0.2013
217  8.89  0.001 0.0214 0.0226 0.01786 -0.5856 -0.4053 1.676
258  8.897  0.001 0.01635 0.0223 0.01843 -0.6394 0.04841 -0.1661
216  8.935  0.001 0.01601 0.02087 0.01843 -0.1138 -0.03545 -0.1602
180  8.951  0.001 0.02368 0.02096 0.01757 -1.134 -0.1317 0.7098
82  9.025  0.001 0.02374 0.01703 0.01803 -0.09074 0.101 -0.3999
180  9.055  0.001 0.01844 0.0179 0.01843 0.08779 -0.01628 -0.5287
186  9.063  0.001 0.01756 0.02286 0.01755 -0.07102 -0.04244 0.2056
214  9.063  0.001 0.0167 0.02123 0.01743 -0.06085 -0.1889 0.2101
186   9.1  0.001 0.01492 0.02129 0.01843 -0.07102 -0.04244 -0.1582
214  9.114  0.001 0.01563 0.01527 0.01775 0.05444 0.02234 -0.1546
194  9.294  0.001 0.0209 0.02377 0.01843 0.0132 0.05975 -0.1721
19  9.309  0.001 0.01676 0.02233 0.01762 -0.1503 -0.1082 0.2874
146  9.334  0.001 0.02037 0.01478 0.01843 -0.02387 -0.006359 -0.2258
113  9.482  0.001 0.02029 0.02274 0.01763 -0.08612 -0.002302 0.2194
113  9.523  0.001 0.01678 0.02264 0.01843 -0.08612 -0.002302 -0.1803
40  9.525  0.001 0.02273 0.02217 0.01761 -0.3799 0.2342 0.5593
163  9.583  0.001 0.0211 0.02262 0.01758 -0.1129 -0.111 0.5002
266  9.664  0.001 0.02336 0.02022 0.01765 0.1182 -0.8975 1.261
239  9.665  0.001 0.02371 0.01835 0.01767 0.1724 -1.279 1.094
90  9.668  0.001 0.02365 0.01994 0.01744 -0.07388 -0.5007 0.4893
194  9.67  0.001 0.02163 0.02245 0.01752 -0.06139 -0.09958 0.3695
110  9.67  0.001 0.02264 0.01603 0.01743 -0.2441 -0.05571 0.1537
270  9.675  0.001 0.02397 0.0177 0.01785 -0.1028 0.006946 0.05484
147  9.683  0.001 0.02276 0.02036 0.01744 0.01087 -0.1949 0.09973
110  9.692  0.001 0.01724 0.0148 0.01843 -0.2441 -0.05571 -0.06326
194  9.742  0.001 0.01716 0.01521 0.01843 -0.06139 -0.09958 -0.3444
264  10.1  0.001 0.01861 0.02262 0.0177 -1.1 -0.09127 1.358
112  10.1  0.001 0.02045 0.02266 0.01754 -0.06671 -0.103 0.2848
298  10.13  0.001 0.01815 0.02407 0.01743 0.2028 -0.1162 -0.3681
112  10.16  0.001 0.0168 0.01703 0.01843 -0.06671 -0.103 -0.2521
186  10.19  0.001 0.01555 0.01534 0.0173 0.1455 0.08346 -0.2907
26  10.27  0.001 0.02168 0.02138 0.01745 0.1598 -0.1582 0.5177
161  10.27  0.001 0.02005 0.02179 0.01763 -0.1005 -0.3335 0.4361
28  10.28  0.001 0.02106 0.02116 0.0175 0.09778 -0.05781 0.1702
28  10.3  0.001 0.02378 0.01955 0.01843 0.09778 -0.05781 -0.1031
254  10.59  0.001 0.02129 0.02205 0.01769 -0.9068 0.1523 1.216
42  10.59  0.001 0.02209 0.02153 0.01781 0.3766 -0.2767 2.399
262  10.59  0.001 0.02113 0.02038 0.01753 0.142 -0.5848 1.354
131  10.59  0.001 0.02232 0.01931 0.01746 0.1906 -0.6754 0.7529
275  10.59  0.001 0.02327 0.02119 0.01759 0.4695 -0.2838 1.217
165  10.59  0.001 0.02213 0.01582 0.01751 0.4211 -1.825 0.6842
121  10.59  0.001 0.0206 0.02329 0.01751 -0.1625 -0.05736 0.6358
243  10.61  0.001 0.02416 0.01906 0.01792 -0.0154 -0.2372 0.02211
279  10.65  0.001 0.01891 0.01395 0.01838 0.01293 0.0696 -0.1238
40  10.66  0.001 0.01713 0.02017 0.01771 0.07434 -0.6319 0.6884
134  10.67  0.001 0.02 0.02059 0.01749 -0.1182 -0.1455 0.1426
134  10.68  0.001 0.01777 0.01785 0.01843 -0.1182 -0.1455 -0.04246
98  10.73  0.001 0.02255 0.02125 0.01763 0.4104 -0.1632 1.032
88  10.74  0.001 0.01586 0.02195 0.01758 -0.4491 -0.2785 0.5753
88  10.89  0.001 0.0173 0.01426 0.01717 0.1333 0.1517 -0.3957
121  11.07  0.001 0.01429 0.02065 0.01763 -0.2851 -0.2754 0.1889
273  11.12  0.001 0.02291 0.01972 0.01744 -0.162 -0.155 0.2147
273  11.17  0.001 0.01674 0.0145 0.0179 0.0116 0.0677 -0.09762
182  11.26  0.001 0.01708 0.02279 0.01756 -0.2144 0.02234 0.2507
147  11.27  0.001 0.01983 0.02057 0.01745 0.09292 -0.1313 0.09567
137  11.27  0.001 0.01971 0.01917 0.01744 0.05 -0.1594 0.07005
82  11.29  0.001 0.01776 0.0226 0.01754 0.0217 -0.1762 0.3708
82  11.37  0.001 0.01891 0.01403 0.01843 -0.006153 0.07755 -0.2617
271  11.4  0.001 0.02183 0.02183 0.01744 -1.582 0.06013 1.173
172  11.44  0.001 0.01993 0.02136 0.01764 -5.626 -2.086 2.705
178  11.49  0.001 0.0205 0.02222 0.01747 -0.0619 -0.139 0.2913
90  11.5  0.001 0.01959 0.02283 0.0175 0.05799 -0.05929 0.4108
180  11.54  0.001 0.02054 0.01826 0.01843 0.02452 -0.06524 -0.1781
178  11.55  0.001 0.01704 0.01445 0.01843 -0.0619 -0.139 -0.2569
101  11.77  0.001 0.02122 0.02365 0.01843 0.01347 0.008645 -0.2029
268  11.83  0.001 0.01946 0.02376 0.01757 -1.513 0.5733 1.052
163  11.85  0.001 0.01834 0.02301 0.0175 -0.1664 -0.05763 0.2537
189  12.16  0.001 0.02415 0.01921 0.01747 -0.1339 -0.1177 0.01495
134  12.28  0.001 0.0217 0.01725 0.01843 0.0525 -0.08905 -0.3033
269  12.58  0.001 0.02146 0.02189 0.01752 -8.638 -2.326 8.825
14  12.6  0.001 0.01496 0.0221 0.01775 -0.06215 -0.1186 0.05193
121  12.61  0.001 0.02002 0.02052 0.01757 0.08144 -0.4723 0.5908
165  12.61  0.001 0.01851 0.0236 0.01752 -0.06949 0.01769 0.4571
121  12.76  0.001 0.02183 0.01583 0.0175 0.08736 0.1262 0.4391
19  12.77  0.001 0.01967 0.02125 0.01746 -0.07687 0.3629 0.1135
180  13.14  0.001 0.02341 0.02025 0.01763 0.0198 -0.1108 0.4063
293  13.14  0.001 0.0229 0.0174 0.01753 0.173 -0.4798 0.2286
161  13.5  0.001 0.02331 0.02105 0.0177 0.2421 -0.5644 1.175
40  13.5  0.001 0.02246 0.02267 0.01752 -0.3742 0.1339 1.598
163  13.77  0.001 0.01748 0.02088 0.01748 0.006198 -0.2269 0.2198
163  13.82  0.001 0.01815 0.01403 0.0183 0.02617 0.05956 -0.1368
257  13.83  0.001 0.01684 0.02365 0.01749 0.02571 -0.06135 -0.2758
125  14.14  0.001 0.02155 0.0199 0.01761 0.2545 -0.3921 0.7089
125  14.31  0.001 0.02155 0.0146 0.01757 -0.1187 0.1835 -0.4738
182  14.38  0.001 0.02394 0.01925 0.01749 0.05759 -0.3312 0.2911
180  14.38  0.001 0.02389 0.01871 0.01749 0.005085 -0.2279 0.1292
227  14.78  0.001 0.01507 0.02222 0.01843 0.008945 -0.06466 -0.1575
174  14.78  0.001 0.01868 0.02292 0.01764 0.05562 -0.02052 0.2133
174  14.82  0.001 0.02086 0.02211 0.01843 0.05562 -0.02052 -0.1729
274  14.97  0.001 0.01706 0.02145 0.01757 -0.3063 -0.3852 0.3998
182  15.05  0.001 0.02397 0.0204 0.01765 -0.1854 0.1412 0.0188
20  15.12  0.001 0.02316 0.02111 0.01761 -1.507 -0.3987 1.496
74  15.7  0.001 0.02412 0.01966 0.01786 -0.1146 -0.3509 0.1717
258  15.75  0.001 0.0193 0.02277 0.01749 -0.7768 0.108 0.291
165  15.88  0.001 0.0174 0.01987 0.0176 -0.09197 -0.434 0.3037
165  15.93  0.001 0.01826 0.01454 0.01843 0.06944 0.05529 -0.252
19  16.53  0.001 0.02094 0.02179 0.01773 0.02101 -0.802 2.216
180  16.54  0.001 0.02222 0.02156 0.0175 0.1728 -0.3531 0.3993
296  16.54  0.001 0.02204 0.02032 0.01745 0.02473 -0.2024 0.2127
226  16.6  0.001 0.0181 0.01488 0.01748 -0.03179 0.04169 0.1396
226  16.62  0.001 0.01755 0.0156 0.01843 -0.03179 0.04169 -0.02976
273  16.63  0.001 0.01817 0.01561 0.01843 -0.06018 0.009562 -0.2456
194  17.29  0.001 0.02384 0.02067 0.01779 -0.7496 -1.528 5.022
88  17.39  0.001 0.01593 0.02124 0.01751 -0.4373 -0.4225 0.4236
274  17.79  0.001 0.02144 0.01674 0.01772 -0.05376 0.1522 0.3093
274  17.86  0.001 0.01871 0.02402 0.01843 0.01811 -0.07897 -0.151
88  18.09  0.001 0.01524 0.01595 0.0176 -0.5366 0.2029 0.4877
256  18.35  0.001 0.0178 0.01654 0.01745 -0.05304 0.08261 0.1119
293  18.61  0.001 0.01442 0.02058 0.01752 -0.3711 -0.3025 0.2187
2  18.86  0.001 0.02249 0.01537 0.01773 0.05597 -0.04997 0.4209
279  18.86  0.001 0.02282 0.018 0.01748 0.001676 0.1206 0.08548
2  18.95  0.001 0.02359 0.0176 0.01748 -0.03003 0.02253 0.1032
227  18.97  0.001 0.01889 0.02405 0.01843 -0.02659 -0.07103 -0.1634
258    19  0.001 0.02122 0.01726 0.01764 -0.07211 0.187 0.2912
258  19.07  0.001 0.01841 0.02411 0.01819 0.0178 -0.06261 -0.2256
257  19.52  0.001 0.01787 0.0152 0.01751 -0.06464 0.03901 0.2349
257  19.57  0.001 0.01505 0.0169 0.01843 -0.06464 0.03901 -0.1926
293  19.92  0.001 0.01917 0.01669 0.01749 0.5837 0.8977 0.9782
88  20.21  0.001 0.02091 0.01891 0.01757 -0.07524 0.2556 0.189
88  20.25  0.001 0.01936 0.02414 0.01841 0.01918 -0.06807 -0.1317
129  21.98  0.001 0.01796 0.01528 0.01767 -0.05702 0.03762 0.1699
129  22.01  0.001 0.01629 0.01638 0.01843 -0.05702 0.03762 -0.1178
257  22.17  0.001 0.01594 0.01954 0.01843 -0.06459 0.08255 -0.1937
293  22.44  0.001 0.02004 0.01521 0.01778 -0.09954 0.04502 0.3163
129  23.2  0.001 0.01491 0.01733 0.01843 -0.06562 0.04507 -0.2013
293  24.79  0.001 0.01807 0.02282 0.01744 -0.1061 -0.0451 0.03519
257  24.93  0.001 0.01615 0.01843 0.01843 -0.06499 0.04776 -0.3191
