# ID time  diameter x y z u v w  (ex ey ez, color)
34  0.01772  0.001 0.01639 0.01987 0.01843    0    0 -0.03
27  0.03207  0.001 0.01913 0.02014 0.01843    0    0 -0.03
9  0.03712  0.001 0.02059 0.02017 0.01843    0    0 -0.03
60  0.04095  0.001 0.01791 0.02168 0.01843    0    0 -0.03
76  0.04926  0.001 0.01562 0.02101 0.01843    0    0 -0.03
21  0.05415  0.001 0.01711 0.01814 0.01843    0    0 -0.03
13  0.05477  0.001 0.01463 0.01945 0.01843    0    0 -0.03
7  0.06137  0.001 0.01673 0.01615 0.01843    0    0 -0.03
17  0.06867  0.001 0.02091 0.02027 0.01843    0    0 -0.03
43  0.06899  0.001 0.01482 0.01777 0.01843    0    0 -0.03
24  0.08593  0.001 0.01754 0.01674 0.01843    0    0 -0.03
52  0.09706  0.001 0.01943 0.02314 0.01843    0    0 -0.03
40  0.1065  0.001 0.0216 0.01895 0.01843    0    0 -0.03
61  0.1141  0.001 0.01517 0.01768 0.01843    0    0 -0.03
45  0.1198  0.001 0.02211 0.02042 0.01843    0    0 -0.03
20  0.1227  0.001 0.01962 0.01486 0.01843    0    0 -0.03
18  0.1322  0.001 0.01952 0.02012 0.01843    0    0 -0.03
33  0.1335  0.001 0.02169 0.01713 0.01843    0    0 -0.03
1  0.1359  0.001 0.02081 0.01787 0.01843    0    0 -0.03
58  0.1404  0.001 0.01666 0.02269 0.01843    0    0 -0.03
12  0.1457  0.001 0.01826 0.02318 0.01843    0    0 -0.03
25  0.1463  0.001 0.01985 0.01664 0.01843    0    0 -0.03
36  0.1542  0.001 0.02103 0.02112 0.01843    0    0 -0.03
5  0.1691  0.001 0.01997 0.01562 0.01843    0    0 -0.03
2  0.1705  0.001 0.01628 0.01757 0.01843    0    0 -0.03
10  0.1915  0.001 0.01808 0.02272 0.01843    0    0 -0.03
53  0.1966  0.001 0.02289 0.02038 0.01843    0    0 -0.03
62  0.2047  0.001 0.02153 0.02145 0.01843    0    0 -0.03
23  0.2084  0.001 0.01723 0.01959 0.01843    0    0 -0.03
39  0.211  0.001 0.02185 0.01815 0.01843    0    0 -0.03
42  0.2205  0.001 0.02035 0.01736 0.01843    0    0 -0.03
49  0.2219  0.001 0.01769 0.01745 0.01843    0    0 -0.03
57  0.2366  0.001 0.01552 0.01988 0.01843    0    0 -0.03
19  0.239  0.001 0.01712 0.02242 0.01843    0    0 -0.03
80  0.247  0.001 0.01688 0.0213 0.01843    0    0 -0.03
32  0.2608  0.001 0.01888 0.02229 0.01843    0    0 -0.03
74  0.2679  0.001 0.01815 0.02297 0.01843    0    0 -0.03
70  0.2714  0.001 0.02335 0.02054 0.01843    0    0 -0.03
30  0.2762  0.001 0.01971 0.02318 0.01843    0    0 -0.03
85  0.2773  0.001 0.01688 0.01696 0.01843    0    0 -0.03
41  0.2828  0.001 0.01653 0.01864 0.01843    0    0 -0.03
35  0.2869  0.001 0.0186 0.01972 0.01843    0    0 -0.03
6  0.2877  0.001 0.01482 0.01773 0.01843    0    0 -0.03
64  0.2923  0.001 0.02031 0.01563 0.01843    0    0 -0.03
54  0.2998  0.001 0.01829 0.02213 0.01843    0    0 -0.03
38  0.3152  0.001 0.01873 0.0173 0.01843    0    0 -0.03
82  0.3211  0.001 0.01999 0.02003 0.01843    0    0 -0.03
28  0.3241  0.001 0.01948 0.01647 0.01843    0    0 -0.03
50  0.3318  0.001 0.02131 0.02105 0.01843    0    0 -0.03
31  0.3445  0.001 0.01766 0.0201 0.01843    0    0 -0.03
29  0.3449  0.001 0.01702 0.01859 0.01843    0    0 -0.03
65  0.3493  0.001 0.02053 0.01565 0.01843    0    0 -0.03
81  0.3554  0.001 0.02044 0.01858 0.01843    0    0 -0.03
4  0.3573  0.001 0.01626 0.01686 0.01843    0    0 -0.03
68  0.3684  0.001 0.0222 0.02101 0.01843    0    0 -0.03
77  0.3696  0.001 0.01958 0.02208 0.01843    0    0 -0.03
37  0.3704  0.001 0.01944 0.01617 0.01843    0    0 -0.03
47  0.3822  0.001 0.02229 0.01842 0.01843    0    0 -0.03
59  0.3846  0.001 0.02068 0.01794 0.01843    0    0 -0.03
8  0.39  0.001 0.02325 0.01895 0.01843    0    0 -0.03
16  0.3921  0.001 0.0164 0.01659 0.01843    0    0 -0.03
3  0.3979  0.001 0.02304 0.02012 0.01843    0    0 -0.03
69  0.4002  0.001 0.0174 0.0211 0.01843    0    0 -0.03
79  0.4043  0.001 0.02127 0.02095 0.01843    0    0 -0.03
85  0.4064  0.001 0.02158 0.01462 0.01748 -0.04536 0.06828 -0.1616
14  0.409  0.001 0.01703 0.02308 0.01843    0    0 -0.03
11  0.4182  0.001 0.01504 0.01872 0.01843    0    0 -0.03
83  0.4277  0.001 0.01894 0.01545 0.01843    0    0 -0.03
51  0.4278  0.001 0.01577 0.01801 0.01843    0    0 -0.03
66  0.4369  0.001 0.02205 0.01867 0.01843    0    0 -0.03
44  0.4394  0.001 0.01863 0.01723 0.01843    0    0 -0.03
15  0.4411  0.001 0.02053 0.01703 0.01843    0    0 -0.03
46  0.4469  0.001 0.01998 0.02162 0.01843    0    0 -0.03
75  0.4525  0.001 0.01804 0.0197 0.01843    0    0 -0.03
56  0.457  0.001 0.0234 0.01844 0.01843    0    0 -0.03
73  0.4616  0.001 0.01833 0.02209 0.01843    0    0 -0.03
48  0.4689  0.001 0.02045 0.01485 0.01843    0    0 -0.03
55  0.4808  0.001 0.02214 0.02212 0.01843    0    0 -0.03
72  0.4897  0.001 0.01511 0.01696 0.01843    0    0 -0.03
26  0.4913  0.001 0.01705 0.02098 0.01843    0    0 -0.03
78  0.4915  0.001 0.0198 0.02115 0.01843    0    0 -0.03
84  0.499  0.001 0.01984 0.01551 0.01843    0    0 -0.03
67  0.4993  0.001 0.02234 0.01837 0.01843    0    0 -0.03
22  0.5026  0.001 0.01862 0.01522 0.01843    0    0 -0.03
71  0.509  0.001 0.01692 0.01946 0.01843    0    0 -0.03
63  0.5135  0.001 0.02206 0.02045 0.01843    0    0 -0.03
162  0.5229  0.001 0.01816 0.02008 0.01843    0    0 -0.03
107  0.5265  0.001 0.01501 0.0202 0.01843    0    0 -0.03
159  0.5285  0.001 0.017 0.02139 0.01843    0    0 -0.03
148  0.5291  0.001 0.01837 0.0211 0.01843    0    0 -0.03
91  0.5337  0.001 0.01659 0.02234 0.01843    0    0 -0.03
123  0.5356  0.001 0.02023 0.02212 0.01843    0    0 -0.03
121  0.5381  0.001 0.02036 0.01752 0.01843    0    0 -0.03
97  0.5535  0.001 0.01697 0.01686 0.01843    0    0 -0.03
109  0.5542  0.001 0.02163 0.01831 0.01843    0    0 -0.03
153  0.5544  0.001 0.0201 0.01543 0.01843    0    0 -0.03
139  0.5562  0.001 0.01795 0.01557 0.01843    0    0 -0.03
143  0.5631  0.001 0.01952 0.01848 0.01843    0    0 -0.03
108  0.5639  0.001 0.01872 0.02302 0.01843    0    0 -0.03
110  0.572  0.001 0.0202 0.02018 0.01843    0    0 -0.03
114  0.573  0.001 0.01545 0.0212 0.01843    0    0 -0.03
67  0.5787  0.001 0.0204 0.01711 0.01843 -0.0882 -0.9361 -0.3788
111  0.5976  0.001 0.01617 0.01891 0.01843    0    0 -0.03
126  0.5988  0.001 0.02111 0.01615 0.01843    0    0 -0.03
103  0.6077  0.001 0.01883 0.0192 0.01843    0    0 -0.03
105  0.6083  0.001 0.01871 0.02356 0.01843    0    0 -0.03
87  0.6105  0.001 0.0211 0.02097 0.01843    0    0 -0.03
169  0.6111  0.001 0.01485 0.01799 0.01843    0    0 -0.03
106  0.618  0.001 0.01616 0.01567 0.01843    0    0 -0.03
90  0.6346  0.001 0.01611 0.01765 0.01843    0    0 -0.03
135  0.636  0.001 0.02157 0.02285 0.01843    0    0 -0.03
166  0.6428  0.001 0.01809 0.02195 0.01843    0    0 -0.03
170  0.649  0.001 0.01517 0.02014 0.01843    0    0 -0.03
153  0.6543  0.001 0.01837 0.02146 0.01843 0.1698 0.2461 -0.217
63  0.6556  0.001 0.01615 0.02323 0.01843 -0.09419 0.07106 -0.2186
136  0.6719  0.001 0.02107 0.01709 0.01843    0    0 -0.03
119  0.6764  0.001 0.02296 0.01804 0.01843    0    0 -0.03
117  0.6768  0.001 0.01763 0.0152 0.01843    0    0 -0.03
124  0.6784  0.001 0.01871 0.01898 0.01843    0    0 -0.03
122  0.6788  0.001 0.0216 0.01586 0.01843    0    0 -0.03
165  0.6889  0.001 0.02181 0.01962 0.01843    0    0 -0.03
158  0.7124  0.001 0.01647 0.02102 0.01843    0    0 -0.03
161  0.7127  0.001 0.02088 0.01981 0.01843    0    0 -0.03
96  0.7185  0.001 0.02038 0.02328 0.01843    0    0 -0.03
115  0.7248  0.001 0.0173 0.0233 0.01843    0    0 -0.03
168  0.7261  0.001 0.01543 0.01798 0.01843    0    0 -0.03
149  0.7397  0.001 0.01884 0.02237 0.01843    0    0 -0.03
132  0.7423  0.001 0.01968 0.01637 0.01843    0    0 -0.03
130  0.7485  0.001 0.02047 0.0195 0.01843    0    0 -0.03
118  0.7492  0.001 0.01842 0.02092 0.01843    0    0 -0.03
156  0.7499  0.001 0.0196 0.0204 0.01843    0    0 -0.03
129  0.751  0.001 0.02085 0.02051 0.01843    0    0 -0.03
141  0.7534  0.001 0.01864 0.01738 0.01843    0    0 -0.03
116  0.7593  0.001 0.01616 0.02247 0.01843    0    0 -0.03
131  0.7609  0.001 0.01603 0.01891 0.01843    0    0 -0.03
150  0.765  0.001 0.01709 0.01522 0.01843    0    0 -0.03
164  0.7661  0.001 0.02194 0.01688 0.01843    0    0 -0.03
93  0.7689  0.001 0.01747 0.0199 0.01843    0    0 -0.03
151  0.774  0.001 0.01953 0.01867 0.01843    0    0 -0.03
100  0.7819  0.001 0.01822 0.02322 0.01843    0    0 -0.03
95  0.7848  0.001 0.01789 0.01638 0.01843    0    0 -0.03
138  0.7878  0.001 0.02025 0.01536 0.01843    0    0 -0.03
137  0.7951  0.001 0.02356 0.01891 0.01843    0    0 -0.03
142  0.8027  0.001 0.01684 0.01964 0.01843    0    0 -0.03
102  0.8077  0.001 0.01587 0.0178 0.01843    0    0 -0.03
104  0.8119  0.001 0.01737 0.02071 0.01843    0    0 -0.03
98  0.8256  0.001 0.0159 0.02084 0.01843    0    0 -0.03
92  0.8275  0.001 0.01847 0.02193 0.01843    0    0 -0.03
113  0.8296  0.001 0.01747 0.01859 0.01843    0    0 -0.03
163  0.8364  0.001 0.0183 0.01678 0.01843    0    0 -0.03
160  0.8446  0.001 0.01984 0.02264 0.01843    0    0 -0.03
152  0.8566  0.001 0.0162 0.01826 0.01843    0    0 -0.03
145  0.8648  0.001 0.02314 0.01765 0.01843    0    0 -0.03
144  0.865  0.001 0.01759 0.02117 0.01843    0    0 -0.03
99  0.8721  0.001 0.02262 0.01886 0.01843    0    0 -0.03
112  0.875  0.001 0.01639 0.01582 0.01843    0    0 -0.03
127  0.8768  0.001 0.01744 0.01849 0.01843    0    0 -0.03
94  0.8885  0.001 0.02043 0.02121 0.01843    0    0 -0.03
154  0.9074  0.001 0.0228 0.02163 0.01843    0    0 -0.03
125  0.9214  0.001 0.02183 0.01624 0.01843    0    0 -0.03
86  0.9301  0.001 0.01595 0.01801 0.01843    0    0 -0.03
157  0.9337  0.001 0.01488 0.01786 0.01843    0    0 -0.03
120  0.9463  0.001 0.01754 0.02335 0.01843    0    0 -0.03
134  0.953  0.001 0.01898 0.02029 0.01843    0    0 -0.03
88  0.9595  0.001 0.01851 0.01681 0.01843    0    0 -0.03
167  0.9712  0.001 0.01495 0.01817 0.01843    0    0 -0.03
101  0.9821  0.001 0.02119 0.02175 0.01843    0    0 -0.03
89  0.9882  0.001 0.01888 0.02231 0.01843    0    0 -0.03
147  0.9978  0.001 0.01989 0.01651 0.01843    0    0 -0.03
128  1.001  0.001 0.02103 0.02089 0.01843    0    0 -0.03
133  1.002  0.001 0.0197 0.01944 0.01843    0    0 -0.03
155  1.015  0.001 0.02088 0.02226 0.01843    0    0 -0.03
146  1.015  0.001 0.01967 0.02165 0.01843    0    0 -0.03
140  1.016  0.001 0.02133 0.01814 0.01843    0    0 -0.03
172  1.021  0.001 0.01563 0.01933 0.01843    0    0 -0.03
202  1.028  0.001 0.01813 0.01548 0.01843    0    0 -0.03
123  1.029  0.001 0.02354 0.02034 0.01767 0.05519 -0.219 0.3893
226  1.03  0.001 0.01889 0.02041 0.01843    0    0 -0.03
187  1.041  0.001 0.02293 0.02082 0.01843    0    0 -0.03
203  1.052  0.001 0.0163 0.01863 0.01843    0    0 -0.03
55  1.053  0.001 0.01615 0.01485 0.01737 0.08514 0.2322 -0.3543
191  1.056  0.001 0.02201 0.0177 0.01843    0    0 -0.03
192  1.061  0.001 0.01973 0.01501 0.01843    0    0 -0.03
210  1.064  0.001 0.01732 0.01709 0.01843    0    0 -0.03
234  1.067  0.001 0.01918 0.02217 0.01843    0    0 -0.03
220  1.078  0.001 0.0179 0.01556 0.01843    0    0 -0.03
184  1.083  0.001 0.0234 0.02 0.01843    0    0 -0.03
205  1.083  0.001 0.0213 0.01657 0.01843    0    0 -0.03
247  1.097  0.001 0.01576 0.0207 0.01843    0    0 -0.03
232   1.1  0.001 0.01783 0.01705 0.01843    0    0 -0.03
175  1.111  0.001 0.01852 0.01915 0.01843    0    0 -0.03
211  1.111  0.001 0.0207 0.01582 0.01843    0    0 -0.03
212  1.115  0.001 0.02124 0.01752 0.01843    0    0 -0.03
194  1.116  0.001 0.02328 0.01916 0.01843    0    0 -0.03
187  1.124  0.001 0.01798 0.02136 0.01843 -0.09495 0.1041 -0.1952
236  1.137  0.001 0.01694 0.02189 0.01843    0    0 -0.03
237  1.137  0.001 0.01937 0.02316 0.01843    0    0 -0.03
197  1.144  0.001 0.02043 0.0181 0.01843    0    0 -0.03
253  1.144  0.001 0.02087 0.02195 0.01843    0    0 -0.03
174  1.145  0.001 0.02045 0.01613 0.01843    0    0 -0.03
181  1.147  0.001 0.02044 0.01975 0.01843    0    0 -0.03
201  1.148  0.001 0.01665 0.02084 0.01843    0    0 -0.03
229  1.15  0.001 0.02158 0.01753 0.01843    0    0 -0.03
207  1.152  0.001 0.01545 0.01635 0.01843    0    0 -0.03
236  1.158  0.001 0.01702 0.02162 0.01843 0.02203 -0.006942 -0.1021
222  1.159  0.001 0.01555 0.02204 0.01843    0    0 -0.03
187  1.164  0.001 0.01856 0.02147 0.01843 0.04944 -0.02179 -0.1016
231  1.165  0.001 0.01578 0.01975 0.01843    0    0 -0.03
199  1.17  0.001 0.02037 0.01475 0.01843    0    0 -0.03
240  1.18  0.001 0.02016 0.02316 0.01843    0    0 -0.03
183  1.207  0.001 0.01912 0.0195 0.01843    0    0 -0.03
189  1.211  0.001 0.01704 0.01575 0.01843    0    0 -0.03
178  1.212  0.001 0.01778 0.02281 0.01843    0    0 -0.03
209  1.214  0.001 0.02063 0.022 0.01843    0    0 -0.03
224  1.215  0.001 0.01457 0.01927 0.01843    0    0 -0.03
193  1.217  0.001 0.02066 0.01944 0.01843    0    0 -0.03
255  1.239  0.001 0.02219 0.02125 0.01843    0    0 -0.03
198  1.241  0.001 0.0233 0.0203 0.01843    0    0 -0.03
208  1.249  0.001 0.01976 0.01616 0.01843    0    0 -0.03
206  1.25  0.001 0.02125 0.01911 0.01843    0    0 -0.03
179  1.25  0.001 0.0176 0.02316 0.01843    0    0 -0.03
241  1.263  0.001 0.02069 0.02323 0.01843    0    0 -0.03
219  1.263  0.001 0.0163 0.0214 0.01843    0    0 -0.03
218  1.263  0.001 0.01965 0.01918 0.01843    0    0 -0.03
183  1.265  0.001 0.01796 0.02008 0.01843 -0.06247 0.01665 -0.06723
225  1.271  0.001 0.01884 0.02323 0.01843    0    0 -0.03
193  1.277  0.001 0.02001 0.02086 0.01843 -0.01423 0.04421 -0.02007
223  1.279  0.001 0.02141 0.01968 0.01843    0    0 -0.03
181  1.28  0.001 0.02006 0.01964 0.01843 -0.02452 -0.052 -0.1383
190  1.282  0.001 0.02067 0.01857 0.01843    0    0 -0.03
160  1.284  0.001 0.02045 0.02188 0.01843 -0.02473 0.0273 -0.04208
216  1.293  0.001 0.02269 0.01654 0.01843    0    0 -0.03
177  1.304  0.001 0.02097 0.01708 0.01843    0    0 -0.03
140  1.311  0.001 0.02398 0.01774 0.01743 -0.06654 0.03309 -0.1235
151  1.313  0.001 0.02263 0.01926 0.01843 0.07551 -0.08036 -0.1239
253  1.319  0.001 0.0216 0.01914 0.01843 0.09118 0.01773 -0.1062
200  1.322  0.001 0.01698 0.01854 0.01843    0    0 -0.03
233  1.322  0.001 0.01965 0.01827 0.01843    0    0 -0.03
180  1.324  0.001 0.01955 0.02079 0.01843    0    0 -0.03
243  1.325  0.001 0.02294 0.01818 0.01843    0    0 -0.03
249  1.33  0.001 0.02168 0.0177 0.01843    0    0 -0.03
238  1.331  0.001 0.02003 0.02198 0.01843    0    0 -0.03
248  1.34  0.001 0.01967 0.01625 0.01843    0    0 -0.03
228  1.342  0.001 0.01836 0.02136 0.01843    0    0 -0.03
250  1.343  0.001 0.01849 0.02026 0.01843    0    0 -0.03
242  1.35  0.001 0.01715 0.01514 0.01843    0    0 -0.03
214  1.355  0.001 0.0172 0.02031 0.01843    0    0 -0.03
254  1.355  0.001 0.02167 0.02044 0.01843    0    0 -0.03
127  1.357  0.001 0.01842 0.02411 0.01784 0.02063 -0.01249 0.003845
251  1.36  0.001 0.01736 0.01864 0.01843    0    0 -0.03
185  1.367  0.001 0.021 0.01928 0.01843    0    0 -0.03
255  1.367  0.001 0.01676 0.02361 0.01801 0.0641 -0.159 -0.01405
230  1.369  0.001 0.01619 0.02008 0.01843    0    0 -0.03
185  1.372  0.001 0.0211 0.01954 0.01843 0.02409 0.05781 -0.01987
233  1.387  0.001 0.0189 0.02076 0.01843 0.0981 0.03215 -0.2218
228  1.388  0.001 0.01786 0.02238 0.01843 0.008388 -0.01036 -0.08122
15  1.389  0.001 0.02103 0.01494 0.01775 1.031 0.3932 2.724
110  1.389  0.001 0.0189 0.01538 0.0175 -0.3569 0.5584 1.511
211  1.389  0.001 0.02376 0.0193 0.01843 0.09338 0.03321 -0.05705
213  1.39  0.001 0.02136 0.01577 0.01843    0    0 -0.03
110  1.391  0.001 0.01943 0.01591 0.01843 1.134 0.179 -0.2519
181  1.392  0.001 0.0193 0.02197 0.01843 0.02988 -0.04927 -0.09672
83  1.395  0.001 0.01711 0.02003 0.01843 -0.1217 0.06189 -0.0567
132  1.396  0.001 0.01813 0.01462 0.01843 -0.06984 -0.3398 -0.1139
204  1.398  0.001 0.0211 0.01768 0.01843    0    0 -0.03
132  1.403  0.001 0.01788 0.01463 0.01843 -0.03053 0.05338 -0.01536
252  1.404  0.001 0.01719 0.02313 0.01843    0    0 -0.03
245  1.408  0.001 0.01954 0.02304 0.01843    0    0 -0.03
176  1.412  0.001 0.0201 0.01536 0.01843    0    0 -0.03
235  1.418  0.001 0.01795 0.01586 0.01843    0    0 -0.03
196  1.424  0.001 0.022 0.02034 0.01843    0    0 -0.03
246  1.427  0.001 0.01988 0.02079 0.01843    0    0 -0.03
244  1.434  0.001 0.01572 0.01929 0.01843    0    0 -0.03
195  1.447  0.001 0.01941 0.01807 0.01843    0    0 -0.03
217  1.45  0.001 0.02103 0.02249 0.01843    0    0 -0.03
239  1.45  0.001 0.02263 0.01883 0.01843    0    0 -0.03
182  1.45  0.001 0.02247 0.01982 0.01843    0    0 -0.03
186  1.452  0.001 0.01767 0.02069 0.01843    0    0 -0.03
188  1.461  0.001 0.01876 0.01662 0.01843    0    0 -0.03
7  1.484  0.001 0.01909 0.01459 0.01843 -0.04563 0.09038 -0.3027
20  1.488  0.001 0.02186 0.01521 0.01744 -0.04681 -0.08939 0.1569
227  1.489  0.001 0.01809 0.01841 0.01843    0    0 -0.03
133  1.492  0.001 0.02331 0.02122 0.01752 -0.03213 -0.1005 0.3749
191  1.492  0.001 0.01686 0.02366 0.01839 0.01733 -0.009278 -0.009039
221  1.494  0.001 0.02161 0.01895 0.01843    0    0 -0.03
79  1.498  0.001 0.02002 0.02036 0.01843 -0.02838 -0.04304 -0.2084
173  1.498  0.001 0.0212 0.01539 0.01843    0    0 -0.03
89  1.499  0.001 0.01793 0.01904 0.01843 -0.0009976 0.005711 -0.1333
171  1.504  0.001 0.01899 0.02345 0.01843    0    0 -0.03
215  1.504  0.001 0.01543 0.02166 0.01843    0    0 -0.03
185  1.506  0.001 0.0167 0.01452 0.01755 -0.04048 0.08021 -0.1147
233  1.51  0.001 0.02191 0.02304 0.01843 0.04162 0.03859 -0.2663
171  1.516  0.001 0.01854 0.02366 0.01843 -0.04697 0.02252 -0.03537
209  1.521  0.001 0.01987 0.0179 0.01843 -0.1271 -0.1834 -0.1092
260  1.523  0.001 0.01484 0.01752 0.01843    0    0 -0.03
280  1.525  0.001 0.01948 0.02148 0.01843    0    0 -0.03
295  1.53  0.001 0.01654 0.01597 0.01843    0    0 -0.03
212  1.535  0.001 0.01516 0.01673 0.01843 0.07848 0.1318 -0.178
128  1.536  0.001 0.02206 0.01873 0.01843 0.104 -0.1405 -0.2248
262  1.538  0.001 0.0201 0.01537 0.01843    0    0 -0.03
193  1.539  0.001 0.01643 0.01467 0.01785 0.03992 0.08708 -0.07381
226  1.539  0.001 0.02036 0.02262 0.01843 0.05775 0.008424 -0.0722
264  1.543  0.001 0.0229 0.01804 0.01843    0    0 -0.03
252  1.553  0.001 0.01448 0.01678 0.01767 0.0682 0.04446 -0.1602
238  1.554  0.001 0.02172 0.0147 0.0176 -0.01969 0.077 0.009328
268  1.559  0.001 0.01902 0.02273 0.01843    0    0 -0.03
326  1.559  0.001 0.0162 0.01808 0.01843    0    0 -0.03
79  1.563  0.001 0.02217 0.01817 0.01843 0.1188 -0.1068 -0.06161
17  1.573  0.001 0.02388 0.02071 0.01778 -0.1347 0.06374 0.02266
297  1.576  0.001 0.0202 0.02347 0.01843    0    0 -0.03
309  1.577  0.001 0.01521 0.02056 0.01843    0    0 -0.03
160  1.58  0.001 0.01466 0.01904 0.01843 -0.0802 -0.06522 -0.1572
340  1.583  0.001 0.01919 0.01737 0.01843    0    0 -0.03
261  1.59  0.001 0.01609 0.02165 0.01843    0    0 -0.03
265  1.591  0.001 0.01808 0.01685 0.01843    0    0 -0.03
337  1.592  0.001 0.01769 0.01913 0.01843    0    0 -0.03
275  1.593  0.001 0.01511 0.01726 0.01843    0    0 -0.03
127  1.597  0.001 0.017 0.02372 0.01771 0.06246 -0.09199 0.01806
144  1.601  0.001 0.0168 0.02269 0.01843 -0.06951 0.005815 -0.06485
266  1.601  0.001 0.02006 0.01532 0.01843    0    0 -0.03
226  1.605  0.001 0.02119 0.02368 0.01779 -0.02187 -0.0628 -0.07603
268  1.608  0.001 0.01928 0.0236 0.01843 0.01788 -0.06633 -0.1433
159  1.609  0.001 0.01701 0.02104 0.01843 -0.05802 -0.05755 -0.1385
315  1.612  0.001 0.02215 0.02159 0.01843    0    0 -0.03
330  1.616  0.001 0.02022 0.02096 0.01843    0    0 -0.03
323  1.621  0.001 0.01542 0.01859 0.01843    0    0 -0.03
316  1.635  0.001 0.02175 0.01542 0.01843    0    0 -0.03
294  1.64  0.001 0.01773 0.0177 0.01843    0    0 -0.03
271  1.642  0.001 0.01733 0.02254 0.01843    0    0 -0.03
266  1.643  0.001 0.021 0.01596 0.01843 -0.01534 0.01122 -0.1175
269  1.645  0.001 0.01647 0.0162 0.01843    0    0 -0.03
325  1.65  0.001 0.01521 0.02155 0.01843    0    0 -0.03
319  1.653  0.001 0.02253 0.02004 0.01843    0    0 -0.03
302  1.653  0.001 0.02195 0.01639 0.01843    0    0 -0.03
332  1.656  0.001 0.02009 0.02312 0.01843    0    0 -0.03
322  1.657  0.001 0.01681 0.01867 0.01843    0    0 -0.03
329  1.657  0.001 0.02104 0.02086 0.01843    0    0 -0.03
263  1.658  0.001 0.01919 0.0236 0.01843    0    0 -0.03
324  1.66  0.001 0.01801 0.01601 0.01843    0    0 -0.03
263  1.663  0.001 0.01918 0.02367 0.01843 -0.001926 0.01637 -0.02162
272  1.667  0.001 0.02155 0.01829 0.01843    0    0 -0.03
234  1.674  0.001 0.02392 0.02059 0.01749 -0.007835 -0.0837 0.007505
146  1.676  0.001 0.02302 0.0212 0.01747 0.01745 -0.001714 0.05396
299  1.68  0.001 0.02018 0.01805 0.01843    0    0 -0.03
233  1.687  0.001 0.02314 0.016 0.01828 -0.05414 0.1426 -0.07519
279  1.693  0.001 0.01954 0.02066 0.01843    0    0 -0.03
297  1.698  0.001 0.02032 0.02347 0.01843 -0.04008 0.05214 -0.03408
28  1.701  0.001 0.0183 0.01676 0.01749 0.06385 -0.2259 0.09676
333  1.701  0.001 0.0203 0.01995 0.01843    0    0 -0.03
279  1.702  0.001 0.01957 0.02079 0.01843 0.08941 0.04992 -0.02535
276  1.706  0.001 0.01594 0.01794 0.01843    0    0 -0.03
340  1.71  0.001 0.02145 0.0169 0.01843 -0.127 -0.07438 -0.07305
308  1.71  0.001 0.01842 0.02028 0.01843    0    0 -0.03
201  1.711  0.001 0.01482 0.02048 0.01843 0.005764 0.08899 -0.1318
335  1.711  0.001 0.01659 0.01929 0.01843    0    0 -0.03
329  1.714  0.001 0.02147 0.02013 0.01843 -0.003367 -0.06588 -0.05725
180  1.72  0.001 0.02206 0.01823 0.01843 -0.06951 0.1874 -0.1097
71  1.722  0.001 0.0175 0.02153 0.01843 0.07616 -0.007494 -0.1871
318  1.722  0.001 0.02267 0.017 0.01843    0    0 -0.03
134  1.725  0.001 0.01778 0.01924 0.01843 0.03816 0.07103 -0.1063
325  1.725  0.001 0.01428 0.02047 0.01843 0.01112 -0.04925 -0.1183
149  1.727  0.001 0.01923 0.02296 0.01843 0.09125 -0.002038 -0.3613
112  1.727  0.001 0.02008 0.0147 0.01843 0.05355 -0.08325 -0.1758
143  1.73  0.001 0.01872 0.02166 0.01843 0.06436 -0.01005 -0.1831
287  1.735  0.001 0.01722 0.01803 0.01843    0    0 -0.03
337  1.736  0.001 0.02158 0.01462 0.01839 -0.004543 0.0667 -0.117
304  1.739  0.001 0.01456 0.01956 0.01843    0    0 -0.03
335  1.743  0.001 0.01623 0.02051 0.01843 0.0219 0.3735 -0.67
328  1.748  0.001 0.02079 0.02242 0.01843    0    0 -0.03
268  1.749  0.001 0.02075 0.01875 0.01843 0.001794 -0.1154 -0.183
282  1.752  0.001 0.01771 0.01514 0.01843    0    0 -0.03
270  1.753  0.001 0.02207 0.02059 0.01843    0    0 -0.03
293  1.755  0.001 0.01622 0.01644 0.01843    0    0 -0.03
334  1.765  0.001 0.01503 0.02091 0.01843    0    0 -0.03
314  1.766  0.001 0.01678 0.01844 0.01843    0    0 -0.03
288  1.766  0.001 0.0195 0.01699 0.01843    0    0 -0.03
339  1.77  0.001 0.01755 0.02314 0.01843    0    0 -0.03
284  1.772  0.001 0.02277 0.02146 0.01843    0    0 -0.03
305  1.773  0.001 0.01643 0.02264 0.01843    0    0 -0.03
92  1.782  0.001 0.02297 0.02232 0.01787 -0.001397 -0.01744 -0.02056
259  1.786  0.001 0.02055 0.0176 0.01843    0    0 -0.03
166  1.787  0.001 0.02397 0.01771 0.01835 -0.0908 -0.01158 0.07938
144  1.796  0.001 0.01404 0.02003 0.01824 0.2487 -0.4041 0.6497
325  1.797  0.001 0.01867 0.0205 0.01843 -1.14 2.713 -1.768
332  1.797  0.001 0.0241 0.01833 0.01824 -0.1021 -0.1217 -0.032
118  1.798  0.001 0.01468 0.02169 0.01787 0.1865 -0.057 0.1347
301  1.799  0.001 0.01606 0.01978 0.01843    0    0 -0.03
245   1.8  0.001 0.02413 0.01958 0.01779 -0.0734 -0.04612 -0.04694
144   1.8  0.001 0.0141 0.01889 0.01843 -0.1889 -0.195 -0.4764
303  1.801  0.001 0.01518 0.02089 0.01843    0    0 -0.03
166  1.802  0.001 0.0226 0.01753 0.01843 -0.0908 -0.01158 -0.06879
318  1.803  0.001 0.02073 0.01582 0.01843 -0.08099 -0.2193 -0.1533
287  1.805  0.001 0.01563 0.0175 0.01843 -0.3867 -0.2325 -0.09977
274  1.807  0.001 0.0213 0.02224 0.01843    0    0 -0.03
226  1.808  0.001 0.0225 0.01529 0.01755 -0.1582 0.05507 -0.07489
296  1.81  0.001 0.01741 0.01707 0.01843    0    0 -0.03
228  1.812  0.001 0.01497 0.02211 0.01807 0.09603 0.0429 -0.03119
236  1.812  0.001 0.01871 0.01738 0.01843 0.07771 -0.04864 -0.0593
127  1.812  0.001 0.01671 0.02358 0.01778 0.03276 -0.009497 -0.02097
339  1.815  0.001 0.01955 0.02277 0.01843 -0.05261 -0.03552 -0.2017
200  1.816  0.001 0.01431 0.01716 0.01769 0.08041 0.01579 -0.05373
180  1.819  0.001 0.02151 0.01987 0.01843 -0.02036 0.01765 -0.08504
71  1.819  0.001 0.01639 0.02003 0.01843 -0.1212 -0.1105 -0.09484
253  1.822  0.001 0.02119 0.01584 0.01843 0.1128 -0.08383 -0.06657
307  1.826  0.001 0.01833 0.01865 0.01843    0    0 -0.03
312  1.834  0.001 0.01955 0.01906 0.01843    0    0 -0.03
47  1.835  0.001 0.02202 0.02305 0.01843 0.2195 -0.09628 -0.2122
277  1.837  0.001 0.01497 0.01833 0.01843    0    0 -0.03
47  1.845  0.001 0.02212 0.0215 0.01843 -0.01328 -0.1769 -0.01635
281  1.845  0.001 0.02149 0.01852 0.01843    0    0 -0.03
285  1.846  0.001 0.01602 0.01569 0.01843    0    0 -0.03
289  1.851  0.001 0.01844 0.0214 0.01843    0    0 -0.03
267  1.853  0.001 0.02068 0.017 0.01843    0    0 -0.03
47  1.854  0.001 0.02215 0.0203 0.01843 0.006026 -0.1266 -0.03682
100  1.857  0.001 0.0163 0.02249 0.01843 0.04721 -0.1833 -0.3008
286  1.861  0.001 0.01489 0.01935 0.01843    0    0 -0.03
225  1.861  0.001 0.01562 0.0225 0.01744 -0.05043 -0.1236 0.2083
311  1.862  0.001 0.01609 0.0166 0.01843    0    0 -0.03
256  1.862  0.001 0.02013 0.02137 0.01843    0    0 -0.03
325  1.864  0.001 0.01606 0.01492 0.01764 0.06844 0.101 -0.03158
278  1.865  0.001 0.02019 0.02271 0.01843    0    0 -0.03
317  1.865  0.001 0.01735 0.02 0.01843    0    0 -0.03
247  1.869  0.001 0.01775 0.02145 0.01843 0.01401 0.1245 -0.09725
305  1.876  0.001 0.02414 0.01942 0.01781 -0.179 -0.0676 -0.08834
291  1.881  0.001 0.02102 0.01621 0.01843    0    0 -0.03
246  1.885  0.001 0.0234 0.01891 0.01745 0.07857 -0.09315 0.1183
257  1.887  0.001 0.0174 0.02303 0.01843    0    0 -0.03
258  1.889  0.001 0.01967 0.0186 0.01843    0    0 -0.03
75  1.893  0.001 0.0165 0.02347 0.01816 -0.07007 -0.1111 -0.01852
284  1.902  0.001 0.02143 0.01896 0.01843 0.0309 0.09808 -0.06419
331  1.904  0.001 0.02286 0.02071 0.01843    0    0 -0.03
310  1.904  0.001 0.01779 0.02055 0.01843    0    0 -0.03
313  1.906  0.001 0.02304 0.01702 0.01843    0    0 -0.03
281  1.908  0.001 0.02135 0.0145 0.01796 -0.008345 0.01845 -0.01454
96  1.908  0.001 0.02245 0.02159 0.01843 0.2652 0.05556 -0.1442
321  1.917  0.001 0.01535 0.01913 0.01843    0    0 -0.03
331  1.917  0.001 0.01643 0.02147 0.01843 -0.4168 0.1713 -0.2678
225  1.918  0.001 0.01415 0.01762 0.01749 0.01859 0.02007 -0.041
249  1.921  0.001 0.01984 0.02224 0.01843 0.05673 0.2585 -0.1088
320  1.926  0.001 0.0204 0.01858 0.01843    0    0 -0.03
283  1.928  0.001 0.01855 0.01842 0.01843    0    0 -0.03
338  1.929  0.001 0.02091 0.0215 0.01843    0    0 -0.03
278  1.93  0.001 0.01596 0.02266 0.01843 0.02451 -0.06963 -0.1526
290  1.934  0.001 0.01887 0.01494 0.01843    0    0 -0.03
328  1.936  0.001 0.02226 0.02302 0.01755 -0.02229 -0.01174 0.00546
319  1.94  0.001 0.01853 0.01894 0.01843 -0.03791 -0.03369 -0.2663
320  1.941  0.001 0.02186 0.01865 0.01843 0.1016 -0.002533 -0.0176
257  1.951  0.001 0.01662 0.02354 0.0182 0.02567 -0.003496 -0.05322
315  1.98  0.001 0.0224 0.0229 0.01754 -0.05111 -0.002539 -0.005863
327  1.984  0.001 0.01686 0.01645 0.01843    0    0 -0.03
180  1.996  0.001 0.02388 0.0174 0.01749 -0.02058 -0.009255 0.003401
292  1.998  0.001 0.01561 0.01644 0.01843    0    0 -0.03
336  2.001  0.001 0.02163 0.02207 0.01843    0    0 -0.0416
306  2.004  0.001 0.02076 0.01938 0.01843    0    0 -0.06527
187  2.005  0.001 0.02382 0.01945 0.01748 0.009338 -0.1932 0.1899
300  2.005  0.001 0.0198 0.02306 0.01843    0    0 -0.08116
298  2.006  0.001 0.02026 0.01585 0.01843    0    0 -0.09004
273  2.007  0.001 0.01747 0.0179 0.01843    0    0 -0.09562
129  2.008  0.001 0.02358 0.02019 0.01749 0.1597 0.09607 0.2098
88  2.023  0.001 0.01702 0.01437 0.01743 -0.107 0.1627 -0.04717
92  2.035  0.001 0.02339 0.01637 0.01809 -0.06118 -0.02961 -0.1043
180  2.036  0.001 0.02269 0.01733 0.01843 -0.05137 -0.007311 -0.03022
64  2.054  0.001 0.02403 0.01953 0.0175 -0.0241 -0.07147 0.1099
206  2.07  0.001 0.02122 0.02073 0.01843 0.01722 0.03438 -0.0533
240  2.076  0.001 0.02234 0.01713 0.01843 -0.11 -0.07569 -0.09258
17  2.106  0.001 0.02245 0.02217 0.01744 -0.1004 -0.07239 0.3224
65  2.112  0.001 0.02104 0.02036 0.01744 0.003601 -0.06568 0.08065
312  2.118  0.001 0.01619 0.02076 0.01843 -0.0595 -0.09313 -0.05856
259  2.125  0.001 0.0215 0.01676 0.01843 0.01733 -0.0843 -0.03805
284  2.13  0.001 0.01945 0.01918 0.01843 -0.04922 -0.06361 -0.08574
333  2.13  0.001 0.01774 0.02258 0.01843 -0.01766 -0.04557 -0.03941
258  2.131  0.001 0.02171 0.01831 0.01843 0.0562 -0.01773 -0.1177
328  2.132  0.001 0.01715 0.01817 0.01843 -0.05367 -0.08724 -0.02453
312  2.133  0.001 0.01625 0.02017 0.01843 0.01584 -0.0259 -0.04843
249  2.137  0.001 0.01792 0.02369 0.01843 0.002506 -0.02835 -0.06643
289  2.141  0.001 0.0157 0.02076 0.01843 -0.03713 -0.05375 -0.0226
300  2.144  0.001 0.01504 0.01971 0.01843 -0.1206 -0.03864 -0.1811
223  2.146  0.001 0.02061 0.02171 0.01843 -0.06328 0.07025 -0.1674
246  2.148  0.001 0.02277 0.01973 0.01843 0.02554 0.003029 -0.1879
338  2.148  0.001 0.01877 0.02384 0.01843 0.01907 0.01064 -0.09986
60  2.151  0.001 0.01673 0.02256 0.01843 -0.08714 0.01552 -0.1977
10  2.16  0.001 0.02409 0.01826 0.01807 -0.1054 -0.04231 0.1868
221  2.16  0.001 0.02344 0.02165 0.01806 -0.2877 0.2308 0.3005
300  2.164  0.001 0.01431 0.01905 0.01843 -0.01621 -0.03205 -0.02913
17  2.169  0.001 0.01617 0.01765 0.01843 -0.1004 -0.07239 -0.2907
258  2.178  0.001 0.02105 0.01688 0.01843 -0.09791 -0.08002 -0.05263
206  2.189  0.001 0.01677 0.01449 0.01762 0.02917 0.06529 -0.3065
10  2.196  0.001 0.02029 0.01673 0.01843 -0.1054 -0.04231 -0.1667
221  2.235  0.001 0.01615 0.02194 0.01843 0.01621 -0.09835 -0.08461
283  2.237  0.001 0.02311 0.01638 0.01748 -0.09506 -0.01667 0.1346
305  2.237  0.001 0.02327 0.01744 0.01744 -0.1145 0.03786 0.2405
7  2.243  0.001 0.02311 0.01733 0.01745 0.03968 -0.2289 0.1373
306  2.258  0.001 0.01817 0.01754 0.01843 -0.1088 -0.02727 -0.04115
272  2.261  0.001 0.02263 0.01632 0.01745 -0.1977 0.1153 0.3129
223  2.272  0.001 0.02178 0.02292 0.01843 0.0501 -0.01204 -0.02922
290  2.282  0.001 0.01655 0.01501 0.01843 0.1806 0.1846 -0.4163
284  2.284  0.001 0.0221 0.01644 0.01843 0.005258 0.06681 -0.0795
221  2.289  0.001 0.01658 0.02212 0.01843 0.01574 -0.02268 -0.02302
320  2.299  0.001 0.01823 0.01402 0.0176 0.008628 0.0639 -0.1537
65  2.305  0.001 0.02114 0.01879 0.01843 -0.01887 -0.07593 -0.03032
319  2.308  0.001 0.02252 0.02279 0.0179 0.006716 -0.1085 -0.03584
97  2.338  0.001 0.01956 0.02227 0.01843 -0.02938 -0.003006 -0.02564
272  2.339  0.001 0.01502 0.02205 0.01843 0.1006 0.0397 -0.1143
299  2.353  0.001 0.02265 0.01547 0.01843 -0.0672 0.03432 -0.04264
233  2.377  0.001 0.02052 0.01416 0.01744 -0.1653 0.1084 -0.2409
162  2.38  0.001 0.01933 0.02371 0.01843 -0.02257 -0.03444 -0.08107
264  2.388  0.001 0.02202 0.0149 0.01802 -0.2649 0.1234 -0.03899
245  2.392  0.001 0.01403 0.01813 0.01734 0.08306 0.02599 -0.3617
272  2.417  0.001 0.01526 0.02201 0.01843 -0.01208 -0.02585 -0.03334
270  2.447  0.001 0.01957 0.01583 0.01756 -0.03853 0.1876 0.3185
161  2.449  0.001 0.01902 0.01409 0.01745 -0.04515 -0.009322 0.09971
79  2.467  0.001 0.01926 0.01639 0.01843 -0.05089 0.02656 -0.01548
282  2.467  0.001 0.01654 0.02011 0.01843 -0.07715 0.08261 -0.09036
337  2.487  0.001 0.02014 0.0195 0.01843 -0.04906 0.05134 -0.07126
293  2.487  0.001 0.01663 0.01488 0.01744 0.1155 -0.1994 0.6422
270  2.495  0.001 0.01831 0.02089 0.01843 -0.09964 0.0003844 -0.1204
162  2.499  0.001 0.01961 0.02372 0.01843 0.03057 -0.03487 -0.02877
280  2.503  0.001 0.02331 0.02102 0.01744 -0.6682 0.1947 1.006
153  2.503  0.001 0.02187 0.01785 0.01747 -0.4239 -0.7626 0.7902
318  2.506  0.001 0.01421 0.02066 0.01806 0.007615 -0.0746 -0.03942
4  2.512  0.001 0.01978 0.01428 0.01843 0.08733 -0.03691 -0.0535
314  2.519  0.001 0.0174 0.0237 0.01843 0.03468 -0.05151 -0.08191
125  2.527  0.001 0.01886 0.01713 0.01843 -0.1157 -0.155 -0.0673
102  2.535  0.001 0.01629 0.02078 0.01843 -0.07056 0.0216 -0.02664
268  2.536  0.001 0.02105 0.01468 0.01843 -0.004089 -0.1238 -0.1069
267  2.536  0.001 0.01783 0.02105 0.01843 -0.05852 0.02467 -0.1032
176  2.548  0.001 0.01636 0.0232 0.01843 -0.01984 0.05476 -0.02199
176  2.554  0.001 0.01635 0.02333 0.01843 0.005614 0.008572 -0.01107
125  2.563  0.001 0.02004 0.01654 0.01843 0.04058 -0.008567 -0.1648
68  2.571  0.001 0.01395 0.0191 0.01785 0.09894 0.01541 0.03141
259  2.574  0.001 0.01495 0.02073 0.01843 -0.04775 0.005734 -0.0947
81  2.595  0.001 0.01979 0.01942 0.01745 0.005443 -0.05306 0.1823
175   2.6  0.001 0.01839 0.02038 0.01843 0.005467 -0.03262 -0.0609
129  2.603  0.001 0.02167 0.02103 0.01745 0.2175 -0.06951 0.1333
94  2.617  0.001 0.02101 0.01724 0.01745 -0.001769 -0.09607 0.04527
69  2.624  0.001 0.02061 0.01703 0.01843 0.01847 -0.0497 -0.1013
81  2.626  0.001 0.01996 0.01779 0.01843 0.005443 -0.05306 -0.1184
176  2.628  0.001 0.01676 0.02334 0.01843 -0.002815 -0.01153 -0.004541
164  2.631  0.001 0.01397 0.01858 0.01781 0.04542 -0.0003902 -0.02051
313  2.633  0.001 0.01733 0.01511 0.01743 -0.05572 0.09416 -0.001063
153  2.634  0.001 0.01584 0.02263 0.01843 -0.02728 -0.05375 -0.1193
281  2.668  0.001 0.01402 0.0182 0.01761 0.3573 0.1114 -0.2937
298  2.675  0.001 0.01519 0.01572 0.01735 0.1265 0.1658 -0.5596
97  2.676  0.001 0.02097 0.01688 0.01843 0.03127 -0.1069 -0.1042
163  2.677  0.001 0.01894 0.0156 0.01843 0.04699 0.011 -0.03805
166  2.679  0.001 0.01399 0.01838 0.0178 0.07083 -0.09024 -0.01039
148  2.679  0.001 0.02062 0.01744 0.01843 0.0282 -0.1301 -0.1299
319  2.69  0.001 0.0195 0.01397 0.01793 0.1345 0.1552 0.04033
291  2.702  0.001 0.01649 0.01562 0.01758 -0.09555 0.113 0.3367
176  2.708  0.001 0.01697 0.02346 0.01843 0.008438 -0.01265 -0.05615
162  2.73  0.001 0.02297 0.01578 0.01769 -0.1059 0.03311 -0.1977
127  2.733  0.001 0.01719 0.02115 0.01843 0.02948 -0.02233 -0.03481
182  2.808  0.001 0.01777 0.01921 0.01843 -0.03192 -0.07363 -0.08321
291  2.819  0.001 0.01422 0.02068 0.01841 0.02524 -0.0278 -0.07213
127  2.821  0.001 0.01415 0.01762 0.01779 0.06433 -0.009226 -0.1164
267  2.834  0.001 0.01667 0.01863 0.01843 -0.05483 -0.05559 -0.2367
146  2.846  0.001 0.02341 0.02127 0.01744 -0.3312 0.1226 0.446
339  2.856  0.001 0.01913 0.02173 0.01843 -0.2393 -0.09771 -0.1887
210  2.857  0.001 0.01732 0.02343 0.01843 0.1228 -0.01709 -0.1432
132  2.859  0.001 0.02138 0.02162 0.01744 0.03418 0.003845 0.08079
194  2.863  0.001 0.02319 0.01962 0.01747 -0.005114 -0.0209 0.05517
333  2.872  0.001 0.01418 0.01953 0.01843 -0.05301 -0.03112 -0.4286
176  2.89  0.001 0.01599 0.01497 0.01721 0.1593 0.07498 -0.2695
308  2.908  0.001 0.01884 0.02415 0.0183 0.08462 -0.06983 -0.09914
266  2.911  0.001 0.01482 0.0162 0.01843 0.05117 0.05249 -0.1592
185  2.912  0.001 0.01421 0.01743 0.01814 0.06704 0.01237 -0.1922
249  2.921  0.001 0.01911 0.01395 0.01751 -0.007621 0.1274 -0.4513
149  2.929  0.001 0.01439 0.01961 0.01843 0.05311 -0.1003 -0.03677
5  2.93  0.001 0.01536 0.01553 0.0176 0.04511 0.1024 -0.1457
297  2.934  0.001 0.02358 0.01877 0.01843 -0.03512 0.03964 -0.1006
103  2.941  0.001 0.02339 0.02174 0.01784 -0.01381 -0.006529 -0.01934
295  2.946  0.001 0.02394 0.01988 0.01743 0.02119 -0.01192 0.05994
14  2.952  0.001 0.01584 0.02231 0.01843 -0.03585 -0.04454 -0.05304
255  2.965  0.001 0.01616 0.019 0.01743 -0.00352 -0.003008 0.02132
227  2.972  0.001 0.01687 0.0197 0.01744 -0.004013 0.005107 0.02158
14  3.014  0.001 0.01604 0.02266 0.01843 0.01805 0.01063 -0.07521
272  3.016  0.001 0.01699 0.02016 0.01843 0.0298 -0.06227 -0.04959
321  3.017  0.001 0.01771 0.0188 0.01843 0.06747 -0.09489 -0.103
164  3.03  0.001 0.0223 0.01512 0.01834 -0.05661 0.07438 -0.06037
221  3.044  0.001 0.02408 0.01989 0.01769 -0.06778 -0.03572 -0.1183
339  3.049  0.001 0.01493 0.02083 0.01843 -0.008317 -0.01232 -0.2655
259  3.053  0.001 0.01416 0.01757 0.01746 0.1033 -0.03683 -0.014
11  3.105  0.001 0.02334 0.01836 0.01843 0.043 -0.08725 -0.08184
329  3.184  0.001 0.0233 0.01757 0.01743 -0.006623 -0.01167 0.0232
63  3.222  0.001 0.02388 0.0207 0.01799 -0.04434 -0.01034 0.04763
109  3.224  0.001 0.01925 0.01972 0.0176 0.1507 -0.1377 0.2495
317  3.227  0.001 0.01747 0.01958 0.01749 0.003318 -0.05073 0.188
177  3.229  0.001 0.01814 0.02129 0.01746 0.02422 -0.08042 0.2362
10  3.229  0.001 0.01852 0.01993 0.01752 0.02211 -0.04888 0.1406
105  3.231  0.001 0.01921 0.02284 0.01744 0.0846 0.006694 0.08754
46  3.239  0.001 0.01752 0.02215 0.01744 -5.333e-07 -0.07586 0.07973
170  3.241  0.001 0.02321 0.01836 0.01843 0.01151 -0.06177 -0.09901
111  3.243  0.001 0.02197 0.01497 0.01843 -0.08773 0.1771 -0.5416
22  3.245  0.001 0.01819 0.01542 0.01843 -0.1291 -0.1061 -0.1376
17  3.247  0.001 0.02273 0.02095 0.01843 0.1208 -0.02838 -0.09325
10  3.247  0.001 0.01893 0.01901 0.01843 0.02211 -0.04888 -0.0426
187  3.252  0.001 0.02239 0.0158 0.01746 -0.143 0.02153 0.2094
317  3.255  0.001 0.01742 0.01718 0.01843 -0.009963 -0.09099 -0.1052
60  3.255  0.001 0.02093 0.02348 0.01843 0.0217 -0.04293 -0.09309
183  3.257  0.001 0.01709 0.02072 0.01843 -0.003484 -0.03651 -0.1064
287  3.259  0.001 0.01891 0.0166 0.01843 0.02189 -0.0805 -0.1274
200  3.261  0.001 0.016 0.01852 0.01843 -0.03763 -0.01664 -0.06777
118  3.268  0.001 0.01978 0.02232 0.01843 0.05155 -0.008531 -0.1584
17  3.268  0.001 0.02204 0.02099 0.01843 -0.04691 0.004227 -0.08587
177  3.272  0.001 0.0192 0.01778 0.01843 0.02422 -0.08042 -0.1917
142  3.281  0.001 0.01967 0.0216 0.01843 -0.1248 0.1514 -0.2077
187  3.289  0.001 0.01704 0.01661 0.01843 -0.143 0.02153 -0.1576
104  3.301  0.001 0.02256 0.01652 0.01843 0.0328 -0.07088 -0.2584
301  3.32  0.001 0.021 0.01461 0.01843 0.01123 0.08715 -0.1837
71  3.335  0.001 0.01541 0.01547 0.01758 0.1011 0.01773 -0.2633
257  3.343  0.001 0.02266 0.02267 0.01786 -0.09956 -0.01883 0.01815
208  3.347  0.001 0.02342 0.02163 0.01757 0.06844 -0.0228 0.2473
310  3.348  0.001 0.0223 0.02243 0.01751 -0.08788 -0.02325 0.1474
11  3.35  0.001 0.01526 0.02177 0.01843 0.06309 -0.05162 -0.1271
209  3.357  0.001 0.01965 0.02329 0.01843 -0.05492 0.05449 -0.09044
139  3.361  0.001 0.01857 0.01418 0.01745 0.1037 0.04912 0.03321
323  3.368  0.001 0.01638 0.01798 0.01843 -0.0466 -0.05817 -0.113
310  3.369  0.001 0.02043 0.02193 0.01843 -0.08788 -0.02325 -0.06073
275  3.374  0.001 0.01518 0.01628 0.01843 -0.06882 -0.07065 -0.1574
14  3.375  0.001 0.01483 0.0208 0.01843 -0.005343 0.00934 -0.0884
206  3.386  0.001 0.01823 0.01548 0.01843 -0.003949 -0.08286 -0.2349
182  3.387  0.001 0.02029 0.0141 0.01764 -0.008446 0.05043 -0.1363
60  3.407  0.001 0.01895 0.022 0.01843 -0.06942 -0.03946 -0.1281
170  3.418  0.001 0.02001 0.02381 0.01843 0.08377 -0.2139 -0.1371
114  3.43  0.001 0.02368 0.0183 0.01843 -0.01813 -0.06074 -0.008562
168  3.437  0.001 0.01866 0.02414 0.01783 -0.03704 -0.02476 -0.03187
208  3.44  0.001 0.02414 0.0187 0.01793 -0.07543 0.07614 0.06317
17  3.445  0.001 0.02049 0.02081 0.01843 -0.05968 -0.01711 -0.03549
210  3.449  0.001 0.02352 0.02152 0.01774 -0.01387 -0.06668 0.09594
129  3.454  0.001 0.02205 0.02035 0.01749 -1.067 0.2961 0.7214
10  3.455  0.001 0.02325 0.01683 0.01843 0.01557 -0.1216 -0.02584
158  3.473  0.001 0.01468 0.01642 0.01818 0.04247 0.07636 -0.1219
307  3.474  0.001 0.01555 0.02276 0.01756 0.02229 -0.01743 -0.004298
283  3.485  0.001 0.01468 0.01732 0.01843 -0.1717 -0.05875 -0.1094
119  3.497  0.001 0.01584 0.02223 0.01843 0.01357 -0.02859 -0.1992
9  3.51  0.001 0.01896 0.01912 0.01843 -0.08004 -0.1018 -0.1295
29  3.52  0.001 0.01491 0.02008 0.01747 0.0424 -0.04963 0.08222
335  3.526  0.001 0.01481 0.01837 0.01744 0.06219 -0.03797 0.07628
55  3.528  0.001 0.01505 0.01589 0.01831 0.1466 -0.05446 -0.1612
150  3.539  0.001 0.02202 0.01494 0.01843 0.1026 0.01872 -0.4219
11  3.544  0.001 0.0164 0.02002 0.01843 0.05314 -0.03799 -0.1415
14  3.553  0.001 0.01676 0.01635 0.01843 0.08102 -0.09817 -0.1515
156  3.558  0.001 0.02245 0.02096 0.01746 0.001794 -0.08971 0.04017
327  3.571  0.001 0.01852 0.02154 0.01843 -0.05358 -0.01312 -0.08234
49  3.585  0.001 0.014 0.01835 0.01761 0.02782 0.0417 0.114
170  3.595  0.001 0.0156 0.0153 0.01736 0.1893 0.08699 -0.3247
110  3.646  0.001 0.02414 0.01873 0.01803 -0.1583 -0.05776 0.151
302  3.654  0.001 0.02124 0.0199 0.01744 0.1912 -0.2094 0.1975
99  3.657  0.001 0.02255 0.01961 0.01747 0.08631 -0.07126 0.08728
135  3.663  0.001 0.0224 0.02241 0.01744 0.09038 0.003974 0.07907
233  3.668  0.001 0.02078 0.01825 0.01843 -0.03701 -0.01985 -0.06196
157  3.682  0.001 0.02271 0.01549 0.01817 -0.03967 0.05707 -0.07999
304  3.69  0.001 0.02362 0.02054 0.01843 0.1102 -0.04159 -0.1238
298  3.693  0.001 0.01733 0.01457 0.01843 -0.003698 -0.1435 -0.155
327  3.695  0.001 0.017 0.02009 0.01843 -0.03427 -0.04813 -0.1837
152  3.698  0.001 0.0205 0.01743 0.01843 0.01557 -0.07318 -0.1666
110  3.703  0.001 0.01998 0.01403 0.0179 -0.03636 0.07325 -0.143
325  3.704  0.001 0.02148 0.0225 0.01843 0.03255 -0.01645 -0.2174
253  3.704  0.001 0.01452 0.02035 0.01743 -0.04943 -0.07578 0.1226
102  3.765  0.001 0.02048 0.01837 0.01843 -0.1278 0.02623 -0.3386
113  3.806  0.001 0.0208 0.01623 0.01843 -0.0203 -0.1398 -0.08357
7  3.811  0.001 0.02272 0.01686 0.01743 0.007103 -0.001761 0.006733
178  3.826  0.001 0.02051 0.02242 0.01743 -0.02157 -0.005192 0.1273
68  3.843  0.001 0.01567 0.01667 0.01762 0.7946 -0.7334 2.245
169  3.891  0.001 0.02075 0.02261 0.01758 -0.1707 -0.011 0.1698
270  3.914  0.001 0.01559 0.0214 0.01746 -0.03705 -0.04747 0.07189
76  3.926  0.001 0.01675 0.02129 0.01843 -0.05778 -0.05371 -0.04215
169  3.935  0.001 0.01484 0.0219 0.01843 -0.0544 -0.04014 -0.07655
120  3.949  0.001 0.021 0.02296 0.01771 -0.07431 0.06818 0.3087
181  3.981  0.001 0.02335 0.02161 0.01762 0.08974 -0.1735 0.3378
269  3.984  0.001 0.02135 0.02201 0.0176 0.05366 -0.07578 0.1722
272  3.987  0.001 0.02079 0.02079 0.01753 0.009584 -0.1163 0.1021
88     4  0.001 0.02302 0.02082 0.01843 0.04934 -0.04685 -0.01428
327  4.003  0.001 0.0163 0.01992 0.01843 -0.1663 -0.07177 -0.1786
90  4.011  0.001 0.01702 0.01981 0.01843 -0.02387 -0.03662 -0.1909
269  4.012  0.001 0.02209 0.02096 0.01843 0.02589 -0.03631 -0.1066
114  4.016  0.001 0.01744 0.01734 0.01843 -0.06789 -0.07524 -0.1472
111  4.023  0.001 0.01807 0.02391 0.01843 -0.06371 0.05018 -0.1917
181  4.048  0.001 0.02166 0.01467 0.01722 -0.07668 0.03096 -0.2136
262  4.05  0.001 0.02187 0.0192 0.01771 -0.02341 0.1164 1.675
224  4.122  0.001 0.02018 0.01961 0.01745 0.004899 -0.1207 0.06546
78  4.138  0.001 0.02135 0.01983 0.01843 0.0319 -0.06799 -0.02256
220  4.152  0.001 0.01776 0.01856 0.01843 -0.04673 -0.07519 -0.1273
138  4.154  0.001 0.02024 0.02139 0.01747 -0.2914 -0.05613 0.4494
247  4.154  0.001 0.01852 0.02366 0.01746 -0.08583 0.08674 0.1559
7  4.221  0.001 0.02372 0.01895 0.01753 -0.1163 -1.235 1.746
137  4.223  0.001 0.02238 0.02115 0.01744 -0.2541 -0.02651 0.4934
296  4.226  0.001 0.02409 0.01987 0.01753 -0.05586 -0.119 0.2046
201  4.231  0.001 0.01962 0.02255 0.01747 -0.01386 -0.05282 0.2082
124  4.235  0.001 0.01867 0.02331 0.01745 -0.04329 0.02132 0.1568
209  4.238  0.001 0.01946 0.02305 0.01747 -0.04929 -0.01479 0.1143
124  4.258  0.001 0.01765 0.0238 0.01843 -0.04329 0.02132 -0.07267
296  4.263  0.001 0.02204 0.0155 0.01843 -0.05586 -0.119 -0.1556
190  4.264  0.001 0.02413 0.01851 0.01772 -0.0993 0.03852 -0.04795
65  4.267  0.001 0.02309 0.02199 0.01757 -0.4343 -0.0412 1.215
276  4.268  0.001 0.02323 0.01919 0.01762 -0.01682 -0.4701 0.524
193  4.268  0.001 0.02377 0.01711 0.01827 -0.0974 -0.0318 -0.2396
201  4.269  0.001 0.0191 0.02058 0.01843 -0.01386 -0.05282 -0.1566
325  4.27  0.001 0.02035 0.0229 0.01743 -0.2233 0.02217 0.2918
109  4.281  0.001 0.02369 0.01826 0.01744 -0.007941 -0.06586 0.03758
207  4.284  0.001 0.02028 0.0233 0.01755 0.08947 -0.1028 0.3747
222  4.287  0.001 0.01917 0.02308 0.01744 0.06682 -0.01312 0.08744
199  4.291  0.001 0.02397 0.0177 0.01831 -0.04136 -0.04704 -0.03363
307  4.293  0.001 0.01975 0.01481 0.01843 -0.009896 -0.1124 -0.288
143  4.301  0.001 0.01934 0.02332 0.01744 0.1084 0.01813 0.06732
308  4.307  0.001 0.01875 0.02355 0.01843 0.05985 0.01598 -0.01401
278  4.31  0.001 0.01687 0.02159 0.01843 -0.06468 -0.02128 -0.09922
221  4.312  0.001 0.02112 0.01549 0.01757 -0.003481 0.0618 0.5001
78  4.314  0.001 0.01498 0.02212 0.01843 0.03983 -0.05888 -0.0946
274  4.326  0.001 0.01905 0.02383 0.01753 0.274 0.08283 0.71
294  4.331  0.001 0.01898 0.02363 0.01749 0.1641 0.06085 0.2721
290  4.343  0.001 0.017 0.02084 0.01747 0.003332 0.005115 0.05565
187  4.344  0.001 0.02143 0.02101 0.01843 0.08639 -0.1257 -0.06334
313  4.347  0.001 0.02233 0.02297 0.01826 -0.05368 -0.06419 -0.06728
125  4.361  0.001 0.02006 0.02208 0.01744 -0.1613 -0.02207 0.0288
194  4.362  0.001 0.01472 0.01635 0.01828 0.05452 0.06898 0.02972
207  4.37  0.001 0.0238 0.0172 0.01796 -0.03165 0.05438 -0.09651
203  4.383  0.001 0.01465 0.02164 0.01784 0.03594 -0.06102 0.06525
221  4.412  0.001 0.02077 0.02168 0.01843 -0.003481 0.0618 -0.4829
274  4.498  0.001 0.02392 0.02059 0.01768 -0.3465 -0.008372 -0.09819
118  4.524  0.001 0.01767 0.02021 0.01843 -0.146 -0.03402 -0.0757
264  4.526  0.001 0.01688 0.01914 0.01843 -0.08099 -0.02613 -0.1187
184  4.532  0.001 0.02328 0.0182 0.01743 0.001493 0.02747 0.003997
79  4.533  0.001 0.01484 0.02125 0.01843 -0.1022 0.01148 -0.1742
140  4.607  0.001 0.0235 0.01998 0.0175 -0.02645 -0.03183 0.1201
11  4.612  0.001 0.01819 0.02408 0.01778 0.002976 -0.03963 -0.0003584
156  4.616  0.001 0.02173 0.02129 0.01781 -0.004732 0.08901 0.3873
236  4.72  0.001 0.01442 0.01691 0.01818 0.05642 0.06005 -0.09262
156  4.728  0.001 0.02012 0.02379 0.01759 0.001289 0.07539 0.1766
51  4.786  0.001 0.02252 0.01807 0.01766 -0.5386 -0.3035 1.045
113  4.802  0.001 0.01934 0.02173 0.01843 -0.05158 -0.009447 -0.07616
290  4.816  0.001 0.01454 0.02065 0.01843 -0.06012 -0.04217 -0.1444
44  4.819  0.001 0.01512 0.02223 0.01754 -0.1142 -0.08115 0.2536
331  4.965  0.001 0.01559 0.02125 0.01843 -0.05277 -0.03683 -0.09136
97  4.986  0.001 0.0224 0.0229 0.0177 -0.1059 0.08264 0.1255
127  5.031  0.001 0.0182 0.02157 0.01744 -0.01229 -0.006436 0.01439
113  5.038  0.001 0.02045 0.01951 0.01843 -0.06118 -0.0489 -0.05504
171  5.038  0.001 0.02062 0.02331 0.01748 0.001952 -0.02486 0.04274
252  5.045  0.001 0.02084 0.01846 0.01843 -0.03458 -0.03319 -0.08784
187  5.059  0.001 0.02008 0.02363 0.01843 -0.01486 -0.09031 -0.07979
153  5.061  0.001 0.02219 0.02068 0.01843 0.02519 -0.0667 -0.05872
31  5.075  0.001 0.02076 0.02188 0.01843 -0.0361 0.0149 -0.2748
308  5.091  0.001 0.02403 0.02017 0.01781 -0.03898 -0.05999 -0.03655
304  5.093  0.001 0.01553 0.021 0.01766 0.02352 -0.09583 0.1505
317  5.094  0.001 0.01851 0.01398 0.01801 -0.009827 0.07729 -0.1795
276  5.097  0.001 0.01749 0.02026 0.01755 -0.2112 0.009397 0.3264
304  5.117  0.001 0.0161 0.01868 0.01843 0.02352 -0.09583 -0.087
156  5.124  0.001 0.02168 0.02342 0.01841 0.004828 -0.04867 0.02649
276  5.126  0.001 0.01536 0.02061 0.01843 -0.07276 0.01241 -0.1119
156  5.128  0.001 0.0217 0.02319 0.01843 0.004828 -0.04867 -0.01919
50  5.139  0.001 0.02299 0.0219 0.01752 -0.08213 0.02655 0.05906
158  5.157  0.001 0.01743 0.02389 0.01811 0.1142 -0.1294 -0.05949
324  5.197  0.001 0.02145 0.02318 0.01774 -0.05216 0.1563 1.373
199  5.218  0.001 0.01876 0.01463 0.01748 -0.06428 0.03046 0.164
274  5.253  0.001 0.01731 0.01828 0.01843 -0.03606 0.1084 -0.1037
92  5.273  0.001 0.01883 0.02136 0.01744 0.002961 0.02709 0.0166
215  5.331  0.001 0.0164 0.02322 0.01843 0.04267 -0.03971 -0.04259
49  5.363  0.001 0.01738 0.02033 0.01748 0.1037 0.3575 2.051
291  5.365  0.001 0.01982 0.02045 0.01745 0.152 -0.007602 0.2351
302  5.371  0.001 0.0222 0.02058 0.01747 -0.3112 -0.08523 0.5257
162  5.376  0.001 0.0213 0.01751 0.01744 -0.1292 -0.2546 0.07079
272  5.383  0.001 0.0191 0.01709 0.01744 -0.08766 -0.1576 0.05444
225  5.387  0.001 0.02098 0.02133 0.01843 -0.05508 0.002156 -0.2119
152  5.393  0.001 0.01757 0.02263 0.01843 -0.1172 0.0631 -0.04526
284  5.396  0.001 0.02395 0.01946 0.01744 -0.07594 -0.03946 0.03689
255  5.455  0.001 0.01845 0.02352 0.01749 0.03511 -0.0228 0.1669
120  5.462  0.001 0.01941 0.02249 0.0175 0.08267 -0.05333 0.1028
195  5.47  0.001 0.01761 0.01949 0.01843 -0.02953 -0.1251 -0.06079
283  5.476  0.001 0.0198 0.02079 0.01843 0.05552 -0.08116 -0.06682
255  5.482  0.001 0.01939 0.02291 0.01843 0.03511 -0.0228 -0.09649
261  5.487  0.001 0.02246 0.02152 0.01748 -0.02322 -0.03041 0.1498
261  5.509  0.001 0.02196 0.02087 0.01843 -0.02322 -0.03041 -0.06149
26  5.538  0.001 0.01503 0.02219 0.0178 0.02406 -0.06811 -0.09615
194  5.541  0.001 0.01997 0.01403 0.01722 -0.07255 0.2259 -0.5371
255  5.543  0.001 0.01886 0.0213 0.01843 0.001595 -0.03644 -0.07791
158  5.544  0.001 0.0143 0.01981 0.01843 -0.1275 -0.02844 -0.2762
283  5.546  0.001 0.01478 0.01729 0.01843 0.07348 0.02723 -0.2994
225  5.554  0.001 0.01933 0.01494 0.01843 0.01192 0.03776 -0.3077
97  5.588  0.001 0.02379 0.01715 0.0178 -0.04617 0.06128 0.1694
114  5.601  0.001 0.01763 0.02395 0.0175 -0.1068 -0.2448 -0.109
97  5.619  0.001 0.02239 0.019 0.01843 -0.04617 0.06128 -0.1273
307  5.681  0.001 0.02344 0.01645 0.01794 -0.1043 -0.07276 0.08949
338  5.682  0.001 0.01714 0.02378 0.01749 0.0202 -0.06268 0.006234
234  5.71  0.001 0.02112 0.02086 0.01744 0.02454 0.007877 0.01007
31  5.727  0.001 0.01955 0.01885 0.01843 -0.09085 -0.1067 -0.1086
281  5.735  0.001 0.02187 0.01488 0.01843 0.04975 -0.1377 -0.1661
265  5.849  0.001 0.02265 0.02226 0.01747 0.001233 0.01061 0.04672
48  5.861  0.001 0.01781 0.024 0.01766 -0.1056 -0.3443 0.03951
48  5.886  0.001 0.01688 0.01939 0.01843 -0.03219 -0.1727 -0.08414
17  5.984  0.001 0.02239 0.02031 0.01764 0.1945 -1.159 1.389
156  5.985  0.001 0.02201 0.01605 0.01756 0.2394 -2.786 1.04
183  5.985  0.001 0.02295 0.01681 0.01752 -0.03166 -2.174 0.8366
173  5.985  0.001 0.02345 0.01882 0.01753 0.03468 -0.7837 0.9247
263  5.985  0.001 0.02143 0.01897 0.01747 -0.1352 -0.6369 0.7507
288  5.986  0.001 0.02416 0.0191 0.01795 -0.4042 -0.821 0.4962
230  5.986  0.001 0.02398 0.01773 0.01755 -0.3383 -0.3939 0.05422
160  5.986  0.001 0.02361 0.019 0.01747 0.06457 -0.3746 0.6257
125  5.987  0.001 0.01586 0.02118 0.01746 -0.2111 -0.09452 0.2569
147  5.989  0.001 0.02379 0.0184 0.01753 0.4074 -0.9426 1.277
184  5.989  0.001 0.02318 0.01932 0.01756 0.1723 -0.6154 1.154
294  5.989  0.001 0.02226 0.02246 0.01746 0.1433 -0.08525 0.5309
32  5.99  0.001 0.0209 0.02178 0.01749 -0.08476 -0.2398 0.4254
105  5.991  0.001 0.02301 0.01668 0.01744 0.1037 -0.4979 0.1593
146  5.995  0.001 0.02272 0.01933 0.01744 0.2166 -0.3344 0.2922
166  6.032  0.001 0.01639 0.02284 0.01843 -0.08039 0.01465 -0.1774
5  6.052  0.001 0.01421 0.02066 0.01782 0.08995 0.005222 0.000261
234  6.054  0.001 0.01756 0.02394 0.01759 0.07077 -0.01644 -0.08715
170  6.063  0.001 0.01397 0.01948 0.01768 0.0467 0.0007073 0.02869
83  6.069  0.001 0.0234 0.01638 0.01744 -0.1014 0.09928 -0.07926
288  6.072  0.001 0.01427 0.01729 0.01744 0.1441 0.02722 -0.3243
233  6.08  0.001 0.01399 0.01842 0.01776 0.1204 0.05047 0.02517
32  6.089  0.001 0.01789 0.01408 0.01717 0.03702 0.1374 -0.317
334  6.104  0.001 0.01396 0.01865 0.01787 0.2084 -0.04471 0.09595
300  6.118  0.001 0.01419 0.01749 0.0175 0.2463 -0.1257 0.07476
294  6.124  0.001 0.02283 0.01562 0.01758 -0.1538 0.1274 -0.4108
112  6.141  0.001 0.01614 0.02324 0.01746 0.01333 -0.01417 -0.01065
209  6.15  0.001 0.02302 0.02018 0.01743 -0.2086 -0.2145 0.04613
9  6.167  0.001 0.02034 0.02186 0.01744 0.007865 -0.02245 0.2995
298  6.221  0.001 0.01911 0.01918 0.01843 0.01934 -0.08373 -0.04287
9  6.225  0.001 0.0208 0.02057 0.01843 0.007865 -0.02245 -0.2651
318  6.227  0.001 0.01442 0.02119 0.01768 -0.04866 -0.3694 0.4447
157  6.227  0.001 0.01524 0.02245 0.01799 0.2039 -0.06583 0.2491
298  6.253  0.001 0.02314 0.016 0.01839 -0.0742 0.04051 -0.04107
233  6.259  0.001 0.01672 0.01451 0.01818 0.02698 0.07645 -0.0924
166  6.283  0.001 0.01521 0.01569 0.01737 0.1033 0.07754 -0.1805
157  6.288  0.001 0.02414 0.01864 0.01753 -0.08504 -0.04904 -0.1377
21  6.294  0.001 0.02199 0.01619 0.01754 -0.2243 0.01869 0.1006
9  6.338  0.001 0.02351 0.01893 0.01843 -0.03833 -0.07083 -0.07364
222  6.346  0.001 0.02236 0.01976 0.01749 -0.108 -0.2089 0.06089
143   6.4  0.001 0.01695 0.02105 0.01748 -0.04543 -0.1396 0.1082
81  6.436  0.001 0.02389 0.01743 0.01762 -0.677 -0.4194 1.419
314  6.448  0.001 0.02021 0.02273 0.01748 0.2691 -0.0414 0.2551
215  6.45  0.001 0.01718 0.01485 0.01843 0.03917 0.07084 -0.2256
136  6.497  0.001 0.02118 0.01967 0.01843 -0.08522 -0.02343 -0.1437
314  6.513  0.001 0.02401 0.01942 0.01751 -0.07762 0.01857 0.07539
194  6.522  0.001 0.01874 0.02339 0.01743 0.06245 -0.01739 0.0504
181  6.531  0.001 0.01535 0.01554 0.01753 0.123 0.1165 -0.2494
294  6.561  0.001 0.01622 0.01522 0.01843 0.04824 0.04054 -0.14
259  6.562  0.001 0.01502 0.01592 0.01722 0.1432 0.1502 -0.3228
9  6.58  0.001 0.01996 0.01403 0.01712 0.03022 0.1701 -0.334
295  6.642  0.001 0.01576 0.01515 0.01736 0.212 0.2015 -0.4772
194   6.7  0.001 0.01913 0.02194 0.01843 -0.02185 -0.01927 -0.2544
258  6.801  0.001 0.02226 0.02089 0.01745 -0.01072 0.05501 0.152
199  6.803  0.001 0.02057 0.0202 0.01744 -0.03631 0.005487 0.01208
258  6.823  0.001 0.02202 0.02209 0.01843 -0.01072 0.05501 -0.06181
318  6.834  0.001 0.02239 0.01971 0.01746 0.002845 -0.05223 0.01133
146  6.855  0.001 0.02218 0.01652 0.01768 0.04031 0.09271 0.222
16  6.878  0.001 0.02053 0.01756 0.01746 -0.04471 -0.1059 0.06818
134  6.878  0.001 0.02163 0.02025 0.01744 -0.005292 0.04342 0.05429
230  6.894  0.001 0.01946 0.02266 0.01744 -0.2412 0.1775 0.5151
146  6.896  0.001 0.02386 0.02038 0.01843 0.03869 0.09579 -0.1774
292   6.9  0.001 0.02275 0.0199 0.01748 0.0872 -0.268 0.234
144   6.9  0.001 0.02174 0.02225 0.01751 -0.05388 -0.0024 0.1997
253  6.923  0.001 0.01569 0.01905 0.01843 -0.1342 -0.07055 -0.09507
144  6.936  0.001 0.01983 0.02216 0.01843 -0.05388 -0.0024 -0.1479
292  6.948  0.001 0.02279 0.01558 0.01805 -0.05445 0.02329 -0.2141
252  6.998  0.001 0.02193 0.01848 0.01843 0.0191 -0.05448 -0.2096
283  7.003  0.001 0.01541 0.02263 0.01704 0.1064 -0.1132 -0.3376
86  7.015  0.001 0.02221 0.02203 0.01748 0.01631 -0.05397 0.2753
308  7.019  0.001 0.0229 0.01845 0.01757 0.08299 -0.03794 0.1898
178  7.019  0.001 0.02176 0.01983 0.01775 0.1057 -0.299 0.3863
312  7.023  0.001 0.02207 0.01713 0.01757 0.0364 -0.2136 0.1361
194  7.042  0.001 0.01455 0.01823 0.01748 0.05016 -0.02366 0.07151
137  7.051  0.001 0.02177 0.01607 0.01759 -0.01836 -0.2735 0.5275
86  7.07  0.001 0.02345 0.01941 0.01843 0.02271 -0.04755 -0.2508
308  7.078  0.001 0.02379 0.01717 0.01837 -0.5164 -0.4497 1.297
313  7.08  0.001 0.02082 0.02292 0.01767 0.3525 -0.4893 1.106
111  7.081  0.001 0.01903 0.02277 0.01756 -0.0934 -0.2178 0.5803
323  7.084  0.001 0.02021 0.02097 0.01746 0.1235 -0.26 0.3101
325  7.087  0.001 0.02355 0.02085 0.01747 0.4059 -0.2565 0.2533
144  7.09  0.001 0.02007 0.02115 0.01843 -0.01364 -0.02538 -0.1991
328  7.091  0.001 0.01988 0.01612 0.01843 -0.05677 -0.08896 -0.2488
314  7.119  0.001 0.02193 0.01483 0.01771 -0.1126 0.1041 -0.05803
136  7.165  0.001 0.02348 0.01948 0.0175 -0.1452 0.2314 0.1778
291  7.209  0.001 0.01604 0.02089 0.01753 -0.1422 -0.1536 0.1536
180  7.238  0.001 0.01851 0.02143 0.01843 -0.0006031 -0.03731 -0.09025
146  7.244  0.001 0.02247 0.02124 0.01843 -0.01759 0.05048 -0.3863
336  7.256  0.001 0.01656 0.0223 0.01774 0.06246 -0.4169 0.9799
88  7.262  0.001 0.0158 0.02164 0.01753 -0.01429 -0.08277 0.212
119  7.273  0.001 0.01808 0.02094 0.01744 -0.004334 -0.1898 0.1024
88   7.3  0.001 0.01525 0.01846 0.01843 -0.01429 -0.08277 -0.1649
144  7.368  0.001 0.01463 0.01798 0.01843 0.05532 -0.01722 -0.2021
312  7.399  0.001 0.01413 0.01772 0.01729 0.2144 0.1052 -0.5297
149  7.408  0.001 0.02099 0.01513 0.01745 0.09361 -0.7938 1.304
29  7.426  0.001 0.02259 0.02173 0.01754 -2.232 1.501 2.74
30  7.43  0.001 0.02415 0.01915 0.01816 -0.1535 -0.1924 0.1808
257  7.43  0.001 0.02259 0.0218 0.01747 -0.1958 -0.1509 0.3289
176  7.447  0.001 0.01756 0.02024 0.01744 -0.1753 -0.2023 0.09059
146  7.452  0.001 0.01828 0.02329 0.01743 -0.09346 0.002115 0.0486
4  7.478  0.001 0.01713 0.01724 0.01843 -0.144 0.117 -0.1605
257  7.492  0.001 0.01394 0.01905 0.01799 0.08937 0.01286 -0.1472
52  7.503  0.001 0.02345 0.01962 0.01843 0.03798 -0.05558 -0.2674
86  7.508  0.001 0.01573 0.0153 0.01843 0.05764 0.05319 -0.2051
41  7.517  0.001 0.0165 0.01463 0.01775 -0.01547 0.1418 -0.08832
52  7.546  0.001 0.02397 0.01837 0.01843 -0.03206 -0.007146 -0.07022
268  7.551  0.001 0.02404 0.01797 0.01776 -0.1441 -0.05915 0.02034
52  7.574  0.001 0.01818 0.01782 0.01843 -0.2147 -0.01985 -0.1276
104  7.626  0.001 0.02045 0.01717 0.01747 -0.01054 0.01282 0.0394
55  7.661  0.001 0.01645 0.01562 0.01746 0.1202 0.05388 0.5472
83  7.706  0.001 0.01696 0.02365 0.01843 -0.05798 -0.05095 -0.08042
166  7.711  0.001 0.01473 0.01931 0.01843 -0.04808 -0.1125 -0.01353
255  7.726  0.001 0.01425 0.0198 0.01843 -0.05873 -0.07748 -0.1214
255  7.746  0.001 0.01408 0.01806 0.01843 0.0821 -0.08076 -0.1147
325  7.778  0.001 0.02249 0.01724 0.01744 -0.0008282 0.1502 0.09045
55  7.783  0.001 0.02401 0.02024 0.01803 -0.172 0.09935 0.1039
218  7.787  0.001 0.02198 0.01655 0.01788 0.0299 0.3899 1.144
171  7.79  0.001 0.02111 0.01875 0.01753 -0.07665 0.2997 0.232
103  7.792  0.001 0.02159 0.01647 0.01747 -0.01458 0.2442 0.3554
187  7.793  0.001 0.02005 0.01684 0.0175 -0.1371 0.1646 0.3325
256  7.795  0.001 0.02201 0.01564 0.01753 -0.09446 0.008564 0.2522
252  7.799  0.001 0.02357 0.01945 0.01744 0.06939 0.06976 0.05059
55  7.799  0.001 0.02124 0.02184 0.01843 -0.172 0.09935 -0.05437
171  7.838  0.001 0.01832 0.0241 0.01833 -0.03912 -0.06757 -0.2006
256  7.843  0.001 0.01752 0.01604 0.01843 -0.09446 0.008564 -0.2142
181  7.85  0.001 0.01996 0.02239 0.01744 0.006257 -0.0434 0.0733
94  7.884  0.001 0.01894 0.01528 0.01743 0.04042 0.07512 0.1251
159  7.936  0.001 0.02335 0.01907 0.01757 0.2146 -0.3556 0.4022
323  7.936  0.001 0.02299 0.02026 0.01767 0.174 -0.3054 0.4955
296  7.937  0.001 0.02178 0.01975 0.01769 0.04735 -0.2643 0.3896
225  7.938  0.001 0.02163 0.02027 0.01754 0.02538 -0.2576 0.3386
30  7.95  0.001 0.01961 0.01878 0.01752 -0.02272 -0.4631 0.2005
199  7.952  0.001 0.01793 0.02219 0.01752 -0.1965 -0.03218 0.1699
1  7.973  0.001 0.02299 0.02099 0.01843 0.005311 -0.03861 -0.1446
30  7.992  0.001 0.0184 0.01549 0.01843 -0.03173 0.09759 -0.1715
325  7.999  0.001 0.02038 0.02344 0.01747 0.03854 -0.06453 0.3429
325  8.066  0.001 0.02296 0.01912 0.01843 0.03854 -0.06453 -0.3143
252  8.095  0.001 0.02341 0.0217 0.01779 -0.2355 0.1803 0.09646
195  8.099  0.001 0.02035 0.01412 0.01723 -0.08748 0.2108 -0.4812
113  8.109  0.001 0.01445 0.01785 0.01749 0.08976 -0.01516 0.1351
334  8.146  0.001 0.01815 0.02364 0.01843 -0.1357 0.05176 -0.1443
182  8.293  0.001 0.02305 0.01945 0.01757 0.01644 -0.1303 0.1326
325  8.305  0.001 0.02248 0.01625 0.01843 -0.07321 -0.1036 -0.09388
182  8.309  0.001 0.02332 0.01734 0.01843 0.01644 -0.1303 -0.02582
40  8.438  0.001 0.02224 0.02162 0.01774 -0.103 -0.1562 0.3019
105  8.452  0.001 0.02325 0.01935 0.01779 -0.3062 -0.0003755 0.5766
183  8.459  0.001 0.01983 0.02105 0.01752 -1.115 -0.9888 1.332
187  8.468  0.001 0.01872 0.02008 0.01744 -0.1079 -0.2234 0.1302
58  8.492  0.001 0.02124 0.01908 0.01843 -0.07672 -0.04086 -0.1444
246  8.497  0.001 0.02392 0.0192 0.01775 -0.2399 -1.717 2.256
40  8.503  0.001 0.01695 0.0144 0.01837 0.03588 0.07433 -0.05744
326  8.506  0.001 0.02176 0.01757 0.01744 -0.3577 -0.1673 0.07586
104  8.54  0.001 0.0151 0.01582 0.01827 0.02108 0.06534 -0.08258
52  8.564  0.001 0.01568 0.01952 0.01843 -0.03442 -0.08136 -0.1249
261  8.658  0.001 0.02358 0.01671 0.01778 -0.7093 -0.4309 0.4971
137  8.699  0.001 0.01443 0.0176 0.01747 0.1411 -0.1077 0.1241
252  8.772  0.001 0.01873 0.01417 0.01843 -0.005384 0.08128 -0.2078
120  8.796  0.001 0.01658 0.02313 0.01745 0.4144 0.2234 1.311
261  8.796  0.001 0.01541 0.02263 0.01745 -0.1192 -0.4183 0.2673
19  8.809  0.001 0.02111 0.0199 0.01745 0.02111 -0.007202 0.08957
318  8.833  0.001 0.02172 0.02084 0.01843 0.03807 -0.02453 -0.06811
41  8.848  0.001 0.02109 0.02121 0.01843 0.009177 0.006175 -0.1872
50  8.877  0.001 0.023 0.02158 0.01748 0.09821 0.01887 0.03591
270  8.931  0.001 0.01632 0.0227 0.01759 0.01261 -0.03481 0.4881
119  8.938  0.001 0.02214 0.01499 0.01747 -0.05122 0.1772 -0.4105
270  9.029  0.001 0.01756 0.0193 0.01843 0.01261 -0.03481 -0.4708
124  9.071  0.001 0.02189 0.01858 0.01754 0.6585 -2.345 1.797
260  9.073  0.001 0.02208 0.01811 0.01747 0.3622 -1.304 0.8508
32  9.074  0.001 0.02299 0.01974 0.01753 0.1909 -0.3315 0.4682
159  9.086  0.001 0.02044 0.02189 0.01743 -0.1441 -0.007943 0.04009
219  9.101  0.001 0.02233 0.01724 0.01743 0.3427 0.4273 0.4668
119  9.105  0.001 0.01868 0.01406 0.01843 -0.04947 0.05675 -0.04786
261  9.136  0.001 0.01677 0.01627 0.01786 0.06841 0.5527 1.112
298  9.146  0.001 0.02298 0.01784 0.01744 -0.1167 0.04422 0.04916
74  9.227  0.001 0.02029 0.02318 0.01788 -0.2384 -0.2452 1.637
178  9.228  0.001 0.02257 0.0208 0.01746 0.1539 -0.4048 0.546
111  9.264  0.001 0.01848 0.0227 0.01753 -0.4366 2.056 3.547
164  9.309  0.001 0.0179 0.0235 0.01773 -0.06598 0.1105 0.2351
219  9.391  0.001 0.0153 0.01559 0.01733 0.2395 0.1076 -0.3761
30  9.465  0.001 0.01723 0.02268 0.01751 -0.4646 0.04064 0.329
158  9.468  0.001 0.02339 0.02173 0.01762 -0.1229 0.01724 0.1686
152  9.493  0.001 0.0196 0.02306 0.01843 -0.1734 0.05091 -0.04692
75  9.496  0.001 0.02303 0.02156 0.01775 -0.1009 -0.4999 2.097
92  9.529  0.001 0.0163 0.01787 0.01747 0.03343 0.2355 0.1736
158  9.533  0.001 0.01553 0.02275 0.01757 0.04598 -0.09398 -0.1049
92  9.568  0.001 0.01757 0.02394 0.01817 0.03161 -0.06289 -0.07637
21  9.574  0.001 0.01534 0.01841 0.01843 0.1153 0.05693 -0.1623
296  9.715  0.001 0.02146 0.01854 0.01756 0.03439 -0.1354 0.08446
21  9.728  0.001 0.02208 0.02236 0.01843 0.07318 0.04046 -0.06912
252  9.74  0.001 0.02254 0.01634 0.01843 0.04501 -0.1278 -0.1039
114  9.745  0.001 0.01954 0.0187 0.01843 -0.007724 -0.06709 -0.1504
307  9.806  0.001 0.02166 0.01674 0.01774 -0.1786 0.213 0.549
295  9.806  0.001 0.02179 0.01832 0.01743 -0.07319 0.1295 0.2967
164  9.838  0.001 0.0202 0.02099 0.01747 0.03549 -0.2496 0.229
144  9.873  0.001 0.02071 0.02062 0.01751 -0.3499 -0.1821 0.1955
295  9.874  0.001 0.01814 0.02401 0.01843 0.01181 -0.06946 -0.1448
164  9.892  0.001 0.02097 0.01432 0.01838 -0.01772 0.06582 -0.1683
144  9.92  0.001 0.01538 0.01605 0.01843 0.08905 -0.02294 -0.1658
234  10.1  0.001 0.02284 0.02116 0.0176 0.1407 -0.06866 0.1563
78  10.1  0.001 0.02226 0.02166 0.01765 0.5149 -0.1636 1.461
295  10.2  0.001 0.01848 0.02334 0.0175 -0.4816 -0.1773 0.6885
22  10.21  0.001 0.01896 0.02242 0.01761 -0.2637 -0.2878 0.5377
267  10.21  0.001 0.02177 0.02183 0.01755 0.05894 -0.3246 0.466
109  10.25  0.001 0.0202 0.02285 0.01746 -0.3664 -0.1914 1.002
129  10.29  0.001 0.0186 0.02247 0.01785 -0.8339 -0.5284 1.604
230  10.31  0.001 0.02281 0.01771 0.01754 0.03088 -0.5449 0.3813
234  10.31  0.001 0.02243 0.02047 0.01751 -0.2195 -0.1574 0.4693
337  10.32  0.001 0.0221 0.0208 0.01752 -0.009988 -0.2553 0.3877
172  10.32  0.001 0.02316 0.01977 0.01748 0.004417 -0.3952 0.2882
125  10.32  0.001 0.0231 0.01785 0.01746 -0.001956 -0.08003 0.1328
136  10.4  0.001 0.0198 0.02255 0.01746 -0.04386 -0.1935 0.5316
55  10.45  0.001 0.02012 0.01406 0.01725 -0.08712 0.1773 -0.4322
134  10.52  0.001 0.02183 0.02269 0.01753 -0.2925 0.1924 0.1543
134  10.55  0.001 0.01633 0.02336 0.01801 -0.1012 -0.07501 -0.1333
162  10.7  0.001 0.02232 0.02052 0.01752 0.09609 -1.56e-06 0.07344
136  10.72  0.001 0.01853 0.0147 0.01774 -0.112 -0.006187 0.205
317  10.84  0.001 0.02307 0.02129 0.01753 -6.658 -3.342 7.371
260  10.85  0.001 0.01639 0.02204 0.01744 -0.4098 -0.116 0.1816
88  10.85  0.001 0.0189 0.02164 0.01745 -0.2592 -0.1436 0.1952
103  10.86  0.001 0.02005 0.01891 0.01751 -0.07621 0.3154 0.2617
88  10.9  0.001 0.01515 0.01576 0.01738 0.0959 -0.005635 -0.1059
256  11.1  0.001 0.02146 0.02182 0.01743 0.02536 0.02267 -0.01549
103  11.18  0.001 0.01684 0.02311 0.01757 -0.1921 -0.01407 0.05782
48  11.26  0.001 0.02258 0.02052 0.01756 0.03667 -0.05126 -0.01347
227  11.31  0.001 0.02171 0.0218 0.01743 -0.3591 -0.3154 0.6207
105  11.32  0.001 0.02295 0.02079 0.01771 -0.08649 -0.2228 0.4361
268  11.32  0.001 0.02046 0.02239 0.01744 -0.1578 -0.0387 0.2887
5  11.32  0.001 0.02259 0.02074 0.01749 0.03845 -0.0983 0.2171
267  11.44  0.001 0.02138 0.02178 0.01752 -0.1992 -0.7343 1.358
83  11.48  0.001 0.01432 0.01777 0.01843 0.07367 -0.01392 -0.117
195  11.57  0.001 0.01822 0.02082 0.01755 0.02883 0.01095 0.07096
249  11.64  0.001 0.02348 0.01836 0.01751 -0.68 0.08727 0.2053
152  11.69  0.001 0.02004 0.0208 0.01753 -0.3678 -0.7172 0.9532
307  11.69  0.001 0.01923 0.01855 0.01744 -0.2826 -0.4106 0.2019
249  11.69  0.001 0.01756 0.01951 0.01843 0.1339 -0.006629 -0.2122
285  11.71  0.001 0.02286 0.02028 0.01755 -0.03339 -0.1874 0.3386
307  11.74  0.001 0.01466 0.01697 0.01843 -0.03295 0.09408 -0.1953
32  11.8  0.001 0.02106 0.02276 0.0175 0.04748 0.03704 0.3372
219  11.85  0.001 0.01849 0.02235 0.01843 -0.02683 0.008997 -0.1879
22  11.85  0.001 0.01947 0.02176 0.01745 0.04787 -0.09053 0.09502
30  12.08  0.001 0.02211 0.02173 0.01762 0.3122 -0.5127 1.045
32  12.08  0.001 0.02371 0.02109 0.01753 0.2906 -0.6196 0.579
295  12.08  0.001 0.02073 0.02188 0.0175 0.02694 -0.2561 0.7486
102  12.08  0.001 0.02094 0.02026 0.01744 0.05508 -0.2615 0.4519
331  12.08  0.001 0.02202 0.02024 0.01744 0.1083 -0.3627 0.506
136  12.08  0.001 0.02192 0.02103 0.01744 0.09992 -0.3336 0.5407
166  12.08  0.001 0.02341 0.02154 0.01755 0.2539 -0.2648 0.3688
224  12.1  0.001 0.01848 0.0213 0.01745 -0.05204 -0.1015 0.03741
187  12.24  0.001 0.0211 0.01438 0.01754 -0.1367 0.195 -0.4849
268  12.58  0.001 0.01818 0.02323 0.01743 0.1121 -0.01336 0.1487
268  12.6  0.001 0.02045 0.02296 0.01843 0.1121 -0.01336 -0.04997
199  12.65  0.001 0.01975 0.02098 0.01843 -0.09897 0.02263 -0.2283
44  12.76  0.001 0.02151 0.0219 0.01745 -0.2811 0.1128 0.04717
178  12.82  0.001 0.02214 0.01838 0.01751 -1.752 -3.324 1.467
281  12.9  0.001 0.02252 0.01709 0.01773 0.04216 1.247 1.78
136  12.9  0.001 0.02038 0.01993 0.01747 -0.442 0.8143 0.5509
257  12.9  0.001 0.01924 0.01582 0.01748 -0.5852 0.1922 0.5967
26  12.9  0.001 0.02035 0.01617 0.01754 -0.3811 0.2531 0.6089
166  12.9  0.001 0.02182 0.01956 0.01744 -0.09089 0.6062 0.4202
119  12.91  0.001 0.0226 0.0185 0.01749 0.1279 0.3962 0.404
252  12.91  0.001 0.02096 0.01936 0.01744 -0.04807 0.4427 0.33
138  12.93  0.001 0.0232 0.0186 0.01744 0.07233 0.1407 0.09195
252  12.96  0.001 0.01854 0.02349 0.01843 -0.03816 -0.05796 -0.2819
166  12.99  0.001 0.0152 0.02239 0.01755 0.05559 -0.1166 -0.1813
5  12.99  0.001 0.02217 0.02213 0.01753 -0.04193 0.1355 0.1947
5  13.11  0.001 0.02046 0.02334 0.01769 -0.1479 -0.1935 1.772
227  13.11  0.001 0.02084 0.02206 0.0176 0.06289 -0.1731 0.7015
199  13.18  0.001 0.01634 0.01473 0.01733 0.06326 0.08705 -0.139
137  13.25  0.001 0.02359 0.02025 0.01744 -0.06037 0.03734 0.01359
227  13.28  0.001 0.02163 0.01465 0.01765 -0.1156 0.2008 -0.4858
233  13.39  0.001 0.02403 0.01899 0.01747 0.65 -1.891 2.452
9  13.91  0.001 0.02019 0.02123 0.01843 0.1541 0.09775 -0.2999
337  13.92  0.001 0.02179 0.0223 0.01758 -0.06778 -0.1498 1.017
9  14.05  0.001 0.0219 0.01497 0.01761 0.01997 -0.009243 0.2255
225  14.27  0.001 0.02203 0.02213 0.01751 0.09834 -0.06812 0.2783
270  14.29  0.001 0.02277 0.02107 0.01746 0.03699 -0.01315 0.08619
55  14.7  0.001 0.01636 0.01819 0.01843 0.02122 0.09785 -0.3318
285  14.95  0.001 0.0235 0.0195 0.0177 -2.319 -2.998 2.393
234  15.02  0.001 0.02122 0.02127 0.01757 0.0962 -0.07936 0.1797
48  15.1  0.001 0.02096 0.01771 0.01788 -0.03155 0.1004 0.2203
48  15.14  0.001 0.01963 0.02195 0.01843 -0.03155 0.1004 -0.1939
125  15.21  0.001 0.02139 0.01902 0.01769 -0.08343 0.325 0.2725
213  15.35  0.001 0.02346 0.01997 0.01762 0.5544 -0.7646 1.222
9  15.35  0.001 0.02326 0.0168 0.01744 -0.08556 -1.436 0.6567
40  15.35  0.001 0.0239 0.01872 0.01748 0.03843 -0.6472 0.5022
230  15.36  0.001 0.02367 0.01817 0.01747 0.2843 -0.1177 0.3128
326  15.38  0.001 0.01593 0.01557 0.01843 -0.09987 0.003943 -0.24
338  15.41  0.001 0.02324 0.01726 0.01843 0.03097 -0.09931 -0.2093
40  15.48  0.001 0.01529 0.01561 0.01728 0.1071 0.1844 -0.3595
138  15.5  0.001 0.01734 0.0169 0.01748 -0.06737 0.1493 0.2499
137  15.52  0.001 0.0219 0.01481 0.01779 -0.1115 0.2256 -0.4987
138  15.56  0.001 0.01553 0.02275 0.01784 0.06054 -0.02779 -0.1671
195  15.63  0.001 0.02206 0.02259 0.01752 -0.4903 0.01469 0.9996
227  15.76  0.001 0.01977 0.0222 0.01775 -0.005594 -0.02842 0.1663
227  15.79  0.001 0.01961 0.02137 0.01843 -0.005594 -0.02842 -0.1197
225  15.93  0.001 0.01869 0.0218 0.01757 0.01968 -0.1287 0.1649
225  15.96  0.001 0.01922 0.01831 0.01843 0.01968 -0.1287 -0.101
260  15.99  0.001 0.02087 0.02186 0.01748 0.1096 -0.2088 0.2497
234    16  0.001 0.0229 0.02183 0.01751 -0.232 0.091 0.09902
260  16.04  0.001 0.02317 0.01605 0.01802 -0.05601 0.04701 -0.2152
144  16.25  0.001 0.02055 0.02235 0.01754 0.06678 -0.1082 0.2068
144  16.28  0.001 0.02304 0.01832 0.01843 0.06678 -0.1082 -0.159
105  16.36  0.001 0.02111 0.02201 0.01778 -0.02286 -0.5519 0.9364
26  16.37  0.001 0.02356 0.02065 0.01744 0.2002 -0.1856 0.212
136  16.57  0.001 0.02347 0.01966 0.01745 0.09342 -0.1891 0.4599
125  17.47  0.001 0.02386 0.01855 0.01743 0.1486 -0.2722 0.1446
136  17.48  0.001 0.02087 0.02002 0.01747 -0.7716 -0.5162 0.5539
40  17.54  0.001 0.02031 0.01436 0.01843 -0.07771 -0.006463 -0.2794
119  17.79  0.001 0.01809 0.01851 0.01774 -0.02454 -0.04938 1.448
249  17.97  0.001 0.02052 0.02118 0.01753 -5.104 -2.294 2.501
9  20.1  0.001 0.02386 0.02074 0.01831 -0.3961 -0.1424 1.115
