# ID time  diameter x y z u v w  (ex ey ez, color)
19  0.005822  0.001 0.01618 0.01691 0.01843    0    0 -0.15
18  0.008055  0.001 0.01853 0.0157 0.01843    0    0 -0.15
25  0.008721  0.001 0.01654 0.01597 0.01843    0    0 -0.15
5  0.009494  0.001 0.01754 0.01674 0.01843    0    0 -0.15
13  0.01091  0.001 0.0216 0.01586 0.01843    0    0 -0.15
2  0.01151  0.001 0.01482 0.01773 0.01843    0    0 -0.15
22  0.01168  0.001 0.0201 0.01537 0.01843    0    0 -0.15
12  0.01191  0.001 0.02296 0.01804 0.01843    0    0 -0.15
8  0.01807  0.001 0.01789 0.01638 0.01843    0    0 -0.15
17  0.01842  0.001 0.01953 0.01867 0.01843    0    0 -0.15
20  0.01901  0.001 0.02067 0.01857 0.01843    0    0 -0.15
26  0.02043  0.001 0.0162 0.01808 0.01843    0    0 -0.15
21  0.02098  0.001 0.02201 0.0177 0.01843    0    0 -0.15
1  0.02122  0.001 0.01626 0.01686 0.01843    0    0 -0.15
16  0.02189  0.001 0.01864 0.01738 0.01843    0    0 -0.15
10  0.02223  0.001 0.01616 0.01567 0.01843    0    0 -0.15
14  0.02378  0.001 0.01871 0.01898 0.01843    0    0 -0.15
6  0.02426  0.001 0.0216 0.01895 0.01843    0    0 -0.15
3  0.02679  0.001 0.02053 0.01703 0.01843    0    0 -0.15
4  0.03104  0.001 0.01711 0.01814 0.01843    0    0 -0.15
24  0.03378  0.001 0.01511 0.01726 0.01843    0    0 -0.15
7  0.03549  0.001 0.01769 0.01745 0.01843    0    0 -0.15
11  0.0357  0.001 0.02163 0.01831 0.01843    0    0 -0.15
15  0.03618  0.001 0.02183 0.01624 0.01843    0    0 -0.15
23  0.03721  0.001 0.02006 0.01532 0.01843    0    0 -0.15
9  0.03998  0.001 0.01883 0.0192 0.01843    0    0 -0.15
56  0.04795  0.001 0.02234 0.01837 0.01843    0    0 -0.15
93  0.04877  0.001 0.01543 0.01798 0.01843    0    0 -0.15
41  0.04971  0.001 0.01702 0.01859 0.01843    0    0 -0.15
61  0.05101  0.001 0.01894 0.01545 0.01843    0    0 -0.15
11  0.05243  0.001 0.02083 0.01946 0.01843 -0.04366 0.06522 -0.06865
117  0.05308  0.001 0.01809 0.01841 0.01843    0    0 -0.15
106  0.05805  0.001 0.01813 0.01548 0.01843    0    0 -0.15
59  0.05863  0.001 0.01511 0.01696 0.01843    0    0 -0.15
62  0.06052  0.001 0.01688 0.01696 0.01843    0    0 -0.15
43  0.06122  0.001 0.01944 0.01617 0.01843    0    0 -0.15
53  0.06694  0.001 0.01517 0.01768 0.01843    0    0 -0.15
35  0.07017  0.001 0.0164 0.01659 0.01843    0    0 -0.15
78  0.07377  0.001 0.01603 0.01891 0.01843    0    0 -0.15
112  0.07428  0.001 0.02136 0.01577 0.01843    0    0 -0.15
104  0.07551  0.001 0.02037 0.01475 0.01843    0    0 -0.15
90  0.07578  0.001 0.02194 0.01688 0.01843    0    0 -0.15
83  0.08011  0.001 0.01952 0.01848 0.01843    0    0 -0.15
69  0.08108  0.001 0.01639 0.01582 0.01843    0    0 -0.15
63  0.08203  0.001 0.01595 0.01801 0.01843    0    0 -0.15
56  0.08262  0.001 0.02227 0.01952 0.01843 -0.002667 0.04434 -0.06139
113  0.08299  0.001 0.02269 0.01654 0.01843    0    0 -0.15
33  0.08299  0.001 0.01504 0.01872 0.01843    0    0 -0.15
107  0.08314  0.001 0.02125 0.01911 0.01843    0    0 -0.15
38  0.08538  0.001 0.01754 0.01674 0.01843    0    0 -0.15
50  0.08804  0.001 0.02045 0.01485 0.01843    0    0 -0.15
89  0.08837  0.001 0.01656 0.01692 0.01843    0    0 -0.15
178  0.08949  0.001 0.0176 0.01915 0.01843 0.03965 -0.009372 -0.1512
95  0.09004  0.001 0.01485 0.01799 0.01843    0    0 -0.15
51  0.09015  0.001 0.01769 0.01745 0.01843    0    0 -0.15
46  0.09055  0.001 0.02035 0.01736 0.01843    0    0 -0.15
58  0.09196  0.001 0.01972 0.01526 0.01843    0    0 -0.15
68  0.09209  0.001 0.01617 0.01891 0.01843    0    0 -0.15
114  0.09669  0.001 0.0179 0.01556 0.01843    0    0 -0.15
86  0.09721  0.001 0.0162 0.01826 0.01843    0    0 -0.15
57  0.09897  0.001 0.01692 0.01946 0.01843    0    0 -0.15
82  0.1018  0.001 0.02133 0.01814 0.01843    0    0 -0.15
80  0.102  0.001 0.02356 0.01891 0.01843    0    0 -0.15
44  0.1027  0.001 0.01617 0.01695 0.01843    0    0 -0.15
55  0.1042  0.001 0.02053 0.01565 0.01843    0    0 -0.15
103  0.109  0.001 0.02043 0.0181 0.01843    0    0 -0.15
91  0.1112  0.001 0.02311 0.01818 0.01843    0    0 -0.15
28  0.1116  0.001 0.01628 0.01757 0.01843    0    0 -0.15
73  0.1142  0.001 0.0216 0.01586 0.01843    0    0 -0.15
48  0.1153  0.001 0.01863 0.01723 0.01843    0    0 -0.15
49  0.1161  0.001 0.02229 0.01842 0.01843    0    0 -0.15
75  0.1185  0.001 0.01871 0.01898 0.01843    0    0 -0.15
34  0.1188  0.001 0.01463 0.01945 0.01843    0    0 -0.15
100  0.1205  0.001 0.02066 0.01944 0.01843    0    0 -0.15
94  0.1229  0.001 0.01568 0.0187 0.01843    0    0 -0.15
31  0.1259  0.001 0.01482 0.01773 0.01843    0    0 -0.15
116  0.1294  0.001 0.02089 0.01773 0.01843    0    0 -0.15
54  0.1304  0.001 0.02031 0.01563 0.01843    0    0 -0.15
105  0.1323  0.001 0.01698 0.01854 0.01843    0    0 -0.15
98  0.1356  0.001 0.01704 0.01575 0.01843    0    0 -0.15
52  0.1362  0.001 0.01601 0.01848 0.01843    0    0 -0.15
118  0.1373  0.001 0.01965 0.01827 0.01843    0    0 -0.15
92  0.1387  0.001 0.01495 0.01817 0.01843    0    0 -0.15
27  0.1398  0.001 0.02081 0.01787 0.01843    0    0 -0.15
70  0.1403  0.001 0.01747 0.01859 0.01843    0    0 -0.15
67  0.1413  0.001 0.01616 0.01567 0.01843    0    0 -0.15
109  0.1432  0.001 0.01976 0.01616 0.01843    0    0 -0.15
110  0.1466  0.001 0.0207 0.01582 0.01843    0    0 -0.15
36  0.1483  0.001 0.01962 0.01486 0.01843    0    0 -0.15
85  0.1492  0.001 0.01953 0.01867 0.01843    0    0 -0.15
111  0.1493  0.001 0.02124 0.01752 0.01843    0    0 -0.15
66  0.1512  0.001 0.01587 0.0178 0.01843    0    0 -0.15
71  0.1545  0.001 0.01763 0.0152 0.01843    0    0 -0.15
32  0.1588  0.001 0.01673 0.01615 0.01843    0    0 -0.15
74  0.1614  0.001 0.01568 0.01649 0.01843    0    0 -0.15
65  0.1641  0.001 0.01697 0.01686 0.01843    0    0 -0.15
42  0.1656  0.001 0.02169 0.01713 0.01843    0    0 -0.15
87  0.1666  0.001 0.0201 0.01543 0.01843    0    0 -0.15
102  0.1678  0.001 0.01941 0.01807 0.01843    0    0 -0.15
97  0.1684  0.001 0.01876 0.01662 0.01843    0    0 -0.15
64  0.1709  0.001 0.01611 0.01765 0.01843    0    0 -0.15
96  0.1746  0.001 0.01852 0.01915 0.01843    0    0 -0.15
108  0.1771  0.001 0.01545 0.01635 0.01843    0    0 -0.15
77  0.1796  0.001 0.01761 0.01704 0.01843    0    0 -0.15
39  0.1797  0.001 0.01985 0.01664 0.01843    0    0 -0.15
76  0.1803  0.001 0.02111 0.01615 0.01843    0    0 -0.15
101  0.1837  0.001 0.02328 0.01916 0.01843    0    0 -0.15
99  0.1857  0.001 0.02201 0.0177 0.01843    0    0 -0.15
29  0.1867  0.001 0.01626 0.01686 0.01843    0    0 -0.15
30  0.1868  0.001 0.01997 0.01562 0.01843    0    0 -0.15
81  0.1889  0.001 0.01795 0.01557 0.01843    0    0 -0.15
60  0.1907  0.001 0.02044 0.01858 0.01843    0    0 -0.15
45  0.1915  0.001 0.01873 0.0173 0.01843    0    0 -0.15
47  0.1918  0.001 0.01482 0.01777 0.01843    0    0 -0.15
84  0.1943  0.001 0.01709 0.01522 0.01843    0    0 -0.15
115  0.1944  0.001 0.01457 0.01927 0.01843    0    0 -0.15
88  0.1946  0.001 0.01853 0.0157 0.01843    0    0 -0.15
40  0.1972  0.001 0.01948 0.01647 0.01843    0    0 -0.15
72  0.1978  0.001 0.02296 0.01804 0.01843    0    0 -0.15
37  0.2006  0.001 0.01711 0.01814 0.01843    0    0 -0.1559
79  0.201  0.001 0.0197 0.01944 0.01843    0    0 -0.1596
101  0.2034  0.001 0.02304 0.01931 0.01843 -0.01592 0.009612 -0.03166
172  0.2199  0.001 0.01609 0.01696 0.01843 -0.06865 -0.1081 -0.1622
161  0.2552  0.001 0.02193 0.01661 0.01843 0.1416 0.09996 -0.2626
90  0.2677  0.001 0.01844 0.01477 0.01843 0.0006664 0.1185 -0.4069
79  0.2791  0.001 0.02258 0.01645 0.01843 0.03805 -0.09207 -0.03644
151  0.2879  0.001 0.02196 0.01758 0.01843 -0.03726 -0.1561 -0.1643
98  0.3531  0.001 0.01561 0.01555 0.01843 0.02671 0.0745 -0.0884
85  0.364  0.001 0.0238 0.01718 0.01843 0.0734 -0.1479 -0.07077
30  0.3692  0.001 0.0188 0.01396 0.01669 -0.04651 0.1406 -0.09783
83  0.372  0.001 0.02291 0.01843 0.01843 0.06932 -0.1026 -0.08325
141  0.3881  0.001 0.02313 0.01726 0.01843 -0.01752 -0.0742 -0.1599
147  0.3971  0.001 0.02342 0.01852 0.01843 -0.1015 0.01468 -0.1796
154  0.4003  0.001 0.0203 0.01667 0.01843 0.005361 -0.09217 -0.2707
85  0.4109  0.001 0.02229 0.0151 0.0164 -0.07304 -0.02936 -0.1535
62  0.4306  0.001 0.02031 0.01733 0.01843 -0.00224 0.1578 -0.2658
163  0.4311  0.001 0.02376 0.01708 0.01833 -0.1547 -0.09473 -0.0274
62  0.4859  0.001 0.0202 0.01809 0.01843 -0.001855 -0.003505 -0.207
62  0.5296  0.001 0.01998 0.01988 0.01843 -0.005812 0.04986 -0.1296
34  0.5319  0.001 0.01711 0.01543 0.01843 0.136 0.01148 -0.241
180  0.5662  0.001 0.01907 0.01588 0.01843 -0.1187 -0.06867 -0.1773
155  0.5811  0.001 0.02241 0.01521 0.01761 -0.1063 0.08161 -0.139
82  0.5962  0.001 0.01966 0.01573 0.01843 -0.0555 0.1712 -0.1112
188  0.6009  0.001 0.02406 0.01805 0.01722 -0.06058 -0.022 0.03983
148  0.6411  0.001 0.0193 0.0165 0.01843 0.1781 -0.0897 -0.3839
140  0.6607  0.001 0.01802 0.01984 0.01843 -0.1326 -0.08229 -0.04002
162  0.6621  0.001 0.01751 0.01678 0.01843 0.1049 0.2228 -0.159
107  0.665  0.001 0.02069 0.01795 0.01843 -0.02585 -0.09915 -0.0829
60  0.6729  0.001 0.02205 0.01492 0.01635 -0.03797 0.06409 -0.02166
12  0.6767  0.001 0.01799 0.01701 0.01843 -0.04855 -0.1894 -0.1984
42  0.69  0.001 0.01943 0.01655 0.01843 -0.1338 0.04751 -0.1982
46  0.6928  0.001 0.01782 0.01627 0.01843 -0.05796 -0.1136 -0.2281
72  0.7056  0.001 0.01562 0.01716 0.01843 -0.02725 -0.186 -0.4774
103  0.7084  0.001 0.02032 0.01411 0.01721 -0.1164 0.08856 -0.1481
116  0.7129  0.001 0.01708 0.01747 0.01843 0.1289 0.0583 -0.4302
145  0.7533  0.001 0.01955 0.01638 0.01843 0.1536 0.1502 -0.3664
101  0.783  0.001 0.01603 0.01661 0.01843 -0.02922 -0.05022 -0.3802
49  0.7831  0.001 0.01827 0.01923 0.01843 0.06218 0.1102 -0.7009
116  0.8066  0.001 0.02195 0.0187 0.01843 0.264 0.05792 -0.2477
163  0.8137  0.001 0.01641 0.01873 0.01843 0.3141 0.1262 -0.3212
41  0.8671  0.001 0.02311 0.01889 0.01843 0.08654 -0.1143 -0.1311
109  0.8956  0.001 0.02062 0.01816 0.01843 -0.09464 0.1205 -0.2794
136  0.9109  0.001 0.0213 0.01572 0.01843 -0.1272 0.01867 -0.2936
49  0.9169  0.001 0.01729 0.0192 0.01843 0.09661 -0.2204 -0.3263
116  0.9213  0.001 0.02101 0.01951 0.01843 -0.02533 0.04254 -0.1297
121  0.9592  0.001 0.02415 0.0193 0.01765 -0.1053 -0.1579 0.03867
70  0.9623  0.001 0.02106 0.01436 0.01826 -0.1989 0.1446 -0.406
183  0.9658  0.001 0.01429 0.01842 0.01843 0.2706 -0.01837 -0.3893
183  1.037  0.001 0.01547 0.02014 0.01843 0.0006708 0.02683 -0.3042
50  1.065  0.001 0.01551 0.01903 0.01843 -0.2233 0.03135 -0.1468
3  1.138  0.001 0.02113 0.01541 0.01843 -0.1206 0.06453 -0.3162
71  1.233  0.001 0.01992 0.01402 0.01777 -0.09846 0.2254 -0.1772
117  1.263  0.001 0.02107 0.01907 0.01843 0.2082 -0.07397 -0.4053
15  1.285  0.001 0.01956 0.01448 0.01843 -0.02467 0.05914 -0.09589
71  1.286  0.001 0.01782 0.0146 0.01843 -0.04674 0.07671 -0.1254
14  1.351  0.001 0.02245 0.01895 0.01843 -0.2759 0.06372 -0.1961
30  1.394  0.001 0.02133 0.01797 0.01843 0.3096 -0.05413 -0.1676
61  1.401  0.001 0.02019 0.01723 0.01843 0.03013 -0.1229 -0.2689
173  1.468  0.001 0.01413 0.01771 0.01687 0.1502 0.1717 -0.5936
98  1.515  0.001 0.01981 0.01742 0.01843 0.1922 0.01921 -0.08559
141  1.518  0.001 0.01677 0.01814 0.01843 -0.1263 0.1444 -0.08321
3  1.521  0.001 0.01586 0.01923 0.01843 -0.14 0.0794 -0.1149
98  1.55  0.001 0.02288 0.01787 0.01843 0.02884 0.00927 -0.03047
105  1.557  0.001 0.01561 0.01821 0.01843 -0.04746 -0.1196 -0.1522
10  1.573  0.001 0.02145 0.01717 0.01843 -0.1064 0.1399 -0.1319
142  1.579  0.001 0.02269 0.01854 0.01843 -0.1078 0.03776 -0.2455
173  1.581  0.001 0.01627 0.01506 0.01843 0.1203 0.04222 -0.4047
97  1.603  0.001 0.01922 0.01671 0.01843 -0.03638 0.1639 -0.3151
110  1.705  0.001 0.02201 0.01836 0.01843 0.0841 -0.08878 -0.07547
139  1.706  0.001 0.01407 0.01793 0.01692 0.2133 -0.02388 0.08017
184  1.711  0.001 0.01808 0.02005 0.01843 0.1628 0.07682 -0.3894
90  1.724  0.001 0.01556 0.01533 0.01804 0.1838 0.2153 -0.2446
63  1.738  0.001 0.02184 0.01738 0.01843 -0.01362 -0.05964 -0.2797
90  1.789  0.001 0.01903 0.0142 0.01843 0.04724 0.09451 -0.1177
60  1.798  0.001 0.01566 0.01626 0.01843 -0.117 -0.1832 -0.08609
96  1.814  0.001 0.02166 0.01991 0.01843 -0.01555 0.1781 -0.08786
60  1.816  0.001 0.01646 0.01702 0.01843 0.109 0.1333 -0.01807
34  1.829  0.001 0.0206 0.01805 0.01843 -0.1335 0.1077 -0.2353
186  1.83  0.001 0.01873 0.01665 0.01843 0.04722 0.1799 -0.1067
147  1.831  0.001 0.02231 0.01512 0.01835 -0.07073 0.08975 -0.05087
15  1.84  0.001 0.01921 0.01821 0.01843 -0.1275 0.1559 -0.216
113  1.847  0.001 0.02249 0.01983 0.01843 -0.123 0.001274 -0.2454
116  1.861  0.001 0.01856 0.01579 0.01843 -0.02947 0.1358 -0.338
146  1.867  0.001 0.02415 0.01892 0.01688 -0.0725 0.08511 -0.1015
135  1.868  0.001 0.01912 0.01762 0.01843 0.1268 -0.08279 -0.3355
102  1.888  0.001 0.02269 0.01547 0.01673 -0.2013 -0.001781 -0.3087
101  1.907  0.001 0.01574 0.01516 0.0181 0.07518 0.2389 -0.1758
135  1.913  0.001 0.02259 0.01538 0.01813 -0.06564 0.09738 -0.05862
32  1.948  0.001 0.02398 0.01773 0.01634 -0.06146 0.1099 -0.176
72  2.002  0.001 0.01736 0.01773 0.01843 0.2011 0.004483 -0.08383
107  2.025  0.001 0.01634 0.01585 0.01843 0.05045 0.2184 -0.24
145  2.052  0.001 0.02251 0.01607 0.01843 -0.02516 -0.02254 -0.1072
84  2.054  0.001 0.01695 0.01559 0.01843 0.04926 0.1793 -0.04813
57  2.06  0.001 0.01444 0.01789 0.01843 -0.1469 0.02899 -0.2215
107  2.064  0.001 0.01772 0.01432 0.01843 0.06422 -0.1555 -0.1652
174  2.068  0.001 0.0158 0.01877 0.01843 0.1712 0.1582 -0.2202
146  2.073  0.001 0.02082 0.01597 0.01843 -0.09654 0.09566 -0.1774
132  2.075  0.001 0.02181 0.01814 0.01843 -0.05127 -0.08537 -0.04822
139  2.077  0.001 0.01613 0.0181 0.01843 0.1629 0.09726 -0.2722
150  2.098  0.001 0.01657 0.01716 0.01843 -0.05055 -0.08113 -0.1949
1   2.1  0.001 0.0235 0.01669 0.01843 -0.09029 0.005612 -0.1286
7  2.107  0.001 0.02188 0.01539 0.01843 -0.08469 0.07189 -0.1608
10  2.111  0.001 0.01395 0.01896 0.01838 0.0734 -0.07101 -0.2065
162  2.135  0.001 0.01963 0.01521 0.01843 -0.02844 -0.1388 -0.2173
108  2.159  0.001 0.01483 0.01618 0.01717 0.2029 0.1452 -0.1644
28  2.167  0.001 0.01941 0.01624 0.01843 -0.1297 0.05004 -0.555
45  2.183  0.001 0.02413 0.01851 0.0173 -0.1208 -0.01072 -0.5346
96  2.247  0.001 0.02353 0.01916 0.01843 -0.1052 -0.04635 -0.1379
165  2.266  0.001 0.01905 0.0189 0.01843 -0.005851 -0.04531 -0.3412
174  2.267  0.001 0.01481 0.01925 0.01843 0.1314 -0.04307 -0.174
116  2.308  0.001 0.01888 0.01734 0.01843 0.0747 0.1475 -0.2712
36  2.324  0.001 0.02031 0.01986 0.01843 -0.2957 -0.1349 -0.1799
45  2.34  0.001 0.01405 0.01864 0.01843 0.2478 0.07142 -0.4902
70  2.342  0.001 0.02364 0.01911 0.01843 0.09028 -0.06831 -0.08952
116  2.36  0.001 0.01832 0.01902 0.01843 -0.02178 0.01783 -0.1851
36  2.371  0.001 0.01432 0.01823 0.01843 0.1362 0.03094 -0.03817
159  2.494  0.001 0.02407 0.01813 0.01711 -0.0899 0.04616 -0.03972
100  2.555  0.001 0.01716 0.01868 0.01843 0.02794 -0.02995 -0.06795
19  2.57  0.001 0.01859 0.01615 0.01843 -0.1717 0.1083 -0.4281
17  2.607  0.001 0.02005 0.01451 0.01843 -0.05286 -0.2302 -0.07748
117  2.632  0.001 0.01579 0.01932 0.01843 -0.01214 -0.06654 -0.2653
112  2.642  0.001 0.02209 0.01593 0.01843 0.02611 -0.144 -0.1936
184  2.654  0.001 0.02414 0.01939 0.01715 -0.04307 -0.01843 0.009549
44  2.663  0.001 0.02224 0.01798 0.01843 0.2364 0.01636 -0.2745
172  2.667  0.001 0.01902 0.01925 0.01843 0.1732 0.007247 -0.367
144  2.673  0.001 0.01991 0.01777 0.01843 0.09854 0.1672 -0.2896
90  2.686  0.001 0.01994 0.01673 0.01843 0.01412 0.161 -0.341
44  2.691  0.001 0.02373 0.01701 0.01839 -0.07978 0.05789 -0.04776
1  2.692  0.001 0.02102 0.0176 0.01843 0.1089 0.1378 -0.3968
22  2.714  0.001 0.01526 0.01777 0.01843 -0.02052 0.08792 -0.538
1  2.716  0.001 0.02313 0.01787 0.01843 0.07908 -0.005858 -0.0557
138  2.758  0.001 0.01723 0.01923 0.01843 -0.1513 -0.08494 -0.1094
46  2.774  0.001 0.02038 0.01761 0.01843 0.1218 -0.06971 -0.3917
22  2.812  0.001 0.01578 0.01513 0.01831 0.1624 0.1763 -0.06885
22  2.864  0.001 0.01668 0.01722 0.01843 -0.08392 -0.03283 -0.114
73  2.866  0.001 0.02046 0.01414 0.01829 -0.03183 0.1524 0.04749
112  2.886  0.001 0.022 0.01489 0.01656 -0.1262 0.01164 -0.09798
95  2.915  0.001 0.02187 0.01741 0.01843 -0.0994 0.07848 -0.3692
70  2.946  0.001 0.01435 0.01752 0.01843 0.1328 -0.001756 -0.1778
19  2.956  0.001 0.01482 0.01968 0.01843 0.0648 -0.1206 -0.0385
184  2.967  0.001 0.02042 0.01414 0.01739 -0.1501 0.2104 -0.3954
70  2.982  0.001 0.01564 0.0166 0.01843 0.005342 -0.03299 -0.06696
95  2.983  0.001 0.0222 0.01657 0.01843 0.0125 -0.01907 -0.2805
95  3.031  0.001 0.02128 0.01446 0.01761 -0.05168 0.04293 -0.1364
150  3.044  0.001 0.0182 0.01896 0.01843 -0.009018 0.2421 -0.2099
97  3.123  0.001 0.01768 0.01616 0.01843 -0.1177 -0.2242 -0.0247
135  3.134  0.001 0.01917 0.01395 0.01705 -0.1056 0.1428 -0.2204
171  3.135  0.001 0.02124 0.02007 0.01843 0.1677 0.1464 -0.3468
15  3.155  0.001 0.02151 0.01458 0.01708 -0.1158 0.1104 -0.1669
83  3.221  0.001 0.01983 0.01864 0.01843 -0.01088 -0.1234 -0.03608
112  3.226  0.001 0.02214 0.01646 0.01843 0.08068 -0.2283 -0.03702
188  3.236  0.001 0.01591 0.01581 0.01843 0.07139 -0.1257 -0.1178
125  3.247  0.001 0.01402 0.01818 0.0178 0.06588 -0.07711 -0.1223
59  3.248  0.001 0.01481 0.01665 0.01843 0.04404 -0.06017 -0.1111
50  3.25  0.001 0.02104 0.01435 0.01821 -0.04943 0.203 0.05829
113  3.25  0.001 0.01476 0.01763 0.01843 -0.07424 -0.1125 -0.1986
146  3.253  0.001 0.01922 0.0172 0.01843 0.1355 0.08944 -0.1651
51  3.255  0.001 0.02067 0.01844 0.01843 0.00315 -0.09335 -0.2129
65  3.257  0.001 0.01961 0.01657 0.01843 0.1836 -0.07504 -0.4597
162  3.259  0.001 0.01407 0.01796 0.01771 0.07127 0.05622 -0.1167
32  3.265  0.001 0.0145 0.01674 0.01716 0.0614 -0.008158 -0.1148
74  3.272  0.001 0.01459 0.01984 0.01843 0.07746 -0.04605 -0.2846
36  3.282  0.001 0.01838 0.01512 0.01843 -0.01456 0.1986 -0.1404
62  3.291  0.001 0.01843 0.0175 0.01843 -0.04065 0.1776 -0.1548
102  3.298  0.001 0.02114 0.01785 0.01843 0.05584 0.17 -0.534
184  3.305  0.001 0.01728 0.01708 0.01843 -0.03897 0.08849 -0.29
126  3.306  0.001 0.01947 0.01767 0.01843 -0.09261 -0.08906 -0.1761
170  3.31  0.001 0.01404 0.01807 0.01673 0.1523 0.1923 -0.4172
45  3.311  0.001 0.02237 0.01886 0.01843 0.01612 0.06002 -0.1446
65  3.335  0.001 0.01733 0.0157 0.01843 0.08626 0.09615 -0.1172
171  3.365  0.001 0.01649 0.0202 0.01843 -0.2289 0.1388 -0.1806
170  3.379  0.001 0.01492 0.01761 0.01843 0.01241 -0.006908 -0.3144
102  3.383  0.001 0.02174 0.01631 0.01843 -0.04513 0.1076 -0.3075
87  3.413  0.001 0.01401 0.01824 0.01702 0.1704 -0.1566 -0.5376
170  3.43  0.001 0.01475 0.0167 0.01843 -0.005216 -0.01922 -0.182
154  3.437  0.001 0.01415 0.01848 0.01843 -0.1689 -0.1357 -0.07436
123  3.475  0.001 0.0184 0.01639 0.01843 0.1103 0.1284 -0.0806
87  3.498  0.001 0.01508 0.01631 0.01843 0.1376 0.09926 -0.1942
123  3.51  0.001 0.01966 0.01843 0.01843 -0.005751 0.01852 -0.02919
87  3.543  0.001 0.01563 0.01611 0.01843 -0.01688 -0.02807 -0.1275
165  3.551  0.001 0.02226 0.01968 0.01843 0.04492 -0.1219 -0.02327
45  3.588  0.001 0.02383 0.01726 0.01674 -0.187 0.04119 -0.1522
110  3.602  0.001 0.01867 0.01854 0.01843 -0.1229 -0.1747 -0.04954
189  3.66  0.001 0.01724 0.01428 0.01697 0.1798 0.3387 -0.1862
176  3.699  0.001 0.02137 0.01743 0.01843 -0.0007502 -0.1081 -0.1773
113  3.714  0.001 0.01801 0.01423 0.01843 0.1398 -0.07887 -0.218
135  3.718  0.001 0.01764 0.01906 0.01843 -0.1069 -0.05546 -0.1751
132  3.728  0.001 0.01747 0.01794 0.01843 0.2058 0.04754 -0.1018
4  3.767  0.001 0.01558 0.01531 0.01745 0.1643 0.2583 -0.4028
103  3.772  0.001 0.01442 0.01692 0.0177 0.07867 0.1877 -0.381
3  3.781  0.001 0.01942 0.01673 0.01843 0.07347 0.206 -0.1286
108  3.787  0.001 0.01768 0.01414 0.01771 -0.03876 0.1692 -0.5068
84  3.793  0.001 0.02281 0.01723 0.01843 0.001861 -0.1786 -0.05553
176  3.825  0.001 0.02291 0.01905 0.01843 0.03096 0.08709 -0.1658
81  3.843  0.001 0.01972 0.01894 0.01843 -0.06163 -0.2061 -0.1713
4  3.846  0.001 0.01749 0.01419 0.01665 0.06115 0.1248 -0.2479
103  3.856  0.001 0.01572 0.01585 0.01843 0.08454 0.0535 -0.2387
164  3.858  0.001 0.01913 0.0167 0.01843 0.03551 -0.2496 -0.3156
165  3.879  0.001 0.01901 0.02069 0.01843 -0.05394 0.2438 -0.1334
28  3.891  0.001 0.01758 0.0172 0.01843 0.1287 0.07793 -0.4314
146  3.91  0.001 0.02208 0.01732 0.01843 -0.02074 -0.1662 -0.05303
73  3.945  0.001 0.0187 0.018 0.01843 -0.05404 -0.06264 -0.2833
5  3.956  0.001 0.0223 0.0178 0.01843 -0.06551 0.1089 -0.2476
28  3.986  0.001 0.01611 0.01734 0.01843 0.1001 0.07978 -0.289
5  3.99  0.001 0.02211 0.01894 0.01843 0.007216 0.01771 -0.07432
30  4.096  0.001 0.01516 0.01575 0.01785 0.1561 0.02006 -0.3139
34  4.099  0.001 0.01988 0.01509 0.01843 -0.1162 0.04257 -0.1887
46  4.112  0.001 0.02197 0.01702 0.01843 -0.04709 -0.09235 -0.1922
19  4.119  0.001 0.01943 0.01578 0.01843 -0.1515 -0.2509 -0.2731
121  4.121  0.001 0.02147 0.01953 0.01843 -0.2105 -0.08693 -0.01941
5  4.143  0.001 0.01778 0.01939 0.01843 0.2822 0.06542 -0.04995
152  4.162  0.001 0.02236 0.01841 0.01843 -0.1936 0.05814 -0.07909
168  4.167  0.001 0.01834 0.014 0.0176 -0.09238 0.1126 -0.2532
176  4.167  0.001 0.02023 0.01675 0.01843 0.08774 0.1887 -0.3313
83  4.178  0.001 0.01716 0.01677 0.01843 -0.02755 0.1763 -0.3869
138  4.191  0.001 0.0196 0.01398 0.01782 -0.1121 0.1023 -0.3732
37  4.204  0.001 0.02413 0.01953 0.01736 -0.06579 0.009667 -0.09813
83  4.236  0.001 0.01993 0.01472 0.01843 0.001944 0.1293 -0.1572
112  4.286  0.001 0.01411 0.02032 0.0173 0.2072 0.1737 0.3054
154  4.288  0.001 0.01553 0.01584 0.01843 0.0922 -0.145 -0.4341
5  4.294  0.001 0.01576 0.01611 0.01843 -0.1702 -0.2115 -0.307
83  4.295  0.001 0.02185 0.01478 0.0172 -0.05854 0.08556 -0.06487
112  4.359  0.001 0.02414 0.01938 0.0184 -0.04549 -0.1805 -0.2001
83  4.379  0.001 0.0201 0.01933 0.01843 0.1942 0.06823 -0.2633
71  4.428  0.001 0.0239 0.01935 0.01843 0.06408 -0.0593 -0.1882
1  4.442  0.001 0.01974 0.01974 0.01843 -0.1285 -0.01737 -0.06396
64  4.454  0.001 0.0209 0.01846 0.01843 0.02533 -0.006376 -0.1386
90  4.455  0.001 0.02321 0.0166 0.01843 -0.1661 0.07908 -0.06474
64  4.486  0.001 0.02101 0.01931 0.01843 -0.005553 0.04096 -0.03325
139  4.603  0.001 0.02074 0.01591 0.01843 -0.0131 -0.1264 -0.1873
5  4.608  0.001 0.02201 0.0149 0.01744 -0.1216 0.07881 -0.08423
37  4.627  0.001 0.02392 0.01753 0.01676 -0.0557 0.02014 -0.03058
105  4.635  0.001 0.02033 0.01531 0.01843 -0.0328 -0.1099 -0.2727
97  4.668  0.001 0.02148 0.01981 0.01843 0.1222 0.1636 -0.4219
164  4.674  0.001 0.01799 0.01838 0.01843 0.0799 0.1727 -0.2922
169  4.709  0.001 0.01954 0.01902 0.01843 0.0179 0.1799 -0.3846
123  4.98  0.001 0.02198 0.01644 0.01843 0.01872 -0.06089 -0.1526
97  4.986  0.001 0.02125 0.0182 0.01843 -0.01329 -0.142 -0.1342
64  4.989  0.001 0.0154 0.01986 0.01843 -0.2256 0.05668 -0.2814
81  4.995  0.001 0.02161 0.0176 0.01843 0.003178 -0.0002624 -0.1131
47  5.004  0.001 0.01915 0.01755 0.01843 0.05612 -0.04598 -0.2155
110  5.006  0.001 0.01774 0.01852 0.01843 -0.0865 0.1624 -0.2575
153  5.01  0.001 0.01843 0.01849 0.01843 0.09806 0.09001 -0.2893
169  5.012  0.001 0.02263 0.01542 0.01726 -0.05587 0.03001 -0.08087
117  5.03  0.001 0.024 0.01783 0.01762 -0.1817 0.1049 -0.05032
47  5.035  0.001 0.0186 0.0159 0.01843 -0.04295 -0.0543 -0.02741
138  5.054  0.001 0.01752 0.01418 0.01656 0.1251 0.08604 -0.01046
180  5.073  0.001 0.02136 0.019 0.01843 0.1785 0.1242 -0.3002
32  5.083  0.001 0.01903 0.0159 0.01843 -0.05616 0.1472 -0.1125
32  5.123  0.001 0.01873 0.01773 0.01843 0.01944 -0.0109 -0.02485
3  5.157  0.001 0.02027 0.01465 0.01843 -0.1285 0.07675 -0.0936
107  5.159  0.001 0.02313 0.01779 0.01843 -0.09084 -0.09033 -0.1184
92  5.172  0.001 0.01911 0.01395 0.01821 -0.1086 0.2282 -0.4648
