# ID time  diameter x y z u v w  (ex ey ez, color)
34  0.01772  0.001 0.01639 0.01987 0.01843    0    0 -0.03
27  0.03207  0.001 0.01913 0.02014 0.01843    0    0 -0.03
9  0.03712  0.001 0.02059 0.02017 0.01843    0    0 -0.03
60  0.04095  0.001 0.01791 0.02168 0.01843    0    0 -0.03
21  0.05415  0.001 0.01711 0.01814 0.01843    0    0 -0.03
13  0.05477  0.001 0.01463 0.01945 0.01843    0    0 -0.03
7  0.06137  0.001 0.01673 0.01615 0.01843    0    0 -0.03
17  0.06867  0.001 0.02091 0.02027 0.01843    0    0 -0.03
43  0.06899  0.001 0.01482 0.01777 0.01843    0    0 -0.03
24  0.08593  0.001 0.01754 0.01674 0.01843    0    0 -0.03
52  0.09706  0.001 0.01943 0.02314 0.01843    0    0 -0.03
40  0.1065  0.001 0.0216 0.01895 0.01843    0    0 -0.03
61  0.1141  0.001 0.01517 0.01768 0.01843    0    0 -0.03
45  0.1198  0.001 0.02211 0.02042 0.01843    0    0 -0.03
20  0.1227  0.001 0.01962 0.01486 0.01843    0    0 -0.03
18  0.1322  0.001 0.01952 0.02012 0.01843    0    0 -0.03
33  0.1335  0.001 0.02169 0.01713 0.01843    0    0 -0.03
1  0.1359  0.001 0.02081 0.01787 0.01843    0    0 -0.03
58  0.1404  0.001 0.01666 0.02269 0.01843    0    0 -0.03
12  0.1457  0.001 0.01826 0.02318 0.01843    0    0 -0.03
25  0.1463  0.001 0.01985 0.01664 0.01843    0    0 -0.03
36  0.1542  0.001 0.02103 0.02112 0.01843    0    0 -0.03
5  0.1691  0.001 0.01997 0.01562 0.01843    0    0 -0.03
2  0.1705  0.001 0.01628 0.01757 0.01843    0    0 -0.03
10  0.1915  0.001 0.01808 0.02272 0.01843    0    0 -0.03
53  0.1966  0.001 0.02289 0.02038 0.01843    0    0 -0.03
62  0.2047  0.001 0.02153 0.02145 0.01843    0    0 -0.03
23  0.2084  0.001 0.01723 0.01959 0.01843    0    0 -0.03
39  0.211  0.001 0.02185 0.01815 0.01843    0    0 -0.03
42  0.2205  0.001 0.02035 0.01736 0.01843    0    0 -0.03
49  0.2219  0.001 0.01769 0.01745 0.01843    0    0 -0.03
57  0.2366  0.001 0.01552 0.01988 0.01843    0    0 -0.03
19  0.239  0.001 0.01712 0.02242 0.01843    0    0 -0.03
32  0.2608  0.001 0.01888 0.02229 0.01843    0    0 -0.03
74  0.2679  0.001 0.01815 0.02297 0.01843    0    0 -0.03
70  0.2714  0.001 0.02335 0.02054 0.01843    0    0 -0.03
30  0.2762  0.001 0.01971 0.02318 0.01843    0    0 -0.03
41  0.2828  0.001 0.01653 0.01864 0.01843    0    0 -0.03
35  0.2869  0.001 0.0186 0.01972 0.01843    0    0 -0.03
6  0.2877  0.001 0.01482 0.01773 0.01843    0    0 -0.03
64  0.2923  0.001 0.02031 0.01563 0.01843    0    0 -0.03
54  0.2998  0.001 0.01829 0.02213 0.01843    0    0 -0.03
38  0.3152  0.001 0.01873 0.0173 0.01843    0    0 -0.03
28  0.3241  0.001 0.01948 0.01647 0.01843    0    0 -0.03
50  0.3318  0.001 0.02131 0.02105 0.01843    0    0 -0.03
31  0.3445  0.001 0.01766 0.0201 0.01843    0    0 -0.03
29  0.3449  0.001 0.01702 0.01859 0.01843    0    0 -0.03
65  0.3493  0.001 0.02053 0.01565 0.01843    0    0 -0.03
4  0.3573  0.001 0.01626 0.01686 0.01843    0    0 -0.03
68  0.3684  0.001 0.0222 0.02101 0.01843    0    0 -0.03
37  0.3704  0.001 0.01944 0.01617 0.01843    0    0 -0.03
47  0.3822  0.001 0.02229 0.01842 0.01843    0    0 -0.03
59  0.3846  0.001 0.02068 0.01794 0.01843    0    0 -0.03
8  0.39  0.001 0.02325 0.01895 0.01843    0    0 -0.03
16  0.3921  0.001 0.0164 0.01659 0.01843    0    0 -0.03
3  0.3979  0.001 0.02304 0.02012 0.01843    0    0 -0.03
69  0.4002  0.001 0.0174 0.0211 0.01843    0    0 -0.03
14  0.409  0.001 0.01703 0.02308 0.01843    0    0 -0.03
11  0.4182  0.001 0.01504 0.01872 0.01843    0    0 -0.03
30  0.4276  0.001 0.01904 0.02091 0.01843 -0.05614 -0.07456 -0.01281
51  0.4278  0.001 0.01577 0.01801 0.01843    0    0 -0.03
66  0.4369  0.001 0.02205 0.01867 0.01843    0    0 -0.03
44  0.4394  0.001 0.01863 0.01723 0.01843    0    0 -0.03
15  0.4411  0.001 0.02053 0.01703 0.01843    0    0 -0.03
46  0.4469  0.001 0.01998 0.02162 0.01843    0    0 -0.03
75  0.4525  0.001 0.01804 0.0197 0.01843    0    0 -0.03
56  0.457  0.001 0.0234 0.01844 0.01843    0    0 -0.03
73  0.4616  0.001 0.01833 0.02209 0.01843    0    0 -0.03
48  0.4689  0.001 0.02045 0.01485 0.01843    0    0 -0.03
55  0.4808  0.001 0.02214 0.02212 0.01843    0    0 -0.03
72  0.4897  0.001 0.01511 0.01696 0.01843    0    0 -0.03
26  0.4913  0.001 0.01705 0.02098 0.01843    0    0 -0.03
67  0.4993  0.001 0.02234 0.01837 0.01843    0    0 -0.03
22  0.5026  0.001 0.01862 0.01522 0.01843    0    0 -0.03
71  0.509  0.001 0.01692 0.01946 0.01843    0    0 -0.03
63  0.5135  0.001 0.02206 0.02045 0.01843    0    0 -0.03
105  0.5265  0.001 0.01501 0.0202 0.01843    0    0 -0.03
143  0.5291  0.001 0.01837 0.0211 0.01843    0    0 -0.03
31  0.5293  0.001 0.02276 0.02026 0.01843 0.03233 0.006221 -0.1466
91  0.5337  0.001 0.01659 0.02234 0.01843    0    0 -0.03
121  0.5356  0.001 0.02023 0.02212 0.01843    0    0 -0.03
119  0.5381  0.001 0.02036 0.01752 0.01843    0    0 -0.03
84  0.5471  0.001 0.01894 0.01545 0.01843    0    0 -0.03
95  0.5535  0.001 0.01697 0.01686 0.01843    0    0 -0.03
107  0.5542  0.001 0.02163 0.01831 0.01843    0    0 -0.03
148  0.5544  0.001 0.0201 0.01543 0.01843    0    0 -0.03
136  0.5562  0.001 0.01795 0.01557 0.01843    0    0 -0.03
140  0.5631  0.001 0.01952 0.01848 0.01843    0    0 -0.03
106  0.5639  0.001 0.01872 0.02302 0.01843    0    0 -0.03
108  0.572  0.001 0.0202 0.02018 0.01843    0    0 -0.03
112  0.573  0.001 0.01545 0.0212 0.01843    0    0 -0.03
109  0.5976  0.001 0.01617 0.01891 0.01843    0    0 -0.03
124  0.5988  0.001 0.02111 0.01615 0.01843    0    0 -0.03
101  0.6077  0.001 0.01883 0.0192 0.01843    0    0 -0.03
103  0.6083  0.001 0.01871 0.02356 0.01843    0    0 -0.03
104  0.618  0.001 0.01616 0.01567 0.01843    0    0 -0.03
66  0.6182  0.001 0.01788 0.02183 0.01843 -0.0837 -0.02949 -0.2534
90  0.6346  0.001 0.01611 0.01765 0.01843    0    0 -0.03
132  0.636  0.001 0.02157 0.02285 0.01843    0    0 -0.03
81  0.6556  0.001 0.02044 0.01858 0.01843    0    0 -0.03
133  0.6719  0.001 0.02107 0.01709 0.01843    0    0 -0.03
87  0.6721  0.001 0.01688 0.01696 0.01843    0    0 -0.03
117  0.6764  0.001 0.02296 0.01804 0.01843    0    0 -0.03
115  0.6768  0.001 0.01763 0.0152 0.01843    0    0 -0.03
122  0.6784  0.001 0.01871 0.01898 0.01843    0    0 -0.03
120  0.6788  0.001 0.0216 0.01586 0.01843    0    0 -0.03
94  0.7185  0.001 0.02038 0.02328 0.01843    0    0 -0.03
113  0.7248  0.001 0.0173 0.0233 0.01843    0    0 -0.03
144  0.7397  0.001 0.01884 0.02237 0.01843    0    0 -0.03
129  0.7423  0.001 0.01968 0.01637 0.01843    0    0 -0.03
79  0.747  0.001 0.02127 0.02095 0.01843    0    0 -0.03
127  0.7485  0.001 0.02047 0.0195 0.01843    0    0 -0.03
116  0.7492  0.001 0.01842 0.02092 0.01843    0    0 -0.03
138  0.7534  0.001 0.01864 0.01738 0.01843    0    0 -0.03
114  0.7593  0.001 0.01616 0.02247 0.01843    0    0 -0.03
128  0.7609  0.001 0.01603 0.01891 0.01843    0    0 -0.03
145  0.765  0.001 0.01709 0.01522 0.01843    0    0 -0.03
92  0.7689  0.001 0.01747 0.0199 0.01843    0    0 -0.03
146  0.774  0.001 0.01953 0.01867 0.01843    0    0 -0.03
86  0.7773  0.001 0.01984 0.01551 0.01843    0    0 -0.03
98  0.7819  0.001 0.01822 0.02322 0.01843    0    0 -0.03
93  0.7848  0.001 0.01789 0.01638 0.01843    0    0 -0.03
134  0.7951  0.001 0.02356 0.01891 0.01843    0    0 -0.03
53  0.8014  0.001 0.01879 0.01871 0.01843 0.06198 -0.07331 -0.1663
145  0.8016  0.001 0.01921 0.01395 0.01745 0.0173 0.05748 -0.1883
139  0.8027  0.001 0.01684 0.01964 0.01843    0    0 -0.03
47  0.8035  0.001 0.0206 0.02155 0.01843 0.04645 0.02728 -0.2655
100  0.8077  0.001 0.01587 0.0178 0.01843    0    0 -0.03
102  0.8119  0.001 0.01737 0.02071 0.01843    0    0 -0.03
82  0.8211  0.001 0.01815 0.02239 0.01843    0    0 -0.03
96  0.8256  0.001 0.0159 0.02084 0.01843    0    0 -0.03
111  0.8296  0.001 0.01747 0.01859 0.01843    0    0 -0.03
135  0.85  0.001 0.01876 0.02127 0.01843    0    0 -0.03
80  0.8554  0.001 0.01688 0.0213 0.01843    0    0 -0.03
147  0.8566  0.001 0.0162 0.01826 0.01843    0    0 -0.03
141  0.8648  0.001 0.02314 0.01765 0.01843    0    0 -0.03
76  0.8696  0.001 0.01562 0.02101 0.01843    0    0 -0.03
97  0.8721  0.001 0.02262 0.01886 0.01843    0    0 -0.03
110  0.875  0.001 0.01639 0.01582 0.01843    0    0 -0.03
125  0.8768  0.001 0.01744 0.01849 0.01843    0    0 -0.03
78  0.9043  0.001 0.0198 0.02115 0.01843    0    0 -0.03
149  0.9074  0.001 0.0228 0.02163 0.01843    0    0 -0.03
123  0.9214  0.001 0.02183 0.01624 0.01843    0    0 -0.03
83  0.9277  0.001 0.01999 0.02003 0.01843    0    0 -0.03
88  0.9301  0.001 0.01595 0.01801 0.01843    0    0 -0.03
118  0.9463  0.001 0.01754 0.02335 0.01843    0    0 -0.03
131  0.953  0.001 0.01898 0.02029 0.01843    0    0 -0.03
89  0.9595  0.001 0.01851 0.01681 0.01843    0    0 -0.03
99  0.9821  0.001 0.02119 0.02175 0.01843    0    0 -0.03
77  0.9915  0.001 0.01958 0.02208 0.01843    0    0 -0.03
142  0.9978  0.001 0.01989 0.01651 0.01843    0    0 -0.03
85  0.999  0.001 0.01635 0.01953 0.01843    0    0 -0.03
126  1.001  0.001 0.02103 0.02089 0.01843    0    0 -0.03
130  1.002  0.001 0.0197 0.01944 0.01843    0    0 -0.03
150  1.015  0.001 0.02088 0.02226 0.01843    0    0 -0.03
137  1.016  0.001 0.02133 0.01814 0.01843    0    0 -0.03
176  1.021  0.001 0.01563 0.01933 0.01843    0    0 -0.03
161  1.023  0.001 0.02088 0.01981 0.01843    0    0 -0.03
204  1.028  0.001 0.01813 0.01548 0.01843    0    0 -0.03
156  1.028  0.001 0.01647 0.02102 0.01843    0    0 -0.03
154  1.03  0.001 0.01488 0.01786 0.01843    0    0 -0.03
125  1.03  0.001 0.02326 0.01617 0.0176 -0.05198 0.0307 -0.1047
162  1.035  0.001 0.01816 0.02008 0.01843    0    0 -0.03
190  1.041  0.001 0.02293 0.02082 0.01843    0    0 -0.03
205  1.052  0.001 0.0163 0.01863 0.01843    0    0 -0.03
194  1.056  0.001 0.02201 0.0177 0.01843    0    0 -0.03
195  1.061  0.001 0.01973 0.01501 0.01843    0    0 -0.03
211  1.064  0.001 0.01732 0.01709 0.01843    0    0 -0.03
220  1.078  0.001 0.0179 0.01556 0.01843    0    0 -0.03
187  1.083  0.001 0.0234 0.02 0.01843    0    0 -0.03
150  1.104  0.001 0.01834 0.02291 0.01843 -0.1099 -0.007745 -0.07151
172  1.111  0.001 0.01803 0.01874 0.01843    0    0 -0.03
212  1.111  0.001 0.0207 0.01582 0.01843    0    0 -0.03
213  1.115  0.001 0.02124 0.01752 0.01843    0    0 -0.03
197  1.116  0.001 0.02328 0.01916 0.01843    0    0 -0.03
99  1.118  0.001 0.02206 0.02042 0.01843 0.0169 -0.02894 -0.1705
67  1.118  0.001 0.02176 0.01511 0.01843 -0.01549 -0.1452 -0.1591
174  1.123  0.001 0.01517 0.02014 0.01843    0    0 -0.03
159  1.141  0.001 0.01716 0.02143 0.01843    0    0 -0.03
167  1.143  0.001 0.02311 0.01818 0.01843    0    0 -0.03
200  1.144  0.001 0.02043 0.0181 0.01843    0    0 -0.03
178  1.145  0.001 0.02045 0.01613 0.01843    0    0 -0.03
184  1.147  0.001 0.02044 0.01975 0.01843    0    0 -0.03
173  1.149  0.001 0.01485 0.01799 0.01843    0    0 -0.03
208  1.152  0.001 0.01545 0.01635 0.01843    0    0 -0.03
116  1.158  0.001 0.01902 0.02202 0.01843 0.03454 0.003161 -0.1474
222  1.159  0.001 0.01555 0.02204 0.01843    0    0 -0.03
202  1.17  0.001 0.02037 0.01475 0.01843    0    0 -0.03
91  1.178  0.001 0.01421 0.02031 0.01843 0.1346 -0.03824 -0.04414
165  1.189  0.001 0.02194 0.01688 0.01843    0    0 -0.03
81  1.191  0.001 0.02192 0.02049 0.01843 0.006359 0.04513 -0.3015
31  1.198  0.001 0.02414 0.01866 0.0175 -0.1629 0.05373 -0.06735
186  1.207  0.001 0.01912 0.0195 0.01843    0    0 -0.03
192  1.211  0.001 0.01704 0.01575 0.01843    0    0 -0.03
181  1.212  0.001 0.01778 0.02281 0.01843    0    0 -0.03
155  1.212  0.001 0.01853 0.0157 0.01843    0    0 -0.03
160  1.213  0.001 0.01618 0.01691 0.01843    0    0 -0.03
152  1.213  0.001 0.0196 0.0204 0.01843    0    0 -0.03
210  1.214  0.001 0.02063 0.022 0.01843    0    0 -0.03
223  1.215  0.001 0.01457 0.01927 0.01843    0    0 -0.03
196  1.217  0.001 0.02066 0.01944 0.01843    0    0 -0.03
169  1.226  0.001 0.01495 0.01817 0.01843    0    0 -0.03
201  1.241  0.001 0.0233 0.0203 0.01843    0    0 -0.03
209  1.249  0.001 0.01976 0.01616 0.01843    0    0 -0.03
207  1.25  0.001 0.02125 0.01911 0.01843    0    0 -0.03
151  1.25  0.001 0.01667 0.02145 0.01843    0    0 -0.03
182  1.25  0.001 0.0176 0.02316 0.01843    0    0 -0.03
219  1.263  0.001 0.01965 0.01918 0.01843    0    0 -0.03
164  1.266  0.001 0.0183 0.01678 0.01843    0    0 -0.03
224  1.271  0.001 0.01884 0.02323 0.01843    0    0 -0.03
170  1.282  0.001 0.01543 0.01798 0.01843    0    0 -0.03
193  1.282  0.001 0.02067 0.01857 0.01843    0    0 -0.03
99  1.292  0.001 0.0212 0.02256 0.01761 -0.1133 -0.182 0.5099
217  1.293  0.001 0.02269 0.01654 0.01843    0    0 -0.03
78  1.295  0.001 0.01914 0.02178 0.01843 -0.1868 0.2668 -0.2041
166  1.303  0.001 0.02181 0.01962 0.01843    0    0 -0.03
180  1.304  0.001 0.02097 0.01708 0.01843    0    0 -0.03
78  1.312  0.001 0.01854 0.02227 0.01843 -0.02637 0.007303 -0.06228
210  1.319  0.001 0.0214 0.02088 0.01843 0.01717 0.03912 -0.05711
203  1.322  0.001 0.01698 0.01854 0.01843    0    0 -0.03
183  1.324  0.001 0.01955 0.02079 0.01843    0    0 -0.03
163  1.336  0.001 0.01656 0.01692 0.01843    0    0 -0.03
157  1.345  0.001 0.017 0.02139 0.01843    0    0 -0.03
215  1.355  0.001 0.0172 0.02031 0.01843    0    0 -0.03
188  1.367  0.001 0.021 0.01928 0.01843    0    0 -0.03
158  1.37  0.001 0.01984 0.02264 0.01843    0    0 -0.03
214  1.39  0.001 0.02136 0.01577 0.01843    0    0 -0.03
206  1.398  0.001 0.0211 0.01768 0.01843    0    0 -0.03
171  1.401  0.001 0.01568 0.0187 0.01843    0    0 -0.03
179  1.412  0.001 0.0201 0.01536 0.01843    0    0 -0.03
199  1.424  0.001 0.022 0.02034 0.01843    0    0 -0.03
203  1.433  0.001 0.01834 0.01841 0.01843 0.02635 -0.005867 -0.1406
153  1.434  0.001 0.01853 0.02202 0.01843    0    0 -0.03
198  1.447  0.001 0.01941 0.01807 0.01843    0    0 -0.03
218  1.45  0.001 0.02103 0.02249 0.01843    0    0 -0.03
185  1.45  0.001 0.02247 0.01982 0.01843    0    0 -0.03
189  1.452  0.001 0.01767 0.02069 0.01843    0    0 -0.03
82  1.455  0.001 0.01432 0.01965 0.01747 -0.006331 -0.1436 0.03449
191  1.461  0.001 0.01876 0.01662 0.01843    0    0 -0.03
168  1.471  0.001 0.01809 0.02195 0.01843    0    0 -0.03
205  1.472  0.001 0.01729 0.01639 0.01843 0.02653 -0.1503 -0.08789
225  1.489  0.001 0.01809 0.01841 0.01843    0    0 -0.03
221  1.494  0.001 0.02161 0.01895 0.01843    0    0 -0.03
177  1.498  0.001 0.0212 0.01539 0.01843    0    0 -0.03
8   1.5  0.001 0.02323 0.02078 0.01747 -0.1792 -0.2053 0.542
175  1.504  0.001 0.01899 0.02345 0.01843    0    0 -0.03
216  1.504  0.001 0.01543 0.02166 0.01843    0    0 -0.03
218  1.51  0.001 0.01991 0.02237 0.01843 0.02285 0.09511 -0.04533
200  1.516  0.001 0.02015 0.02033 0.01843 0.0615 -0.0004373 -0.03009
153  1.518  0.001 0.02118 0.02074 0.01843 0.1192 0.1123 -0.2557
175  1.52  0.001 0.01861 0.02337 0.01843 -0.02902 -0.005916 -0.05727
185  1.522  0.001 0.02147 0.01886 0.01843 0.08325 -0.085 -0.06499
258  1.523  0.001 0.01484 0.01752 0.01843    0    0 -0.03
275  1.525  0.001 0.01948 0.02148 0.01843    0    0 -0.03
289  1.53  0.001 0.01654 0.01597 0.01843    0    0 -0.03
8  1.532  0.001 0.02012 0.0199 0.01843 0.01773 -0.09683 -0.08507
102  1.535  0.001 0.01851 0.02193 0.01843 -0.001802 0.007278 -0.1553
260  1.538  0.001 0.0201 0.01537 0.01843    0    0 -0.03
262  1.543  0.001 0.0229 0.01804 0.01843    0    0 -0.03
153  1.547  0.001 0.01971 0.02193 0.01843 0.1064 -0.1646 -0.03485
266  1.559  0.001 0.01902 0.02273 0.01843    0    0 -0.03
231  1.567  0.001 0.01965 0.01827 0.01843    0    0 -0.03
153  1.569  0.001 0.0212 0.02037 0.01843 0.05045 -0.04457 -0.04866
134  1.57  0.001 0.02393 0.02056 0.01742 -0.05379 -0.01462 -0.1903
137  1.575  0.001 0.0225 0.01784 0.01843 -0.0154 -0.05564 -0.131
290  1.576  0.001 0.0202 0.02347 0.01843    0    0 -0.03
259  1.59  0.001 0.01609 0.02165 0.01843    0    0 -0.03
263  1.591  0.001 0.01808 0.01685 0.01843    0    0 -0.03
271  1.593  0.001 0.01511 0.01726 0.01843    0    0 -0.03
246  1.597  0.001 0.01988 0.02079 0.01843    0    0 -0.03
81   1.6  0.001 0.02362 0.02131 0.01812 -0.3941 -0.2773 1.813
229   1.6  0.001 0.01578 0.01975 0.01843    0    0 -0.03
6  1.601  0.001 0.0182 0.02048 0.01744 -0.02215 0.007331 0.1639
264  1.601  0.001 0.02006 0.01532 0.01843    0    0 -0.03
188  1.606  0.001 0.01829 0.0171 0.01843 0.03815 -0.1397 -0.08792
83  1.608  0.001 0.01889 0.02222 0.01843 -0.04771 -0.03094 -0.07626
6  1.617  0.001 0.01871 0.0193 0.01843 -0.09321 -0.1645 -0.4454
209  1.618  0.001 0.01999 0.01896 0.01843 0.176 -0.1295 -0.2573
168  1.618  0.001 0.01568 0.01991 0.01843 -0.09406 -0.05736 -0.04887
83  1.623  0.001 0.01964 0.02138 0.01843 2.84e-05 -0.05949 -0.03384
186  1.623  0.001 0.02128 0.01907 0.01843 0.1721 0.09164 -0.2565
102  1.624  0.001 0.02102 0.0221 0.01843 0.0891 -0.009534 -0.07958
246  1.626  0.001 0.02253 0.01821 0.01843 0.04729 -0.09399 -0.1634
96  1.626  0.001 0.01756 0.01988 0.01843 0.005942 0.01041 -0.09889
181  1.627  0.001 0.01977 0.02259 0.01843 0.04007 -0.02556 -0.1083
229  1.628  0.001 0.01443 0.01919 0.01843 -0.1756 0.1556 -0.07848
177  1.635  0.001 0.02125 0.02356 0.01843 -0.04628 -0.01774 -0.1784
196  1.636  0.001 0.01482 0.01713 0.01843 -0.1486 -0.1143 -0.1163
78  1.636  0.001 0.02088 0.01998 0.01843 0.0306 -0.08919 -0.1525
233  1.637  0.001 0.01795 0.01586 0.01843    0    0 -0.03
234  1.637  0.001 0.01694 0.02189 0.01843    0    0 -0.03
288  1.64  0.001 0.01773 0.0177 0.01843    0    0 -0.03
49  1.64  0.001 0.02321 0.01798 0.01843 -0.01782 -0.05996 -0.1573
110  1.642  0.001 0.02015 0.01407 0.01829 -0.01807 0.0763 -0.04192
251  1.644  0.001 0.01719 0.02313 0.01843    0    0 -0.03
267  1.645  0.001 0.01647 0.0162 0.01843    0    0 -0.03
226  1.65  0.001 0.01836 0.02136 0.01843    0    0 -0.03
295  1.653  0.001 0.02195 0.01639 0.01843    0    0 -0.03
261  1.658  0.001 0.01919 0.0236 0.01843    0    0 -0.03
228  1.665  0.001 0.01619 0.02008 0.01843    0    0 -0.03
264  1.667  0.001 0.01852 0.0163 0.01843 -0.03022 0.05747 -0.2438
268  1.667  0.001 0.02155 0.01829 0.01843    0    0 -0.03
159  1.675  0.001 0.02411 0.0197 0.01756 -0.09579 -0.06811 0.04195
239  1.68  0.001 0.02263 0.01883 0.01843    0    0 -0.03
292  1.68  0.001 0.02018 0.01805 0.01843    0    0 -0.03
130  1.691  0.001 0.02155 0.02249 0.01843 0.04933 -0.1213 -0.06137
274  1.693  0.001 0.01954 0.02066 0.01843    0    0 -0.03
89  1.696  0.001 0.01532 0.01557 0.01724 0.09798 0.07873 -0.2102
272  1.706  0.001 0.01594 0.01794 0.01843    0    0 -0.03
300  1.71  0.001 0.01842 0.02028 0.01843    0    0 -0.03
118  1.712  0.001 0.01832 0.0241 0.01748 0.08829 -0.07271 -0.207
261  1.713  0.001 0.01677 0.02197 0.01843 -0.06256 -0.04676 -0.1434
266  1.717  0.001 0.02262 0.02173 0.01764 -0.1716 -0.1488 0.5796
81  1.717  0.001 0.01954 0.01397 0.0178 -0.04027 0.1262 -0.3839
262  1.731  0.001 0.02055 0.01441 0.01764 0.1402 0.1262 0.9085
129  1.732  0.001 0.0178 0.01498 0.01746 -0.01199 0.07773 0.2415
110  1.734  0.001 0.02047 0.0175 0.01843 0.2421 -0.091 -0.3021
113  1.734  0.001 0.02213 0.01884 0.01843 0.01328 -0.07836 -0.1971
281  1.735  0.001 0.01722 0.01803 0.01843    0    0 -0.03
290  1.738  0.001 0.01821 0.02345 0.01843 -0.06388 -0.1428 -0.2111
297  1.739  0.001 0.01456 0.01956 0.01843    0    0 -0.03
253  1.739  0.001 0.02167 0.02044 0.01843    0    0 -0.03
207  1.746  0.001 0.0217 0.02288 0.01843 0.02606 0.005107 -0.1452
158  1.747  0.001 0.01725 0.02382 0.01788 -0.0098 -0.0692 -0.1084
277  1.752  0.001 0.01771 0.01514 0.01843    0    0 -0.03
259  1.753  0.001 0.01404 0.01807 0.01744 0.02536 0.09047 -0.02586
287  1.755  0.001 0.01622 0.01644 0.01843    0    0 -0.03
266  1.758  0.001 0.02222 0.02305 0.01757 -0.0402 -0.03974 -0.2019
246  1.761  0.001 0.01954 0.02215 0.01843 -0.06477 0.1122 -0.09488
240  1.763  0.001 0.02016 0.02316 0.01843    0    0 -0.03
282  1.766  0.001 0.0195 0.01699 0.01843    0    0 -0.03
102  1.77  0.001 0.01778 0.01488 0.01843 -0.05402 -0.04768 -0.2566
298  1.773  0.001 0.01643 0.02264 0.01843    0    0 -0.03
257  1.786  0.001 0.02055 0.0176 0.01843    0    0 -0.03
81  1.788  0.001 0.02073 0.01487 0.01843 -0.0485 0.04243 -0.08059
159  1.789  0.001 0.02133 0.01449 0.01765 -0.0004671 0.01427 -0.02428
127  1.79  0.001 0.02233 0.01529 0.01843 -0.1754 0.07388 -0.1654
254  1.794  0.001 0.02219 0.02125 0.01843    0    0 -0.03
294  1.799  0.001 0.01606 0.01978 0.01843    0    0 -0.03
296  1.801  0.001 0.01518 0.02089 0.01843    0    0 -0.03
6  1.805  0.001 0.01532 0.01557 0.01724 0.09485 0.08642 -0.2158
270  1.807  0.001 0.0213 0.02224 0.01843    0    0 -0.03
290  1.811  0.001 0.02071 0.02063 0.01843 0.02092 -0.07024 -0.05058
242  1.818  0.001 0.01715 0.01514 0.01843    0    0 -0.03
184  1.818  0.001 0.01633 0.02337 0.01785 0.03872 0.008257 -0.05372
230  1.822  0.001 0.01783 0.01705 0.01843    0    0 -0.03
243  1.825  0.001 0.01931 0.01853 0.01843    0    0 -0.03
143  1.827  0.001 0.02144 0.02114 0.0175 0.03886 -0.2733 0.5529
248  1.83  0.001 0.01967 0.01625 0.01843    0    0 -0.03
237  1.831  0.001 0.02201 0.01985 0.01843    0    0 -0.03
10  1.833  0.001 0.01932 0.02233 0.01843 -0.1403 0.0302 -0.03269
143  1.834  0.001 0.02118 0.0204 0.01843 0.007397 -0.2004 -0.119
273  1.837  0.001 0.01497 0.01833 0.01843    0    0 -0.03
247  1.84  0.001 0.01576 0.0207 0.01843    0    0 -0.03
21  1.845  0.001 0.01985 0.02017 0.01843 0.04925 -0.01486 -0.04369
276  1.845  0.001 0.02149 0.01852 0.01843    0    0 -0.03
279  1.846  0.001 0.01602 0.01569 0.01843    0    0 -0.03
241  1.85  0.001 0.02069 0.02323 0.01843    0    0 -0.03
283  1.851  0.001 0.01844 0.0214 0.01843    0    0 -0.03
265  1.853  0.001 0.02068 0.017 0.01843    0    0 -0.03
252  1.855  0.001 0.02087 0.02195 0.01843    0    0 -0.03
249  1.86  0.001 0.01849 0.02026 0.01843    0    0 -0.03
280  1.861  0.001 0.01489 0.01935 0.01843    0    0 -0.03
227  1.869  0.001 0.02158 0.01753 0.01843    0    0 -0.03
235  1.877  0.001 0.01937 0.02316 0.01843    0    0 -0.03
285  1.881  0.001 0.02102 0.01621 0.01843    0    0 -0.03
255  1.887  0.001 0.0174 0.02303 0.01843    0    0 -0.03
256  1.889  0.001 0.01967 0.0186 0.01843    0    0 -0.03
21  1.89  0.001 0.02124 0.02096 0.01843 0.03683 0.02002 -0.1331
250  1.904  0.001 0.01736 0.01864 0.01843    0    0 -0.03
245  1.908  0.001 0.01572 0.01929 0.01843    0    0 -0.03
232  1.918  0.001 0.01918 0.02217 0.01843    0    0 -0.03
278  1.928  0.001 0.01855 0.01842 0.01843    0    0 -0.03
284  1.934  0.001 0.01887 0.01494 0.01843    0    0 -0.03
244  1.934  0.001 0.02294 0.01818 0.01843    0    0 -0.03
266  1.94  0.001 0.02107 0.02374 0.01777 0.0001791 -0.07173 -0.01143
278  1.949  0.001 0.01777 0.01767 0.01843 -0.03842 -0.03693 -0.09994
238  1.95  0.001 0.02003 0.02198 0.01843    0    0 -0.03
236  1.967  0.001 0.01714 0.01984 0.01843    0    0 -0.03
177  1.97  0.001 0.02305 0.02173 0.01751 0.009808 -0.01205 0.03216
118  1.994  0.001 0.02082 0.01427 0.01726 -0.01772 0.05856 -0.2412
286  1.998  0.001 0.01561 0.01644 0.01843    0    0 -0.03
270  1.999  0.001 0.0241 0.01974 0.01772 -0.008483 -0.09258 0.03085
299  2.004  0.001 0.02076 0.01938 0.01843    0    0 -0.06527
293  2.005  0.001 0.0198 0.02306 0.01843    0    0 -0.08116
291  2.006  0.001 0.02026 0.01585 0.01843    0    0 -0.09004
269  2.007  0.001 0.01747 0.0179 0.01843    0    0 -0.09562
133  2.018  0.001 0.02229 0.0201 0.01748 0.07912 0.03245 0.03471
299  2.024  0.001 0.02114 0.0187 0.01843 0.02523 -0.05069 -0.0297
236  2.027  0.001 0.01854 0.01867 0.01843 0.08095 -0.09669 -0.06084
256  2.03  0.001 0.02229 0.01511 0.01826 -0.04005 0.045 -0.1839
99  2.041  0.001 0.01804 0.02004 0.01764 -0.2903 -0.481 0.8897
56  2.043  0.001 0.0182 0.01784 0.01749 -0.1093 -0.2668 0.2334
39  2.045  0.001 0.02064 0.02381 0.01748 -0.05267 0.1443 0.2563
133  2.058  0.001 0.0236 0.02013 0.01843 0.02011 -0.03328 -0.02833
113  2.074  0.001 0.02227 0.02031 0.01843 0.00733 -0.01626 -0.1237
195  2.078  0.001 0.02149 0.02335 0.01843 0.002426 0.05799 -0.1309
232  2.083  0.001 0.01525 0.02167 0.01843 0.04172 -0.05656 -0.08308
290  2.092  0.001 0.02112 0.01439 0.01746 -0.01174 0.04504 -0.1438
21  2.093  0.001 0.01773 0.01624 0.01843 -0.08421 -0.06856 -0.343
238  2.094  0.001 0.02276 0.02084 0.01843 0.06898 0.03338 -0.08921
1  2.095  0.001 0.01427 0.02082 0.01809 0.04394 -0.04494 -0.04492
224  2.097  0.001 0.01987 0.02409 0.01803 -0.01896 -0.1321 0.2308
226  2.101  0.001 0.01497 0.02124 0.01843 0.06042 -0.01544 -0.1102
282  2.102  0.001 0.0181 0.01404 0.01773 -0.03858 0.0429 -0.04405
144  2.102  0.001 0.02414 0.01925 0.01843 -0.009301 -0.01848 -0.0498
8  2.104  0.001 0.01607 0.02138 0.01843 0.09673 -0.08525 -0.1711
113  2.123  0.001 0.02242 0.01834 0.01843 0.0433 -0.1139 -0.05913
233  2.127  0.001 0.01915 0.01395 0.0178 0.0144 0.06924 -0.01267
71  2.139  0.001 0.01937 0.01429 0.01843 -0.09901 0.04758 -0.2245
251  2.14  0.001 0.02195 0.01941 0.01843 0.114 -0.0871 -0.1732
243  2.141  0.001 0.02096 0.01432 0.01768 0.03422 0.0257 -0.05057
61  2.15  0.001 0.02385 0.02078 0.01829 -0.06277 -0.02313 -0.05126
39  2.152  0.001 0.01955 0.02289 0.01775 0.04122 -0.237 0.6312
69  2.154  0.001 0.01973 0.01565 0.01843 -0.07546 0.05763 -0.2426
264  2.169  0.001 0.0154 0.01548 0.01757 0.1326 -0.01884 -0.1178
164  2.172  0.001 0.02332 0.01625 0.01754 -0.0851 -0.03031 -0.2145
224  2.172  0.001 0.01754 0.02215 0.01843 -0.03134 -0.02135 -0.3595
294  2.192  0.001 0.01401 0.01829 0.01835 0.1367 -0.07785 0.2003
197  2.193  0.001 0.02169 0.02016 0.01744 0.008486 -0.009995 0.02538
293  2.205  0.001 0.0157 0.0229 0.01801 -0.03959 -0.2767 -0.09463
241  2.212  0.001 0.02155 0.0232 0.01744 -0.07897 0.02844 0.1228
44  2.222  0.001 0.02219 0.01503 0.01808 -0.004539 0.1384 0.04673
238  2.222  0.001 0.0223 0.02065 0.01843 0.03279 0.06038 -0.06127
292  2.225  0.001 0.0169 0.01543 0.01749 0.1338 0.05604 0.3004
294  2.232  0.001 0.01953 0.01514 0.01843 0.1367 -0.07785 -0.1961
66  2.236  0.001 0.01431 0.02057 0.01744 0.009881 -0.01104 0.0311
92  2.237  0.001 0.01971 0.01996 0.01843 0.01827 -0.04957 -0.01767
264  2.24  0.001 0.01922 0.01879 0.01843 0.03805 -0.002357 -0.1275
21  2.246  0.001 0.02062 0.01812 0.01843 -0.02073 -0.04618 -0.1913
292   2.3  0.001 0.02246 0.01829 0.01843 -0.0695 -0.03181 -0.06544
211  2.326  0.001 0.02357 0.01954 0.01762 0.1756 -0.1883 0.601
120  2.332  0.001 0.02172 0.0204 0.01751 -0.05728 -0.08577 0.1969
250  2.334  0.001 0.02264 0.01542 0.01787 -0.02423 0.06849 -0.001801
244  2.336  0.001 0.02256 0.01711 0.01843 -0.03572 -0.08935 -0.02666
65  2.337  0.001 0.02184 0.0214 0.01746 -0.02895 -0.05209 0.08261
132  2.34  0.001 0.01569 0.02031 0.01743 -0.0004628 0.009451 0.003185
137  2.364  0.001 0.02094 0.0185 0.01843 -0.08093 -0.01765 -0.1522
120  2.368  0.001 0.01899 0.01746 0.01843 -0.07861 -0.08136 -0.1498
206  2.368  0.001 0.01601 0.01821 0.01843 -0.1195 -0.1031 -0.1642
167  2.371  0.001 0.02102 0.02374 0.01843 -0.05197 0.04045 -0.1792
27  2.38  0.001 0.01899 0.01877 0.01843 -0.1448 -0.004835 -0.05685
74  2.382  0.001 0.02077 0.02057 0.01843 -0.01309 -0.01894 -0.2438
60  2.386  0.001 0.01928 0.02179 0.01843 -0.0803 0.01894 -0.06481
49  2.401  0.001 0.0197 0.01843 0.01843 -0.05149 -0.02832 -0.3459
92  2.408  0.001 0.01534 0.01555 0.01759 0.07631 0.08726 -0.09108
240  2.439  0.001 0.02225 0.02132 0.01746 -0.0475 -0.01817 0.1104
61  2.439  0.001 0.02324 0.02196 0.01792 -0.01475 -0.03187 -0.03638
201  2.46  0.001 0.02183 0.0184 0.01843 -0.03461 -0.07813 -0.1042
74  2.468  0.001 0.02106 0.02374 0.01821 -0.01767 -0.02736 -0.1338
217  2.471  0.001 0.02167 0.02179 0.01843 -0.0585 0.04031 -0.161
141  2.474  0.001 0.02078 0.01746 0.01843 -0.1069 -0.04629 -0.1146
38  2.479  0.001 0.02132 0.01448 0.01746 -0.1099 0.1663 -0.442
115  2.485  0.001 0.01415 0.01783 0.01843 -0.1713 -0.03731 -0.2476
25  2.521  0.001 0.02051 0.01625 0.01774 0.06215 -0.07467 0.2635
206  2.525  0.001 0.02264 0.02087 0.01843 0.1703 0.09675 -0.181
251  2.545  0.001 0.01398 0.01844 0.01786 0.1052 0.004431 -0.3382
186  2.555  0.001 0.02258 0.02264 0.0175 -0.5035 0.4886 3.028
193  2.56  0.001 0.02394 0.02019 0.01744 0.05104 -0.0087 0.06311
166  2.565  0.001 0.01932 0.01983 0.01744 -0.04001 0.003499 0.09346
251  2.567  0.001 0.01665 0.01764 0.01843 0.1225 -0.03816 -0.06727
69  2.593  0.001 0.016 0.01536 0.01843 -0.03146 0.0323 -0.07686
206  2.604  0.001 0.02407 0.01998 0.01759 -0.04993 -0.04389 -0.02132
175  2.606  0.001 0.017 0.02298 0.01764 0.04921 -0.00648 0.154
10  2.608  0.001 0.01563 0.0228 0.01751 -0.07825 -0.02341 0.1186
215  2.619  0.001 0.02102 0.02072 0.01757 0.0554 -0.1057 0.07273
60  2.619  0.001 0.01932 0.02105 0.01843 -0.01541 0.0181 -0.0317
183  2.624  0.001 0.0163 0.02311 0.01757 0.02435 0.02646 0.4911
174  2.626  0.001 0.01902 0.02337 0.01746 0.07085 -0.05927 0.1824
216  2.626  0.001 0.01811 0.02236 0.01755 0.09801 -0.1234 0.29
210  2.629  0.001 0.01962 0.02235 0.01754 0.1536 -0.05964 0.293
135  2.629  0.001 0.01821 0.02313 0.01752 0.0635 -0.004099 0.1796
285  2.63  0.001 0.01903 0.01991 0.01843 -0.0237 -0.03079 -0.1108
172  2.631  0.001 0.01691 0.02036 0.01748 0.07379 -0.13 0.1001
31  2.637  0.001 0.01833 0.02127 0.01744 0.03019 -0.1033 0.01798
243  2.639  0.001 0.01827 0.01488 0.01843 -0.0348 0.008755 -0.08638
210  2.641  0.001 0.02145 0.02116 0.01843 0.1465 -0.1134 -0.0326
293  2.642  0.001 0.01515 0.01787 0.01843 -0.01439 -0.1202 -0.04487
261  2.644  0.001 0.01706 0.01924 0.01843 0.0004022 -0.1434 -0.003192
135  2.646  0.001 0.01928 0.02297 0.01843 0.06058 -0.01063 -0.04672
259  2.649  0.001 0.0183 0.01908 0.01843 0.05119 -0.07512 -0.07606
192  2.65  0.001 0.01692 0.01632 0.01843 0.005713 -0.144 -0.07793
81  2.65  0.001 0.02353 0.01985 0.01843 0.0869 0.06145 -0.05545
164  2.654  0.001 0.02154 0.0235 0.01803 -0.07091 -0.05821 -0.1518
174  2.657  0.001 0.02119 0.02155 0.01843 0.07085 -0.05927 -0.1191
216  2.657  0.001 0.02083 0.0187 0.01843 0.08803 -0.1187 -0.1246
232  2.663  0.001 0.01826 0.01708 0.01843 0.01737 -0.08527 -0.03958
154  2.664  0.001 0.01847 0.02215 0.0175 -0.01857 -0.05536 0.3666
77  2.667  0.001 0.01845 0.0194 0.01843 -0.04435 -0.0862 -0.1947
264  2.671  0.001 0.02408 0.01818 0.01759 -0.01534 -0.03401 0.02822
286  2.674  0.001 0.02062 0.0142 0.01838 -0.01322 0.06474 -0.1054
1  2.677  0.001 0.01927 0.01757 0.01843 0.03776 -0.08009 -0.2233
269  2.69  0.001 0.02004 0.01602 0.01843 -0.09599 -0.1033 -0.1106
175  2.69  0.001 0.01904 0.02407 0.01744 -0.05941 -0.05252 0.01314
195  2.693  0.001 0.01438 0.01699 0.0183 0.08431 0.004488 -0.2565
81  2.716  0.001 0.02236 0.02041 0.01843 -0.05081 -0.01929 -0.0473
181  2.727  0.001 0.01944 0.01867 0.01843 0.01832 -0.05532 -0.3112
60  2.73  0.001 0.02409 0.01982 0.01744 -0.002839 -0.0166 -0.03379
183  2.731  0.001 0.01912 0.02415 0.01803 0.04345 -0.1241 -0.232
27  2.734  0.001 0.02357 0.02143 0.0184 -0.09498 -0.06601 -0.3183
184  2.743  0.001 0.0171 0.02132 0.01747 -0.04333 -0.02891 0.06855
135  2.753  0.001 0.02004 0.0224 0.01843 0.0188 -0.008847 -0.1969
44  2.786  0.001 0.02414 0.01932 0.01755 -0.1144 0.04935 -0.005882
270  2.788  0.001 0.02404 0.01796 0.01761 -0.121 -0.01469 -0.001545
198  2.791  0.001 0.02289 0.01955 0.01749 -0.1659 -0.3008 0.7407
285  2.794  0.001 0.02046 0.01766 0.01843 -0.005808 -0.06671 -0.07994
98  2.796  0.001 0.01742 0.01923 0.01843 -0.1754 -0.05821 -0.05772
210  2.804  0.001 0.01865 0.02188 0.01843 -0.1171 0.03307 -0.09608
27  2.818  0.001 0.01753 0.02392 0.01839 -0.01334 -0.05561 -0.1577
179  2.826  0.001 0.01582 0.01696 0.01843 -0.02023 -0.0681 -0.4178
252  2.834  0.001 0.02352 0.02148 0.01748 -1.677 -2.27 5.186
299  2.835  0.001 0.02325 0.01768 0.01744 0.227 -2.68 1.108
8  2.871  0.001 0.01907 0.02358 0.01746 -0.02328 -0.01551 0.0571
24  2.878  0.001 0.02329 0.01736 0.01843 -0.007367 -0.01253 -0.5172
260  2.885  0.001 0.0182 0.02089 0.01843 -0.01415 -0.05118 -0.08624
274  2.888  0.001 0.01787 0.02213 0.01843 -0.07314 -0.001637 -0.04902
83  2.892  0.001 0.01526 0.02209 0.01772 -0.1642 -0.09457 0.835
103  2.895  0.001 0.01579 0.02268 0.01747 -0.04969 -0.1231 0.08445
158  2.896  0.001 0.01438 0.019 0.01749 -0.03064 -0.3177 0.1522
215  2.903  0.001 0.01834 0.01553 0.01843 0.01759 0.1091 -0.2103
77  2.907  0.001 0.02157 0.02179 0.01843 0.259 0.009042 -0.04112
250  2.926  0.001 0.01723 0.01451 0.01746 0.0465 -0.2568 0.913
193  2.95  0.001 0.01515 0.0216 0.01745 0.006973 -0.06959 0.05676
205  2.951  0.001 0.01701 0.02047 0.01843 -0.1088 0.0008963 -0.1293
64  2.954  0.001 0.02273 0.01661 0.01744 -0.007074 -0.2474 0.2888
56  2.956  0.001 0.01819 0.01935 0.01744 0.0001029 -0.2043 0.135
257  2.973  0.001 0.01757 0.0188 0.01843 0.01011 -0.09691 -0.01895
220  2.973  0.001 0.01466 0.02122 0.01843 -0.08359 -0.01009 -0.05364
260  2.974  0.001 0.02235 0.01709 0.01843 0.1352 -0.1331 -0.04491
284  3.019  0.001 0.02141 0.0177 0.01843 0.05255 -0.09825 -0.09998
39  3.036  0.001 0.01932 0.01812 0.01747 -0.06211 0.1252 0.05567
266  3.038  0.001 0.02144 0.02322 0.01764 0.2169 -0.1602 1.111
95  3.04  0.001 0.02081 0.02279 0.01752 0.03022 -0.04318 0.7603
211  3.041  0.001 0.0239 0.01792 0.01745 0.2763 -0.06935 0.2094
251  3.043  0.001 0.01405 0.02007 0.01774 0.08905 0.07824 -0.02967
59  3.048  0.001 0.02375 0.0201 0.01744 -0.008675 -0.01996 0.09589
131  3.054  0.001 0.02163 0.0228 0.01748 0.09345 -0.07794 0.2195
155  3.069  0.001 0.01938 0.02182 0.01752 0.1747 -0.2477 0.5676
206  3.078  0.001 0.01498 0.02177 0.0175 0.002493 -0.1197 0.1945
174  3.083  0.001 0.02084 0.01985 0.01753 -2.403 -2.683 2.495
100  3.101  0.001 0.01733 0.02385 0.01814 0.2829 -0.1279 -0.2126
178  3.102  0.001 0.02082 0.01975 0.0176 -1.587 -0.1008 1.382
206  3.112  0.001 0.01506 0.01769 0.01843 0.002493 -0.1197 -0.1401
59  3.119  0.001 0.01858 0.01404 0.01843 -0.0397 0.06846 -0.2294
135  3.131  0.001 0.01713 0.01549 0.01749 0.09972 0.03955 0.142
131  3.136  0.001 0.02407 0.02001 0.01807 -0.09124 -0.08415 0.1467
239  3.15  0.001 0.02034 0.0228 0.01757 0.3696 0.00463 1.095
135  3.15  0.001 0.01898 0.01622 0.01843 0.09972 0.03955 -0.04028
265  3.153  0.001 0.0216 0.02077 0.01745 0.1442 -0.2264 0.4654
131  3.163  0.001 0.02158 0.01772 0.01843 -0.09124 -0.08415 -0.1204
106  3.163  0.001 0.02077 0.01908 0.01843 -0.02654 -0.2526 -0.3925
68  3.185  0.001 0.02001 0.02163 0.01843 -0.04661 0.03829 -0.1542
155  3.196  0.001 0.02208 0.01495 0.01746 -0.03071 0.1889 -0.04954
95  3.215  0.001 0.02101 0.01484 0.01843 -0.177 -0.1184 -0.07384
117  3.228  0.001 0.01728 0.01477 0.01843 0.04643 0.06914 -0.0546
68  3.23  0.001 0.02098 0.01912 0.01843 0.07129 -0.07481 -0.01923
153  3.264  0.001 0.01639 0.01988 0.01765 0.09602 -0.1483 0.3939
84  3.269  0.001 0.01623 0.02209 0.01744 0.05726 -0.009104 0.04677
237  3.272  0.001 0.01804 0.01963 0.01744 0.07356 -0.007402 0.0233
142  3.273  0.001 0.02072 0.01423 0.01745 -0.08758 0.2199 -0.4061
265  3.275  0.001 0.0227 0.01549 0.01749 -0.0036 0.029 0.02147
241  3.459  0.001 0.02266 0.02153 0.01843 0.008043 -0.04617 -0.0569
211  3.463  0.001 0.02344 0.02152 0.01753 0.04798 0.0903 0.01582
274  3.464  0.001 0.02084 0.01764 0.01746 0.04094 -0.2047 0.05498
161  3.494  0.001 0.02135 0.0177 0.01843 -0.004973 -0.1002 -0.1838
131  3.498  0.001 0.0218 0.02224 0.01843 0.01672 0.02415 -0.1537
176  3.52  0.001 0.01872 0.01396 0.01769 0.01592 0.06245 -0.1507
106  3.523  0.001 0.01801 0.02215 0.01843 -0.06104 -0.02233 -0.17
135  3.544  0.001 0.01956 0.02404 0.01843 0.1065 -0.02306 -0.06756
106  3.594  0.001 0.0162 0.01481 0.01805 0.02193 0.06262 -0.1941
144  3.652  0.001 0.02378 0.02074 0.01757 0.0932 -0.06827 0.1421
7  3.655  0.001 0.02299 0.02178 0.01754 0.03481 -0.04025 0.06705
183  3.683  0.001 0.01619 0.02072 0.01764 -0.0702 -0.1397 0.2576
144  3.708  0.001 0.02413 0.01857 0.01755 -0.02079 -0.002285 -0.02446
286  3.719  0.001 0.01759 0.01864 0.01843 0.02633 -0.0809 -0.1289
173  3.793  0.001 0.01965 0.02192 0.01767 0.01753 -0.02373 0.2135
237  3.809  0.001 0.01718 0.02196 0.01843 -0.04013 0.001616 -0.1637
86  3.816  0.001 0.02202 0.02092 0.01745 -0.07433 0.03614 0.03503
289  3.822  0.001 0.01536 0.02233 0.01771 -0.07858 -0.04711 0.2334
173  3.832  0.001 0.02035 0.02098 0.01843 0.01753 -0.02373 -0.175
284  3.835  0.001 0.02207 0.02146 0.01843 -0.03928 0.06245 -0.08282
39  3.848  0.001 0.01991 0.01785 0.01749 0.2951 -0.4064 0.3639
217  3.848  0.001 0.01923 0.02184 0.01754 0.1807 -0.07863 0.5791
236  3.85  0.001 0.01745 0.02069 0.01751 0.1994 -0.2381 0.3074
59  3.851  0.001 0.02194 0.01484 0.01777 -0.03506 0.04566 -0.2118
78  3.852  0.001 0.01696 0.02337 0.01749 0.005328 0.002592 0.1592
182  3.865  0.001 0.01963 0.02114 0.01747 -0.01688 -0.1247 0.1166
121  3.869  0.001 0.02126 0.02343 0.01745 0.04265 -0.02014 0.1194
78  3.871  0.001 0.01736 0.02332 0.01843 0.02838 -0.004689 -0.04811
215  3.884  0.001 0.01901 0.02147 0.01843 0.06264 0.02171 -0.1168
244  3.889  0.001 0.01726 0.02075 0.01749 -0.1653 0.9873 3.481
257  3.899  0.001 0.02189 0.02248 0.01843 0.0406 -0.005079 -0.161
71  3.899  0.001 0.0205 0.0193 0.01843 0.01289 -0.04476 -0.01691
265  3.901  0.001 0.02353 0.02149 0.01761 -0.1046 -0.1434 0.4488
80  3.901  0.001 0.02015 0.02403 0.01743 0.03172 -0.02807 -0.1122
69  3.903  0.001 0.014 0.01836 0.01823 0.07206 0.01536 -0.1178
158  3.914  0.001 0.01817 0.02249 0.01768 0.1647 0.06863 0.5949
209  3.942  0.001 0.0207 0.01643 0.01843 -0.08763 -0.0886 -0.1596
285  3.942  0.001 0.02099 0.01797 0.01792 0.01138 -0.06946 0.4158
48  3.943  0.001 0.0156 0.0155 0.01843 -0.005994 0.08176 -0.2113
201  3.954  0.001 0.01887 0.02161 0.0176 0.002705 0.01979 0.3971
156  3.956  0.001 0.02357 0.02069 0.01759 -0.1039 -0.01926 0.3513
260  3.957  0.001 0.01894 0.01653 0.01843 -0.08161 -0.06977 -0.243
11  3.957  0.001 0.02245 0.02177 0.01749 -0.04798 0.02324 0.08693
202  3.961  0.001 0.01898 0.02225 0.01746 0.02696 -0.004929 0.1191
98  3.968  0.001 0.02358 0.02141 0.01761 -0.02322 -0.09568 -0.08665
128  3.973  0.001 0.01557 0.01532 0.01841 0.05556 0.05205 -0.2347
116  3.981  0.001 0.02227 0.02184 0.01761 -0.1369 -0.05507 0.3394
237  3.994  0.001 0.01399 0.01972 0.01771 0.2594 -0.09581 0.01434
203  3.998  0.001 0.01861 0.01397 0.01836 0.03645 0.1111 -0.191
136  4.003  0.001 0.02242 0.01522 0.01761 -0.139 0.1634 -0.4667
257  4.015  0.001 0.01916 0.02398 0.01755 -0.02465 0.06541 0.365
141  4.016  0.001 0.01736 0.02261 0.01752 -0.3107 -0.06954 0.6712
240  4.016  0.001 0.02005 0.02282 0.01748 0.127 -0.03208 0.3885
253  4.02  0.001 0.0191 0.02191 0.01749 -0.01471 -0.005861 0.1146
156  4.025  0.001 0.01639 0.01936 0.01843 -0.1039 -0.01926 -0.327
292  4.026  0.001 0.02063 0.02224 0.01746 0.01218 0.004538 0.05923
116  4.036  0.001 0.0177 0.01738 0.01843 -0.08262 -0.08075 -0.2564
285  4.039  0.001 0.02051 0.01416 0.01791 -0.06815 0.07691 -0.2522
201  4.054  0.001 0.0226 0.01543 0.01843 -0.04926 0.06785 -0.2552
202  4.063  0.001 0.01872 0.01661 0.01843 -0.005184 -0.1167 -0.2134
86  4.078  0.001 0.02303 0.021 0.01751 0.009179 -0.03692 0.1091
289  4.08  0.001 0.01403 0.01997 0.01783 0.4869 0.05085 0.3097
286  4.082  0.001 0.02409 0.01983 0.01831 -0.05211 -0.1032 0.06562
286  4.093  0.001 0.02351 0.01869 0.01843 -0.05211 -0.1032 -0.04335
232  4.105  0.001 0.01733 0.02385 0.01811 -0.04905 -0.08655 -0.1585
157  4.109  0.001 0.01859 0.02377 0.01843 -0.002692 0.007822 -0.2754
111  4.114  0.001 0.02354 0.01698 0.01843 -0.0227 0.002315 -0.05936
24  4.126  0.001 0.02145 0.01685 0.01751 0.1032 -0.2599 0.0563
289  4.143  0.001 0.02393 0.01854 0.01843 -0.06796 -0.07325 -0.293
80  4.149  0.001 0.02372 0.0211 0.01797 -0.09389 0.05852 0.08097
6  4.162  0.001 0.02288 0.01627 0.01843 0.1358 -0.1104 -0.1333
170  4.162  0.001 0.01455 0.01677 0.01843 -0.04926 -0.04302 -0.4169
25  4.164  0.001 0.02137 0.02201 0.01763 -4.672 -1.702 3.24
31  4.164  0.001 0.01944 0.02074 0.01743 -1.4 -2.4 1.528
193  4.165  0.001 0.02195 0.01953 0.01747 -0.6843 -1.544 1.244
188  4.165  0.001 0.02276 0.0209 0.01747 -0.0218 -0.6562 1.187
28  4.166  0.001 0.01953 0.02175 0.01746 -0.9926 0.12 0.613
282  4.168  0.001 0.01782 0.02391 0.01747 -0.0226 0.303 0.3214
294  4.169  0.001 0.01517 0.02237 0.01842 -0.01252 -0.1359 0.3629
133  4.171  0.001 0.02004 0.02388 0.01743 -0.1482 0.04494 0.239
275  4.18  0.001 0.01982 0.01803 0.01744 -0.1371 -0.07793 0.01687
27  4.185  0.001 0.01912 0.02297 0.0175 0.2229 -0.002545 0.419
300  4.186  0.001 0.02035 0.02179 0.01753 0.2628 -0.1664 0.4817
273  4.187  0.001 0.02294 0.02075 0.01745 0.2756 -0.0912 0.2237
102  4.217  0.001 0.01813 0.01522 0.01843 -0.04807 -0.07462 -0.2127
217  4.218  0.001 0.02391 0.01995 0.01761 -0.06754 -0.1263 0.3683
173  4.224  0.001 0.02295 0.01916 0.01743 -0.03305 -0.05219 0.05809
277  4.227  0.001 0.01553 0.02236 0.01748 0.01799 -0.01024 0.04736
158  4.232  0.001 0.02168 0.02052 0.0175 -0.158 -0.2725 0.2432
278  4.25  0.001 0.01572 0.01586 0.01843 0.1061 -0.2086 -0.1906
