# ID time  diameter x y z u v w  (ex ey ez, color)
34  0.01772  0.001 0.01639 0.01987 0.01843    0    0 -0.03
27  0.03207  0.001 0.01913 0.02014 0.01843    0    0 -0.03
9  0.03712  0.001 0.02059 0.02017 0.01843    0    0 -0.03
60  0.04095  0.001 0.01791 0.02168 0.01843    0    0 -0.03
76  0.04926  0.001 0.01562 0.02101 0.01843    0    0 -0.03
21  0.05415  0.001 0.01711 0.01814 0.01843    0    0 -0.03
13  0.05477  0.001 0.01463 0.01945 0.01843    0    0 -0.03
7  0.06137  0.001 0.01673 0.01615 0.01843    0    0 -0.03
17  0.06867  0.001 0.02091 0.02027 0.01843    0    0 -0.03
43  0.06899  0.001 0.01482 0.01777 0.01843    0    0 -0.03
24  0.08593  0.001 0.01754 0.01674 0.01843    0    0 -0.03
52  0.09706  0.001 0.01943 0.02314 0.01843    0    0 -0.03
40  0.1065  0.001 0.0216 0.01895 0.01843    0    0 -0.03
61  0.1141  0.001 0.01517 0.01768 0.01843    0    0 -0.03
45  0.1198  0.001 0.02211 0.02042 0.01843    0    0 -0.03
20  0.1227  0.001 0.01962 0.01486 0.01843    0    0 -0.03
18  0.1322  0.001 0.01952 0.02012 0.01843    0    0 -0.03
33  0.1335  0.001 0.02169 0.01713 0.01843    0    0 -0.03
1  0.1359  0.001 0.02081 0.01787 0.01843    0    0 -0.03
58  0.1404  0.001 0.01666 0.02269 0.01843    0    0 -0.03
12  0.1457  0.001 0.01826 0.02318 0.01843    0    0 -0.03
25  0.1463  0.001 0.01985 0.01664 0.01843    0    0 -0.03
36  0.1542  0.001 0.02103 0.02112 0.01843    0    0 -0.03
5  0.1691  0.001 0.01997 0.01562 0.01843    0    0 -0.03
2  0.1705  0.001 0.01628 0.01757 0.01843    0    0 -0.03
10  0.1915  0.001 0.01808 0.02272 0.01843    0    0 -0.03
53  0.1966  0.001 0.02289 0.02038 0.01843    0    0 -0.03
62  0.2047  0.001 0.02153 0.02145 0.01843    0    0 -0.03
23  0.2084  0.001 0.01723 0.01959 0.01843    0    0 -0.03
39  0.211  0.001 0.02185 0.01815 0.01843    0    0 -0.03
42  0.2205  0.001 0.02035 0.01736 0.01843    0    0 -0.03
49  0.2219  0.001 0.01769 0.01745 0.01843    0    0 -0.03
57  0.2366  0.001 0.01552 0.01988 0.01843    0    0 -0.03
19  0.239  0.001 0.01712 0.02242 0.01843    0    0 -0.03
80  0.247  0.001 0.01688 0.0213 0.01843    0    0 -0.03
32  0.2608  0.001 0.01888 0.02229 0.01843    0    0 -0.03
74  0.2679  0.001 0.01815 0.02297 0.01843    0    0 -0.03
70  0.2714  0.001 0.02335 0.02054 0.01843    0    0 -0.03
30  0.2762  0.001 0.01971 0.02318 0.01843    0    0 -0.03
85  0.2773  0.001 0.01688 0.01696 0.01843    0    0 -0.03
41  0.2828  0.001 0.01653 0.01864 0.01843    0    0 -0.03
35  0.2869  0.001 0.0186 0.01972 0.01843    0    0 -0.03
6  0.2877  0.001 0.01482 0.01773 0.01843    0    0 -0.03
64  0.2923  0.001 0.02031 0.01563 0.01843    0    0 -0.03
54  0.2998  0.001 0.01829 0.02213 0.01843    0    0 -0.03
38  0.3152  0.001 0.01873 0.0173 0.01843    0    0 -0.03
82  0.3211  0.001 0.01999 0.02003 0.01843    0    0 -0.03
28  0.3241  0.001 0.01948 0.01647 0.01843    0    0 -0.03
50  0.3318  0.001 0.02131 0.02105 0.01843    0    0 -0.03
31  0.3445  0.001 0.01766 0.0201 0.01843    0    0 -0.03
29  0.3449  0.001 0.01702 0.01859 0.01843    0    0 -0.03
65  0.3493  0.001 0.02053 0.01565 0.01843    0    0 -0.03
81  0.3554  0.001 0.02044 0.01858 0.01843    0    0 -0.03
4  0.3573  0.001 0.01626 0.01686 0.01843    0    0 -0.03
68  0.3684  0.001 0.0222 0.02101 0.01843    0    0 -0.03
77  0.3696  0.001 0.01958 0.02208 0.01843    0    0 -0.03
37  0.3704  0.001 0.01944 0.01617 0.01843    0    0 -0.03
47  0.3822  0.001 0.02229 0.01842 0.01843    0    0 -0.03
59  0.3846  0.001 0.02068 0.01794 0.01843    0    0 -0.03
8  0.39  0.001 0.02325 0.01895 0.01843    0    0 -0.03
16  0.3921  0.001 0.0164 0.01659 0.01843    0    0 -0.03
3  0.3979  0.001 0.02304 0.02012 0.01843    0    0 -0.03
69  0.4002  0.001 0.0174 0.0211 0.01843    0    0 -0.03
79  0.4043  0.001 0.02127 0.02095 0.01843    0    0 -0.03
14  0.409  0.001 0.01703 0.02308 0.01843    0    0 -0.03
11  0.4182  0.001 0.01504 0.01872 0.01843    0    0 -0.03
83  0.4277  0.001 0.01894 0.01545 0.01843    0    0 -0.03
51  0.4278  0.001 0.01577 0.01801 0.01843    0    0 -0.03
66  0.4369  0.001 0.02205 0.01867 0.01843    0    0 -0.03
44  0.4394  0.001 0.01863 0.01723 0.01843    0    0 -0.03
15  0.4411  0.001 0.02053 0.01703 0.01843    0    0 -0.03
46  0.4469  0.001 0.01998 0.02162 0.01843    0    0 -0.03
75  0.4525  0.001 0.01804 0.0197 0.01843    0    0 -0.03
56  0.457  0.001 0.0234 0.01844 0.01843    0    0 -0.03
73  0.4616  0.001 0.01833 0.02209 0.01843    0    0 -0.03
48  0.4689  0.001 0.02045 0.01485 0.01843    0    0 -0.03
55  0.4808  0.001 0.02214 0.02212 0.01843    0    0 -0.03
72  0.4897  0.001 0.01511 0.01696 0.01843    0    0 -0.03
26  0.4913  0.001 0.01705 0.02098 0.01843    0    0 -0.03
78  0.4915  0.001 0.0198 0.02115 0.01843    0    0 -0.03
84  0.499  0.001 0.01984 0.01551 0.01843    0    0 -0.03
67  0.4993  0.001 0.02234 0.01837 0.01843    0    0 -0.03
22  0.5026  0.001 0.01862 0.01522 0.01843    0    0 -0.03
71  0.509  0.001 0.01692 0.01946 0.01843    0    0 -0.03
63  0.5135  0.001 0.02206 0.02045 0.01843    0    0 -0.03
162  0.5229  0.001 0.01816 0.02008 0.01843    0    0 -0.03
57  0.525  0.001 0.01909 0.0172 0.01843 0.09236 0.1163 -0.2799
107  0.5265  0.001 0.01501 0.0202 0.01843    0    0 -0.03
159  0.5285  0.001 0.017 0.02139 0.01843    0    0 -0.03
148  0.5291  0.001 0.01837 0.0211 0.01843    0    0 -0.03
91  0.5337  0.001 0.01659 0.02234 0.01843    0    0 -0.03
123  0.5356  0.001 0.02023 0.02212 0.01843    0    0 -0.03
57  0.5359  0.001 0.02036 0.02051 0.01843 0.2223 0.3742 -0.4115
121  0.5381  0.001 0.02036 0.01752 0.01843    0    0 -0.03
97  0.5535  0.001 0.01697 0.01686 0.01843    0    0 -0.03
109  0.5542  0.001 0.02163 0.01831 0.01843    0    0 -0.03
153  0.5544  0.001 0.0201 0.01543 0.01843    0    0 -0.03
139  0.5562  0.001 0.01795 0.01557 0.01843    0    0 -0.03
143  0.5631  0.001 0.01952 0.01848 0.01843    0    0 -0.03
108  0.5639  0.001 0.01872 0.02302 0.01843    0    0 -0.03
110  0.572  0.001 0.0202 0.02018 0.01843    0    0 -0.03
114  0.573  0.001 0.01545 0.0212 0.01843    0    0 -0.03
111  0.5976  0.001 0.01617 0.01891 0.01843    0    0 -0.03
126  0.5988  0.001 0.02111 0.01615 0.01843    0    0 -0.03
103  0.6077  0.001 0.01883 0.0192 0.01843    0    0 -0.03
105  0.6083  0.001 0.01871 0.02356 0.01843    0    0 -0.03
87  0.6105  0.001 0.0211 0.02097 0.01843    0    0 -0.03
169  0.6111  0.001 0.01485 0.01799 0.01843    0    0 -0.03
106  0.618  0.001 0.01616 0.01567 0.01843    0    0 -0.03
90  0.6346  0.001 0.01611 0.01765 0.01843    0    0 -0.03
135  0.636  0.001 0.02157 0.02285 0.01843    0    0 -0.03
166  0.6428  0.001 0.01809 0.02195 0.01843    0    0 -0.03
170  0.649  0.001 0.01517 0.02014 0.01843    0    0 -0.03
136  0.6719  0.001 0.02107 0.01709 0.01843    0    0 -0.03
119  0.6764  0.001 0.02296 0.01804 0.01843    0    0 -0.03
117  0.6768  0.001 0.01763 0.0152 0.01843    0    0 -0.03
124  0.6784  0.001 0.01871 0.01898 0.01843    0    0 -0.03
122  0.6788  0.001 0.0216 0.01586 0.01843    0    0 -0.03
165  0.6889  0.001 0.02181 0.01962 0.01843    0    0 -0.03
47  0.6925  0.001 0.02377 0.01982 0.01843 0.06023 -0.0721 -0.08115
158  0.7124  0.001 0.01647 0.02102 0.01843    0    0 -0.03
161  0.7127  0.001 0.02088 0.01981 0.01843    0    0 -0.03
96  0.7185  0.001 0.02038 0.02328 0.01843    0    0 -0.03
115  0.7248  0.001 0.0173 0.0233 0.01843    0    0 -0.03
168  0.7261  0.001 0.01543 0.01798 0.01843    0    0 -0.03
149  0.7397  0.001 0.01884 0.02237 0.01843    0    0 -0.03
132  0.7423  0.001 0.01968 0.01637 0.01843    0    0 -0.03
130  0.7485  0.001 0.02047 0.0195 0.01843    0    0 -0.03
118  0.7492  0.001 0.01842 0.02092 0.01843    0    0 -0.03
156  0.7499  0.001 0.0196 0.0204 0.01843    0    0 -0.03
129  0.751  0.001 0.02085 0.02051 0.01843    0    0 -0.03
141  0.7534  0.001 0.01864 0.01738 0.01843    0    0 -0.03
116  0.7593  0.001 0.01616 0.02247 0.01843    0    0 -0.03
131  0.7609  0.001 0.01603 0.01891 0.01843    0    0 -0.03
150  0.765  0.001 0.01709 0.01522 0.01843    0    0 -0.03
164  0.7661  0.001 0.02194 0.01688 0.01843    0    0 -0.03
93  0.7689  0.001 0.01747 0.0199 0.01843    0    0 -0.03
151  0.774  0.001 0.01953 0.01867 0.01843    0    0 -0.03
165  0.7761  0.001 0.02164 0.02075 0.01843 0.182 -0.1911 -0.2512
100  0.7819  0.001 0.01822 0.02322 0.01843    0    0 -0.03
95  0.7848  0.001 0.01789 0.01638 0.01843    0    0 -0.03
138  0.7878  0.001 0.02025 0.01536 0.01843    0    0 -0.03
71  0.7909  0.001 0.0197 0.02392 0.01843 0.05277 -0.1034 -0.1198
137  0.7951  0.001 0.02356 0.01891 0.01843    0    0 -0.03
142  0.8027  0.001 0.01684 0.01964 0.01843    0    0 -0.03
102  0.8077  0.001 0.01587 0.0178 0.01843    0    0 -0.03
104  0.8119  0.001 0.01737 0.02071 0.01843    0    0 -0.03
165  0.8183  0.001 0.02011 0.01936 0.01843 -0.07161 -0.007365 -0.1326
98  0.8256  0.001 0.0159 0.02084 0.01843    0    0 -0.03
92  0.8275  0.001 0.01847 0.02193 0.01843    0    0 -0.03
113  0.8296  0.001 0.01747 0.01859 0.01843    0    0 -0.03
163  0.8364  0.001 0.0183 0.01678 0.01843    0    0 -0.03
160  0.8446  0.001 0.01984 0.02264 0.01843    0    0 -0.03
152  0.8566  0.001 0.0162 0.01826 0.01843    0    0 -0.03
145  0.8648  0.001 0.02314 0.01765 0.01843    0    0 -0.03
144  0.865  0.001 0.01759 0.02117 0.01843    0    0 -0.03
99  0.8721  0.001 0.02262 0.01886 0.01843    0    0 -0.03
112  0.875  0.001 0.01639 0.01582 0.01843    0    0 -0.03
127  0.8768  0.001 0.01744 0.01849 0.01843    0    0 -0.03
94  0.8885  0.001 0.02043 0.02121 0.01843    0    0 -0.03
154  0.9074  0.001 0.0228 0.02163 0.01843    0    0 -0.03
125  0.9214  0.001 0.02183 0.01624 0.01843    0    0 -0.03
86  0.9301  0.001 0.01595 0.01801 0.01843    0    0 -0.03
157  0.9337  0.001 0.01488 0.01786 0.01843    0    0 -0.03
120  0.9463  0.001 0.01754 0.02335 0.01843    0    0 -0.03
134  0.953  0.001 0.01898 0.02029 0.01843    0    0 -0.03
88  0.9595  0.001 0.01851 0.01681 0.01843    0    0 -0.03
167  0.9712  0.001 0.01495 0.01817 0.01843    0    0 -0.03
101  0.9821  0.001 0.02119 0.02175 0.01843    0    0 -0.03
89  0.9882  0.001 0.01888 0.02231 0.01843    0    0 -0.03
115  0.9909  0.001 0.01543 0.02265 0.01744 0.03321 -0.07172 -0.1227
93  0.9921  0.001 0.01396 0.01872 0.0181 0.06947 -0.05966 -0.1217
147  0.9978  0.001 0.01989 0.01651 0.01843    0    0 -0.03
128  1.001  0.001 0.02103 0.02089 0.01843    0    0 -0.03
133  1.002  0.001 0.0197 0.01944 0.01843    0    0 -0.03
67  1.007  0.001 0.02189 0.01481 0.01842 -0.157 -0.03821 -0.04518
23  1.011  0.001 0.02304 0.01634 0.01843 0.06472 -0.1551 -0.1337
120  1.012  0.001 0.01437 0.02033 0.01843 -0.1348 0.07512 -0.1531
155  1.015  0.001 0.02088 0.02226 0.01843    0    0 -0.03
146  1.015  0.001 0.01967 0.02165 0.01843    0    0 -0.03
140  1.016  0.001 0.02133 0.01814 0.01843    0    0 -0.03
75  1.018  0.001 0.01606 0.02106 0.01843 -0.05265 -0.06112 -0.0861
149  1.024  0.001 0.01726 0.02145 0.01843 0.02345 0.08851 -0.1793
200  1.028  0.001 0.01813 0.01548 0.01843    0    0 -0.03
96  1.03  0.001 0.02006 0.01717 0.01843 -0.004731 -0.0144 -0.08597
224  1.03  0.001 0.01889 0.02041 0.01843    0    0 -0.03
121  1.031  0.001 0.0223 0.0154 0.01843 -0.08439 0.01699 -0.1447
186  1.041  0.001 0.02293 0.02082 0.01843    0    0 -0.03
81  1.051  0.001 0.02272 0.01564 0.01843 -0.06 0.05283 -0.2483
201  1.052  0.001 0.0163 0.01863 0.01843    0    0 -0.03
63  1.053  0.001 0.02055 0.01417 0.0179 -0.08868 0.0478 -0.2549
190  1.056  0.001 0.02201 0.0177 0.01843    0    0 -0.03
79  1.057  0.001 0.0234 0.02172 0.0183 -0.0679 -0.04591 -0.2526
130  1.058  0.001 0.02263 0.01647 0.01843 -0.09864 0.02749 -0.2292
191  1.061  0.001 0.01973 0.01501 0.01843    0    0 -0.03
208  1.064  0.001 0.01732 0.01709 0.01843    0    0 -0.03
232  1.067  0.001 0.01918 0.02217 0.01843    0    0 -0.03
87  1.076  0.001 0.01949 0.01568 0.01843 -0.02364 0.1303 -0.2658
218  1.078  0.001 0.0179 0.01556 0.01843    0    0 -0.03
109  1.083  0.001 0.02148 0.01537 0.01843 -0.0586 0.081 -0.4635
183  1.083  0.001 0.0234 0.02 0.01843    0    0 -0.03
203  1.083  0.001 0.0213 0.01657 0.01843    0    0 -0.03
129  1.09  0.001 0.02278 0.01745 0.01843 -0.08631 0.07686 -0.4286
245  1.097  0.001 0.01576 0.0207 0.01843    0    0 -0.03
94  1.098  0.001 0.01521 0.01569 0.0173 0.04161 0.2061 -0.3066
230   1.1  0.001 0.01783 0.01705 0.01843    0    0 -0.03
174  1.111  0.001 0.01852 0.01915 0.01843    0    0 -0.03
209  1.111  0.001 0.0207 0.01582 0.01843    0    0 -0.03
210  1.115  0.001 0.02124 0.01752 0.01843    0    0 -0.03
128  1.121  0.001 0.01821 0.01962 0.01843 0.05204 -0.4812 -0.4475
234  1.137  0.001 0.01694 0.02189 0.01843    0    0 -0.03
235  1.137  0.001 0.01937 0.02316 0.01843    0    0 -0.03
195  1.144  0.001 0.02043 0.0181 0.01843    0    0 -0.03
251  1.144  0.001 0.02087 0.02195 0.01843    0    0 -0.03
173  1.145  0.001 0.02045 0.01613 0.01843    0    0 -0.03
180  1.147  0.001 0.02044 0.01975 0.01843    0    0 -0.03
199  1.148  0.001 0.01665 0.02084 0.01843    0    0 -0.03
227  1.15  0.001 0.02158 0.01753 0.01843    0    0 -0.03
205  1.152  0.001 0.01545 0.01635 0.01843    0    0 -0.03
220  1.159  0.001 0.01555 0.02204 0.01843    0    0 -0.03
229  1.165  0.001 0.01578 0.01975 0.01843    0    0 -0.03
197  1.17  0.001 0.02037 0.01475 0.01843    0    0 -0.03
186  1.173  0.001 0.02352 0.02123 0.01843 0.1612 0.1004 -0.4088
238  1.18  0.001 0.02016 0.02316 0.01843    0    0 -0.03
224  1.19  0.001 0.01936 0.01738 0.01843 0.1652 0.06602 -0.3556
232  1.19  0.001 0.01902 0.02215 0.01843 -0.06102 -0.002529 -0.0185
182  1.207  0.001 0.01912 0.0195 0.01843    0    0 -0.03
38  1.208  0.001 0.0221 0.0192 0.01843 0.09785 -0.0571 -0.09375
188  1.211  0.001 0.01704 0.01575 0.01843    0    0 -0.03
177  1.212  0.001 0.01778 0.02281 0.01843    0    0 -0.03
207  1.214  0.001 0.02063 0.022 0.01843    0    0 -0.03
222  1.215  0.001 0.01457 0.01927 0.01843    0    0 -0.03
192  1.217  0.001 0.02066 0.01944 0.01843    0    0 -0.03
253  1.239  0.001 0.02219 0.02125 0.01843    0    0 -0.03
196  1.241  0.001 0.0233 0.0203 0.01843    0    0 -0.03
205  1.246  0.001 0.01505 0.01602 0.01843 0.06866 0.06562 -0.197
127  1.247  0.001 0.02084 0.02007 0.01843 -0.03386 0.0651 -0.1092
227  1.248  0.001 0.02288 0.01652 0.01843 0.1346 -0.01161 -0.4552
206  1.249  0.001 0.01976 0.01616 0.01843    0    0 -0.03
71  1.249  0.001 0.02145 0.02191 0.01843 0.09563 -0.03016 -0.09561
204  1.25  0.001 0.02125 0.01911 0.01843    0    0 -0.03
178  1.25  0.001 0.0176 0.02316 0.01843    0    0 -0.03
239  1.263  0.001 0.02069 0.02323 0.01843    0    0 -0.03
217  1.263  0.001 0.0163 0.0214 0.01843    0    0 -0.03
206  1.263  0.001 0.01972 0.01719 0.01843 -0.003589 0.08419 -0.05161
216  1.263  0.001 0.01965 0.01918 0.01843    0    0 -0.03
96  1.264  0.001 0.01858 0.02132 0.01843 0.02206 -0.0003897 -0.1987
223  1.271  0.001 0.01884 0.02323 0.01843    0    0 -0.03
197  1.272  0.001 0.01733 0.01443 0.01843 -0.1153 -0.03426 -0.1615
183  1.278  0.001 0.01917 0.01505 0.01843 0.0962 0.004861 -0.2288
221  1.279  0.001 0.02141 0.01968 0.01843    0    0 -0.03
189  1.282  0.001 0.02067 0.01857 0.01843    0    0 -0.03
99  1.287  0.001 0.02254 0.01837 0.01843 -0.3612 0.01564 -0.4804
134  1.29  0.001 0.0142 0.02011 0.01843 -0.1128 0.07654 -0.1825
214  1.293  0.001 0.02269 0.01654 0.01843    0    0 -0.03
254  1.294  0.001 0.02013 0.02137 0.01843    0    0 -0.03
230  1.294  0.001 0.01494 0.01778 0.01843 0.08572 0.08926 -0.1192
99  1.294  0.001 0.02181 0.01789 0.01843 0.09452 0.07576 -0.09233
33  1.296  0.001 0.02365 0.01685 0.01828 -0.2375 0.1537 0.08038
190  1.298  0.001 0.02018 0.0157 0.01843 0.03895 -0.1033 -0.2197
205   1.3  0.001 0.01544 0.01544 0.01824 0.0547 0.0538 -0.05195
176  1.304  0.001 0.02097 0.01708 0.01843    0    0 -0.03
38  1.305  0.001 0.02252 0.01531 0.01801 -0.07645 0.0493 -0.1466
79  1.309  0.001 0.02149 0.01964 0.01843 -0.1696 -0.02506 -0.1457
23  1.31  0.001 0.0156 0.01905 0.01843 0.1238 0.06159 -0.1528
198  1.322  0.001 0.01698 0.01854 0.01843    0    0 -0.03
231  1.322  0.001 0.01965 0.01827 0.01843    0    0 -0.03
179  1.324  0.001 0.01955 0.02079 0.01843    0    0 -0.03
241  1.325  0.001 0.02294 0.01818 0.01843    0    0 -0.03
247  1.33  0.001 0.02168 0.0177 0.01843    0    0 -0.03
236  1.331  0.001 0.02003 0.02198 0.01843    0    0 -0.03
143  1.333  0.001 0.01832 0.01467 0.01843 -0.04831 -0.1047 -0.1534
246  1.34  0.001 0.01967 0.01625 0.01843    0    0 -0.03
226  1.342  0.001 0.01836 0.02136 0.01843    0    0 -0.03
248  1.343  0.001 0.01849 0.02026 0.01843    0    0 -0.03
253  1.344  0.001 0.02002 0.01988 0.01843 0.0682 -0.0327 -0.08261
235  1.344  0.001 0.01805 0.02371 0.01778 -0.1356 -0.08143 0.2903
206  1.345  0.001 0.01607 0.02265 0.01843 0.09303 -0.09266 -0.05718
146  1.346  0.001 0.02334 0.02173 0.01761 0.06546 -0.1032 0.1416
240  1.35  0.001 0.01715 0.01514 0.01843    0    0 -0.03
100  1.354  0.001 0.02045 0.02396 0.01838 0.0339 -0.04569 0.04758
212  1.355  0.001 0.0172 0.02031 0.01843    0    0 -0.03
252  1.355  0.001 0.02167 0.02044 0.01843    0    0 -0.03
216  1.36  0.001 0.02148 0.01624 0.01843 0.2095 -0.0335 -0.2717
249  1.36  0.001 0.01736 0.01864 0.01843    0    0 -0.03
100  1.362  0.001 0.02074 0.02357 0.01843 0.0339 -0.04569 -0.03505
255  1.362  0.001 0.0174 0.02303 0.01843    0    0 -0.03
184  1.367  0.001 0.021 0.01928 0.01843    0    0 -0.03
228  1.369  0.001 0.01619 0.02008 0.01843    0    0 -0.03
55  1.372  0.001 0.01948 0.02359 0.01843 0.02669 -0.1279 -0.1065
239  1.373  0.001 0.02271 0.0226 0.01773 -0.1114 -0.08097 -0.1911
144  1.373  0.001 0.01745 0.02163 0.01843 0.02673 -0.04251 -0.07427
73  1.374  0.001 0.02321 0.02008 0.01843 -0.1516 -0.07184 -0.2399
248  1.375  0.001 0.02062 0.01637 0.01843 -0.06244 0.02111 -0.1326
51  1.379  0.001 0.01964 0.01772 0.01843 0.08121 0.02575 -0.1003
196  1.38  0.001 0.02322 0.01776 0.01843 -0.09975 0.0416 -0.0399
226  1.383  0.001 0.01757 0.01662 0.01843 -0.04006 -0.08905 -0.1413
146  1.387  0.001 0.02407 0.01815 0.01757 -0.06085 -0.05059 -0.04235
231  1.389  0.001 0.02388 0.01955 0.01843 0.1296 0.07843 -0.08328
143  1.389  0.001 0.01833 0.01477 0.01843 -0.007455 0.07667 -0.1559
196  1.389  0.001 0.02243 0.01806 0.01843 -0.08519 0.0326 -0.04502
211  1.39  0.001 0.02136 0.01577 0.01843    0    0 -0.03
105  1.393  0.001 0.01837 0.02181 0.01843 -0.04851 0.04177 -0.1926
202  1.398  0.001 0.0211 0.01768 0.01843    0    0 -0.03
177   1.4  0.001 0.01514 0.02233 0.01808 0.02229 -0.0485 -0.2049
250  1.404  0.001 0.01719 0.02313 0.01843    0    0 -0.03
243  1.408  0.001 0.01954 0.02304 0.01843    0    0 -0.03
175  1.412  0.001 0.0201 0.01536 0.01843    0    0 -0.03
191  1.412  0.001 0.01861 0.01397 0.01738 -0.01704 0.07907 -0.1543
233  1.418  0.001 0.01795 0.01586 0.01843    0    0 -0.03
154  1.422  0.001 0.02397 0.01894 0.01743 -0.00661 -0.09761 0.1014
26  1.424  0.001 0.01804 0.02215 0.01743 0.01255 -0.02267 0.04281
194  1.424  0.001 0.022 0.02034 0.01843    0    0 -0.03
244  1.427  0.001 0.01988 0.02079 0.01843    0    0 -0.03
252  1.428  0.001 0.02049 0.0218 0.01843 -0.04239 -0.0284 -0.02125
242  1.434  0.001 0.01572 0.01929 0.01843    0    0 -0.03
193  1.447  0.001 0.01941 0.01807 0.01843    0    0 -0.03
215  1.45  0.001 0.02103 0.02249 0.01843    0    0 -0.03
237  1.45  0.001 0.02263 0.01883 0.01843    0    0 -0.03
181  1.45  0.001 0.02247 0.01982 0.01843    0    0 -0.03
144  1.451  0.001 0.01663 0.02099 0.01843 -0.03368 -0.01412 -0.14
185  1.452  0.001 0.01767 0.02069 0.01843    0    0 -0.03
187  1.461  0.001 0.01876 0.01662 0.01843    0    0 -0.03
236  1.474  0.001 0.02413 0.01958 0.01805 -0.0735 0.05226 0.004613
223  1.477  0.001 0.01461 0.02156 0.01771 0.1373 -0.1257 -0.4493
225  1.489  0.001 0.01809 0.01841 0.01843    0    0 -0.03
219  1.494  0.001 0.02161 0.01895 0.01843    0    0 -0.03
172  1.498  0.001 0.0212 0.01539 0.01843    0    0 -0.03
171  1.504  0.001 0.01899 0.02345 0.01843    0    0 -0.03
213  1.504  0.001 0.01543 0.02166 0.01843    0    0 -0.03
237  1.511  0.001 0.02155 0.01622 0.01843 0.07256 0.02675 -0.1416
258  1.523  0.001 0.01484 0.01752 0.01843    0    0 -0.03
278  1.525  0.001 0.01948 0.02148 0.01843    0    0 -0.03
293  1.53  0.001 0.01654 0.01597 0.01843    0    0 -0.03
78  1.536  0.001 0.01785 0.01803 0.01843 0.06449 0.09161 -0.1259
260  1.538  0.001 0.0201 0.01537 0.01843    0    0 -0.03
262  1.543  0.001 0.0229 0.01804 0.01843    0    0 -0.03
33  1.544  0.001 0.02123 0.01784 0.01748 -0.1817 0.1605 0.2183
71  1.547  0.001 0.02225 0.02171 0.01843 0.1445 0.06801 -0.145
133  1.548  0.001 0.01993 0.0224 0.01843 0.07946 0.0664 -0.09651
244  1.549  0.001 0.01734 0.02173 0.01843 0.09876 0.1913 -0.2077
251  1.551  0.001 0.0234 0.01878 0.01753 -0.1167 -0.3994 0.4837
155  1.555  0.001 0.01619 0.02328 0.0176 0.06715 0.03079 -0.02841
253  1.559  0.001 0.01848 0.01851 0.01843 -0.1232 0.01156 -0.2464
266  1.559  0.001 0.01902 0.02273 0.01843    0    0 -0.03
323  1.559  0.001 0.0162 0.01808 0.01843    0    0 -0.03
156  1.56  0.001 0.01673 0.02046 0.01843 -0.08319 0.01232 -0.1932
182  1.561  0.001 0.01954 0.02014 0.01843 -0.07074 0.04612 -0.01138
73  1.562  0.001 0.0206 0.02114 0.01843 0.05457 0.08725 -0.09453
251  1.562  0.001 0.02153 0.01597 0.01843 -0.06843 -0.1966 -0.08077
141  1.562  0.001 0.02011 0.02232 0.01843 0.006558 -0.08883 -0.08794
24  1.564  0.001 0.02069 0.01756 0.01843 0.0157 0.005839 -0.2026
190  1.565  0.001 0.01954 0.01502 0.01843 -0.06758 -0.06734 -0.05277
92  1.565  0.001 0.01721 0.02073 0.01843 -0.08877 0.06607 -0.135
210  1.566  0.001 0.02184 0.02037 0.01843 -0.009127 -0.01624 -0.1879
203  1.566  0.001 0.01838 0.01838 0.01843 -0.2432 -0.01754 -0.111
207  1.567  0.001 0.01981 0.01913 0.01843 -0.1237 0.05556 -0.08881
72  1.567  0.001 0.01685 0.02203 0.01843 -0.1382 0.08441 -0.09101
99  1.569  0.001 0.02247 0.01843 0.01843 0.06466 0.1069 -0.1982
89  1.569  0.001 0.02143 0.02241 0.01843 -0.06438 -0.0384 -0.07995
246  1.569  0.001 0.02075 0.01713 0.01843 0.03799 0.05967 -0.1496
109  1.571  0.001 0.01785 0.01446 0.01843 0.1125 -0.09669 -0.1086
34  1.572  0.001 0.02057 0.01985 0.01843 -0.01898 0.004448 -0.1951
33  1.572  0.001 0.01857 0.02103 0.01843 -0.04169 0.07202 -0.1479
51  1.573  0.001 0.02279 0.02034 0.01843 0.07846 0.1411 -0.1919
148  1.574  0.001 0.02234 0.02185 0.01843 -0.0302 -0.0488 -0.0903
295  1.576  0.001 0.0202 0.02347 0.01843    0    0 -0.03
175  1.576  0.001 0.02033 0.01855 0.01843 0.0213 0.01791 -0.1448
204  1.576  0.001 0.02299 0.0167 0.01843 0.02035 -0.1287 -0.224
203  1.577  0.001 0.01669 0.01803 0.01843 -0.1548 -0.03499 -0.03728
307  1.577  0.001 0.01521 0.02056 0.01843    0    0 -0.03
19  1.577  0.001 0.02117 0.02359 0.01843 -0.007575 -0.04466 -0.04803
341  1.579  0.001 0.01547 0.01632 0.01843    0    0 -0.03
125  1.58  0.001 0.02164 0.02019 0.01843 -0.0164 -0.03786 -0.1851
202  1.581  0.001 0.01917 0.02131 0.01843 -0.04462 0.07575 -0.1237
129  1.581  0.001 0.02386 0.02074 0.01769 -0.0269 -0.02244 -0.1509
236  1.581  0.001 0.02402 0.01789 0.01837 -0.1095 0.07172 -0.1145
339  1.583  0.001 0.01919 0.01737 0.01843    0    0 -0.03
231  1.584  0.001 0.01705 0.02141 0.01843 0.06716 0.009029 -0.1076
219  1.584  0.001 0.02079 0.01998 0.01843 -0.0154 0.00735 -0.2447
278  1.587  0.001 0.01608 0.01794 0.01843 0.0704 0.04936 -0.1057
45  1.588  0.001 0.02141 0.01453 0.01794 -0.1014 0.04945 -0.07904
254  1.59  0.001 0.019 0.02415 0.01839 0.001639 -0.07522 -0.05576
259  1.59  0.001 0.01609 0.02165 0.01843    0    0 -0.03
263  1.591  0.001 0.01808 0.01685 0.01843    0    0 -0.03
335  1.592  0.001 0.01769 0.01913 0.01843    0    0 -0.03
104  1.593  0.001 0.0169 0.02024 0.01843 0.0496 -0.1514 -0.2291
273  1.593  0.001 0.01511 0.01726 0.01843    0    0 -0.03
126  1.593  0.001 0.02394 0.01759 0.01796 -0.0773 -0.05013 0.07653
43  1.595  0.001 0.01793 0.02084 0.01843 -0.03591 -0.1195 -0.08351
237  1.596  0.001 0.02355 0.01842 0.01843 0.01417 -0.04205 -0.1965
140  1.597  0.001 0.02411 0.01973 0.01788 -0.0199 -0.06938 -0.07954
147  1.599  0.001 0.02137 0.0162 0.01843 0.04349 -0.005407 -0.2208
99   1.6  0.001 0.02193 0.02012 0.01843 -0.09853 0.1047 -0.09356
264  1.601  0.001 0.02006 0.01532 0.01843    0    0 -0.03
181  1.604  0.001 0.02092 0.01961 0.01843 -0.0362 -0.01676 -0.2343
194  1.606  0.001 0.01452 0.02078 0.01843 0.163 -0.02559 -0.1813
178  1.607  0.001 0.02252 0.02279 0.01799 0.02896 -0.04704 -0.08692
313  1.612  0.001 0.02215 0.02159 0.01843    0    0 -0.03
328  1.616  0.001 0.02022 0.02096 0.01843    0    0 -0.03
119  1.617  0.001 0.02105 0.01435 0.01795 0.001546 0.08644 -0.3418
262  1.619  0.001 0.02335 0.02179 0.0179 -0.135 -0.04572 -0.09152
166  1.62  0.001 0.02363 0.02011 0.01843 -0.08153 -0.03557 -0.06747
320  1.621  0.001 0.01542 0.01859 0.01843    0    0 -0.03
247  1.622  0.001 0.02017 0.01407 0.01754 -0.09844 0.1476 -0.06454
192  1.625  0.001 0.02168 0.01468 0.01775 -0.007008 0.1448 -0.1199
184  1.628  0.001 0.01544 0.02266 0.01783 -0.02111 -0.07186 0.06876
143  1.633  0.001 0.01678 0.01478 0.01843 0.07051 0.05969 -0.1645
314  1.635  0.001 0.02175 0.01542 0.01843    0    0 -0.03
292  1.64  0.001 0.01773 0.0177 0.01843    0    0 -0.03
269  1.642  0.001 0.01733 0.02254 0.01843    0    0 -0.03
267  1.645  0.001 0.01647 0.0162 0.01843    0    0 -0.03
336  1.646  0.001 0.01656 0.0179 0.01843    0    0 -0.03
322  1.65  0.001 0.01521 0.02155 0.01843    0    0 -0.03
196  1.65  0.001 0.01549 0.0154 0.01742 0.07513 0.1177 -0.365
317  1.653  0.001 0.02253 0.02004 0.01843    0    0 -0.03
300  1.653  0.001 0.02195 0.01639 0.01843    0    0 -0.03
110  1.656  0.001 0.02128 0.01446 0.01818 -0.08645 0.06614 -0.517
330  1.656  0.001 0.02009 0.02312 0.01843    0    0 -0.03
327  1.657  0.001 0.02104 0.02086 0.01843    0    0 -0.03
261  1.658  0.001 0.01919 0.0236 0.01843    0    0 -0.03
321  1.66  0.001 0.01801 0.01601 0.01843    0    0 -0.03
270  1.667  0.001 0.02155 0.01829 0.01843    0    0 -0.03
328  1.671  0.001 0.02101 0.02026 0.01843 0.0885 -0.05866 -0.04721
325  1.673  0.001 0.01584 0.02069 0.01843    0    0 -0.03
297  1.68  0.001 0.02018 0.01805 0.01843    0    0 -0.03
216  1.683  0.001 0.01657 0.01459 0.01733 0.01165 0.0894 -0.392
133  1.69  0.001 0.02271 0.01969 0.01843 0.07159 -0.07543 -0.04044
327  1.692  0.001 0.0241 0.01831 0.01826 -0.1392 0.0231 -0.008984
307  1.693  0.001 0.01499 0.01858 0.01843 -0.01795 -0.05781 -0.1714
277  1.693  0.001 0.01954 0.02066 0.01843    0    0 -0.03
172  1.697  0.001 0.02357 0.01667 0.0175 -0.1483 0.08301 -0.3946
171  1.698  0.001 0.02177 0.02319 0.01843 -0.01612 -0.05224 -0.1337
331  1.701  0.001 0.0203 0.01995 0.01843    0    0 -0.03
277  1.701  0.001 0.01939 0.02057 0.01843 0.008603 -0.007891 -0.04178
340  1.703  0.001 0.02034 0.01654 0.01843    0    0 -0.03
239  1.704  0.001 0.01764 0.02217 0.01843 0.03171 -0.1263 -0.1631
295  1.704  0.001 0.02163 0.02209 0.01843 -0.02493 -0.08074 -0.1559
274  1.706  0.001 0.01594 0.01794 0.01843    0    0 -0.03
306  1.71  0.001 0.01842 0.02028 0.01843    0    0 -0.03
333  1.711  0.001 0.01659 0.01929 0.01843    0    0 -0.03
127  1.715  0.001 0.01988 0.02359 0.01843 -0.04145 0.08104 -0.05961
202  1.718  0.001 0.01923 0.02158 0.01843 0.07613 0.05438 -0.05273
130  1.719  0.001 0.02235 0.01589 0.01843 -0.09824 0.1356 -0.1402
316  1.722  0.001 0.02267 0.017 0.01843    0    0 -0.03
261  1.727  0.001 0.01973 0.01911 0.01843 -0.02432 -0.2083 -0.2559
285  1.735  0.001 0.01722 0.01803 0.01843    0    0 -0.03
302  1.739  0.001 0.01456 0.01956 0.01843    0    0 -0.03
306  1.747  0.001 0.0186 0.02032 0.01843 0.003486 -0.00332 -0.01102
326  1.748  0.001 0.02079 0.02242 0.01843    0    0 -0.03
280  1.752  0.001 0.01771 0.01514 0.01843    0    0 -0.03
268  1.753  0.001 0.02207 0.02059 0.01843    0    0 -0.03
291  1.755  0.001 0.01622 0.01644 0.01843    0    0 -0.03
306  1.758  0.001 0.01849 0.02017 0.01843 -0.002233 -0.0112 -0.0006867
332  1.765  0.001 0.01503 0.02091 0.01843    0    0 -0.03
312  1.766  0.001 0.01678 0.01844 0.01843    0    0 -0.03
286  1.766  0.001 0.0195 0.01699 0.01843    0    0 -0.03
338  1.77  0.001 0.01755 0.02314 0.01843    0    0 -0.03
282  1.772  0.001 0.02277 0.02146 0.01843    0    0 -0.03
303  1.773  0.001 0.01643 0.02264 0.01843    0    0 -0.03
306  1.774  0.001 0.01857 0.02009 0.01843 0.005529 -0.00643 -0.01155
338  1.786  0.001 0.01774 0.02366 0.01843 0.01831 0.04469 -0.03635
257  1.786  0.001 0.02055 0.0176 0.01843    0    0 -0.03
252  1.788  0.001 0.01935 0.02372 0.01843 -0.02425 0.03206 -0.05829
306  1.791  0.001 0.0189 0.01934 0.01843 0.02495 -0.04749 -0.03243
299  1.799  0.001 0.01606 0.01978 0.01843    0    0 -0.03
301  1.801  0.001 0.01518 0.02089 0.01843    0    0 -0.03
166  1.802  0.001 0.01899 0.0153 0.01843 -0.1225 -0.1685 -0.1386
239  1.806  0.001 0.01758 0.02148 0.01843 -0.1248 -0.02846 -0.02458
272  1.807  0.001 0.0213 0.02224 0.01843    0    0 -0.03
328  1.808  0.001 0.02187 0.01923 0.01843 0.05233 0.02695 -0.1402
294  1.81  0.001 0.01741 0.01707 0.01843    0    0 -0.03
96  1.811  0.001 0.02006 0.02298 0.01843 -0.02237 0.04093 -0.1751
277  1.811  0.001 0.01832 0.01958 0.01843 -0.02514 0.02125 -0.07072
295  1.814  0.001 0.02081 0.01793 0.01843 0.04432 -0.1255 -0.03889
313  1.816  0.001 0.0236 0.01856 0.01843 0.07612 -0.09672 -0.06212
202  1.817  0.001 0.01953 0.02002 0.01843 -0.04323 -0.03363 -0.02042
268  1.818  0.001 0.02092 0.02003 0.01843 0.0269 0.05031 -0.2167
129  1.822  0.001 0.02344 0.02049 0.01843 -0.1107 -0.06179 -0.139
231  1.824  0.001 0.01625 0.01867 0.01843 -0.04936 -0.0501 -0.08436
305  1.826  0.001 0.01833 0.01865 0.01843    0    0 -0.03
317  1.831  0.001 0.02154 0.01951 0.01843 -0.164 -0.006115 -0.1785
310  1.834  0.001 0.01955 0.01906 0.01843    0    0 -0.03
238  1.834  0.001 0.01999 0.02083 0.01843 -0.1443 -0.0701 -0.2532
146  1.836  0.001 0.02406 0.02001 0.01839 -0.02451 -0.07102 0.01506
275  1.837  0.001 0.01497 0.01833 0.01843    0    0 -0.03
252  1.838  0.001 0.01505 0.02196 0.01843 0.05644 -0.09313 -0.1012
19  1.841  0.001 0.02193 0.02326 0.01738 -0.03204 -0.1013 -0.1193
317  1.842  0.001 0.02127 0.01967 0.01843 -0.009129 0.0172 -0.02888
40  1.844  0.001 0.02306 0.02108 0.01843 -0.09973 -0.09431 -0.1029
279  1.845  0.001 0.02149 0.01852 0.01843    0    0 -0.03
283  1.846  0.001 0.01602 0.01569 0.01843    0    0 -0.03
219  1.848  0.001 0.01544 0.02266 0.01757 0.01274 -0.07355 -0.03841
287  1.851  0.001 0.01844 0.0214 0.01843    0    0 -0.03
265  1.853  0.001 0.02068 0.017 0.01843    0    0 -0.03
330  1.856  0.001 0.02261 0.02271 0.01765 -0.06525 0.007184 -0.05222
224  1.858  0.001 0.0223 0.02128 0.01843 0.02258 0.1378 -0.1337
284  1.861  0.001 0.01489 0.01935 0.01843    0    0 -0.03
309  1.862  0.001 0.01609 0.0166 0.01843    0    0 -0.03
276  1.865  0.001 0.02019 0.02271 0.01843    0    0 -0.03
315  1.865  0.001 0.01735 0.02 0.01843    0    0 -0.03
315  1.875  0.001 0.01747 0.0198 0.01843 3.477e-05 -0.008469 -0.06452
171  1.879  0.001 0.02049 0.02381 0.01843 -0.03103 -0.1016 -0.3264
289  1.881  0.001 0.02102 0.01621 0.01843    0    0 -0.03
256  1.889  0.001 0.01967 0.0186 0.01843    0    0 -0.03
79  1.89  0.001 0.01885 0.02415 0.01756 -0.03915 -0.03054 0.09634
320  1.894  0.001 0.01436 0.01867 0.01746 0.01968 -0.001363 0.03987
275  1.897  0.001 0.01603 0.01595 0.01843 0.08388 0.02007 -0.1072
325  1.899  0.001 0.01662 0.02301 0.01843 0.1137 0.1805 -0.2188
262  1.899  0.001 0.01631 0.02171 0.01843 0.006248 0.06719 -0.2368
329  1.904  0.001 0.02286 0.02071 0.01843    0    0 -0.03
308  1.904  0.001 0.01779 0.02055 0.01843    0    0 -0.03
311  1.906  0.001 0.02304 0.01702 0.01843    0    0 -0.03
287  1.909  0.001 0.01861 0.02173 0.01843 -0.04378 0.01718 -0.04207
272  1.91  0.001 0.02074 0.0226 0.01843 -0.02052 -0.03367 -0.04815
319  1.917  0.001 0.01535 0.01913 0.01843    0    0 -0.03
321  1.926  0.001 0.017 0.01616 0.01843 -0.05012 -0.003798 -0.2859
318  1.926  0.001 0.0204 0.01858 0.01843    0    0 -0.03
281  1.928  0.001 0.01855 0.01842 0.01843    0    0 -0.03
337  1.929  0.001 0.02091 0.0215 0.01843    0    0 -0.03
288  1.934  0.001 0.01887 0.01494 0.01843    0    0 -0.03
282  1.94  0.001 0.01434 0.01891 0.01843 0.2629 -0.07267 -0.1757
243  1.941  0.001 0.01881 0.02283 0.01843 0.05095 0.01627 -0.04097
305  1.944  0.001 0.019 0.02041 0.01843 -0.01223 0.04324 -0.0606
238  1.96  0.001 0.01998 0.01403 0.01842 -0.1058 0.09451 -0.1831
326  1.96  0.001 0.02282 0.01802 0.01843 0.05343 0.2356 -0.2449
284  1.969  0.001 0.02071 0.01788 0.01843 0.236 -0.005352 -0.3278
326  1.969  0.001 0.02072 0.01984 0.01843 -0.2355 0.2012 -0.03952
53  1.97  0.001 0.02416 0.01909 0.01833 -0.03648 -0.1664 0.09407
92  1.973  0.001 0.01565 0.02038 0.01843 0.1335 0.03606 -0.2372
326  1.983  0.001 0.01975 0.02124 0.01843 -0.03276 0.08013 -0.04942
40  1.984  0.001 0.02025 0.02401 0.01843 -0.0549 -0.1182 -0.2733
324  1.984  0.001 0.01686 0.01645 0.01843    0    0 -0.03
305  1.985  0.001 0.01815 0.02111 0.01843 -0.0697 0.04395 -0.04312
256  1.988  0.001 0.01944 0.0181 0.01843 0.08392 0.1656 -0.2855
81  1.989  0.001 0.02276 0.01567 0.01843 0.02223 -0.01606 -0.1348
253  1.997  0.001 0.01889 0.01628 0.01843 0.0472 0.1317 -0.2066
290  1.998  0.001 0.01561 0.01644 0.01843    0    0 -0.03
53  1.999  0.001 0.02311 0.01596 0.0182 -0.09531 0.04041 -0.0446
334  2.001  0.001 0.02163 0.02207 0.01843    0    0 -0.0416
304  2.004  0.001 0.02076 0.01938 0.01843    0    0 -0.06527
296  2.006  0.001 0.02026 0.01585 0.01843    0    0 -0.09004
271  2.007  0.001 0.01747 0.0179 0.01843    0    0 -0.09562
298  2.008  0.001 0.02012 0.02265 0.01843 0.02187 -0.04032 -0.04113
326  2.008  0.001 0.02078 0.02188 0.01843 0.04154 -0.06428 -0.01377
329  2.009  0.001 0.02099 0.0235 0.01843 0.08918 0.02602 -0.2877
224  2.014  0.001 0.0182 0.01428 0.01843 -0.09529 0.08454 -0.2039
329  2.024  0.001 0.02121 0.02334 0.01843 0.003091 -0.01776 -0.03534
326  2.028  0.001 0.02027 0.02083 0.01843 -0.02498 -0.05142 -0.09938
296  2.032  0.001 0.02201 0.0156 0.01843 0.07447 -0.01128 -0.1018
183  2.033  0.001 0.02152 0.01719 0.01843 0.07921 0.03459 -0.03617
236  2.036  0.001 0.01704 0.02108 0.01843 -0.1201 0.1111 -0.2038
326  2.039  0.001 0.02068 0.02076 0.01843 0.03849 -0.004919 -0.04933
52  2.054  0.001 0.01876 0.01552 0.01843 -0.06943 0.1066 -0.3901
146  2.068  0.001 0.01567 0.01523 0.01812 -0.009034 0.1603 -0.02443
31  2.072  0.001 0.02338 0.02175 0.0182 -0.09967 -0.02861 -0.0169
285  2.076  0.001 0.02264 0.01597 0.01843 -0.07261 0.05414 -0.3016
305  2.088  0.001 0.01917 0.01991 0.01843 0.0751 -0.04974 -0.05152
329  2.093  0.001 0.02193 0.02327 0.01807 -0.0297 -0.02787 -0.01398
185  2.106  0.001 0.01649 0.01929 0.01843 -0.01417 -0.07643 -0.1255
245  2.12  0.001 0.01844 0.0218 0.01843 0.02912 -0.02141 -0.2043
262  2.127  0.001 0.0221 0.01749 0.01843 0.02878 -0.1045 -0.03601
288  2.132  0.001 0.0163 0.01833 0.01843 0.147 0.1537 -0.3675
72  2.142  0.001 0.01587 0.02304 0.01836 0.03246 -0.04258 -0.01798
326  2.15  0.001 0.02149 0.01988 0.01843 0.04905 -0.09991 -0.04864
329  2.151  0.001 0.0226 0.02209 0.01843 0.06316 -0.07477 -0.05397
181  2.153  0.001 0.01922 0.01739 0.01843 0.0269 -0.08081 -0.04393
245  2.156  0.001 0.01856 0.02183 0.01843 0.005267 -0.01265 -0.08189
100  2.156  0.001 0.02016 0.02116 0.01843 0.04397 -0.02441 -0.05897
276  2.157  0.001 0.02119 0.02293 0.01843 0.04141 -0.008966 -0.0737
144  2.161  0.001 0.02008 0.02294 0.01843 0.01127 0.005544 -0.09328
277  2.162  0.001 0.01869 0.021 0.01843 0.0386 -0.3197 -0.2822
79  2.162  0.001 0.01798 0.02383 0.01843 -0.05497 0.08219 -0.3001
252  2.162  0.001 0.02121 0.01966 0.01843 0.01878 -0.01521 -0.05746
308  2.165  0.001 0.01793 0.01993 0.01843 -0.05303 -0.05814 -0.06194
287  2.17  0.001 0.02102 0.02099 0.01843 0.04025 -0.03506 -0.167
325  2.173  0.001 0.01764 0.01677 0.01843 0.1746 0.1086 -0.2291
254  2.178  0.001 0.01433 0.021 0.018 0.1172 -0.0629 0.2011
89  2.184  0.001 0.01958 0.01652 0.01843 -0.04823 0.1624 -0.164
200  2.199  0.001 0.02159 0.02058 0.01843 -0.07037 -0.0006031 -0.06149
71   2.2  0.001 0.02367 0.01955 0.01843 -0.05908 -0.03891 -0.07297
210  2.201  0.001 0.02121 0.01771 0.01843 -0.06063 -0.03061 -0.0816
125  2.202  0.001 0.0224 0.01981 0.01843 -0.05648 0.01212 -0.04621
57  2.21  0.001 0.02347 0.0216 0.0184 -0.05472 -0.09701 -0.09898
129  2.21  0.001 0.02279 0.02073 0.01843 -0.0165 0.05 -0.1079
141  2.212  0.001 0.02348 0.01653 0.01809 0.01774 0.05622 0.03588
269  2.212  0.001 0.02392 0.02059 0.01824 -0.03455 -0.05277 -0.1571
171  2.213  0.001 0.02406 0.01808 0.01777 -0.04036 0.009825 -0.02727
31  2.216  0.001 0.02181 0.02223 0.01843 -0.02869 -0.01071 -0.05934
254  2.216  0.001 0.01887 0.01857 0.01843 0.1172 -0.0629 -0.1785
76  2.216  0.001 0.02049 0.01665 0.01843 -0.1318 -0.07342 -0.1006
252  2.217  0.001 0.01745 0.01957 0.01843 -0.0513 -0.02505 -0.02532
288  2.232  0.001 0.01415 0.02049 0.01795 0.1302 -0.01799 -0.04147
284  2.234  0.001 0.02246 0.01528 0.01843 -0.01971 -0.05665 -0.256
315  2.247  0.001 0.01757 0.01673 0.01843 -0.01346 0.1442 -0.228
129  2.25  0.001 0.02247 0.0201 0.01843 -0.02894 -0.06875 -0.01579
19  2.254  0.001 0.0205 0.02279 0.01843 0.01409 0.0273 -0.02331
57  2.29  0.001 0.02194 0.0187 0.01843 -0.05144 -0.07014 -0.1874
299  2.291  0.001 0.01693 0.01643 0.01843 0.1678 0.06016 -0.391
287  2.293  0.001 0.02104 0.01994 0.01843 0.03254 -0.07038 -0.01262
315  2.294  0.001 0.0189 0.02031 0.01843 -0.009262 0.01966 -0.009185
31  2.298  0.001 0.02218 0.02165 0.01843 0.02038 -0.002129 -0.0367
129  2.304  0.001 0.02259 0.01978 0.01843 0.01132 -0.007498 -0.01718
100  2.305  0.001 0.02119 0.02086 0.01843 -0.02307 -0.009807 -0.04134
236  2.308  0.001 0.0221 0.01606 0.01843 -0.1459 0.2751 -0.3852
287  2.309  0.001 0.02151 0.01971 0.01843 0.004469 0.009245 -0.004355
304  2.331  0.001 0.02122 0.01772 0.01843 -0.01668 -0.02753 -0.05331
57  2.332  0.001 0.02244 0.0183 0.01843 0.0597 -0.05304 -0.04482
100  2.343  0.001 0.02036 0.01993 0.01843 0.001735 -0.03184 -0.06388
144  2.346  0.001 0.01711 0.02128 0.01843 -0.1285 -0.03483 -0.1133
298  2.35  0.001 0.02098 0.0213 0.01843 -0.05545 0.01386 -0.04932
287  2.359  0.001 0.02262 0.01837 0.01843 0.02635 -0.03966 -0.02833
329  2.359  0.001 0.01837 0.02282 0.01843 -0.08207 -0.01243 -0.1809
304  2.372  0.001 0.02108 0.01622 0.01843 -0.006754 -0.09013 -0.05853
79  2.372  0.001 0.01699 0.02372 0.01826 -0.008949 -0.01894 -0.01731
200  2.373  0.001 0.02097 0.02025 0.01843 -0.05697 -0.05277 -0.04439
129  2.376  0.001 0.02186 0.01876 0.01843 -0.04211 -0.02048 -0.0213
291  2.377  0.001 0.01406 0.02013 0.01722 0.1776 0.01496 -0.5858
19  2.383  0.001 0.01772 0.02155 0.01843 -0.01951 0.1102 -0.07603
31  2.388  0.001 0.01995 0.02123 0.01843 -0.06925 -0.03463 -0.1259
73  2.397  0.001 0.02276 0.01974 0.01843 -0.04831 -0.0201 -0.07177
209   2.4  0.001 0.01841 0.01938 0.01843 -0.1121 -0.01788 -0.09329
215  2.409  0.001 0.02223 0.02288 0.01769 0.1378 -0.01839 0.7425
272  2.419  0.001 0.01858 0.0227 0.01843 -0.0945 -0.02055 -0.09031
100  2.428  0.001 0.01972 0.01824 0.01843 -0.06079 -0.05938 -0.04929
125  2.428  0.001 0.0235 0.01754 0.01843 -0.003962 -0.1116 -0.06112
60  2.43  0.001 0.02364 0.01682 0.01767 -2.073 -1.063 1.14
31  2.432  0.001 0.01638 0.02212 0.01843 -0.1653 0.02919 -0.09475
179  2.434  0.001 0.02396 0.01766 0.01779 -0.1479 0.02335 0.2129
31  2.441  0.001 0.0157 0.02209 0.01843 -0.07796 -0.00503 -0.03968
73  2.444  0.001 0.0227 0.01897 0.01843 0.002347 -0.02491 -0.1544
171  2.446  0.001 0.0223 0.01626 0.01843 -0.02083 0.0402 -0.04013
57  2.447  0.001 0.01965 0.01736 0.01843 -0.1143 0.06612 -0.08936
224  2.451  0.001 0.01458 0.02022 0.01843 0.09699 0.002486 -0.1999
326  2.453  0.001 0.01776 0.01757 0.01843 -0.1586 0.02996 -0.09693
200  2.459  0.001 0.01775 0.01995 0.01843 -0.05749 0.0009384 -0.02182
340  2.46  0.001 0.01482 0.01842 0.01843 -0.02234 0.1423 -0.0694
287  2.461  0.001 0.02036 0.01553 0.01843 -0.05857 -0.0205 -0.1145
202  2.462  0.001 0.02004 0.01895 0.01843 0.1554 0.1433 -0.2202
210  2.466  0.001 0.01592 0.01541 0.01843 0.02099 0.08888 -0.09295
236  2.473  0.001 0.01679 0.01456 0.01843 -0.04758 0.06973 -0.02479
40  2.474  0.001 0.02392 0.0206 0.01789 -0.4226 0.04765 0.4291
179  2.474  0.001 0.01803 0.01859 0.01843 -0.08428 -0.01977 -0.09607
179  2.479  0.001 0.01776 0.01834 0.01843 -0.05305 -0.05256 -0.02254
141  2.505  0.001 0.01409 0.01786 0.01792 0.03385 0.1199 -0.2574
337  2.51  0.001 0.01763 0.02174 0.01843 0.02118 0.02128 -0.02757
129  2.511  0.001 0.01931 0.02414 0.01809 0.05104 -0.01278 -0.03078
298  2.515  0.001 0.01625 0.01983 0.01843 -0.0008688 -0.03261 -0.07764
161  2.517  0.001 0.01933 0.021 0.01843 -0.02089 -0.04964 -0.1205
96  2.517  0.001 0.02399 0.01844 0.01748 0.00622 -0.01826 0.2873
23  2.523  0.001 0.01883 0.02186 0.01843 0.036 0.02257 -0.08891
268  2.524  0.001 0.01676 0.01818 0.01843 -0.1016 -0.04831 -0.07313
261  2.527  0.001 0.01795 0.01407 0.01813 -0.008607 0.05528 -0.1035
296  2.527  0.001 0.02013 0.01479 0.01843 -0.06651 -0.04241 -0.06664
73  2.529  0.001 0.02001 0.01867 0.01843 0.04627 -0.1492 -0.2282
287  2.53  0.001 0.01611 0.01608 0.01843 -0.1167 0.01532 -0.1117
23  2.537  0.001 0.01798 0.02233 0.01843 -0.07395 0.03561 -0.04732
161  2.543  0.001 0.01866 0.02011 0.01843 -0.007786 -0.0007562 -0.009908
329  2.544  0.001 0.02139 0.02031 0.01843 0.181 -0.2715 -0.3607
186  2.545  0.001 0.02043 0.02002 0.01843 0.04439 -0.04298 -0.3202
38  2.547  0.001 0.02015 0.0187 0.01843 -0.02657 -0.1357 -0.2082
71  2.55  0.001 0.02172 0.0155 0.01843 -0.062 0.07821 -0.151
183  2.557  0.001 0.01678 0.02116 0.01843 0.1117 0.04071 -0.5873
122  2.558  0.001 0.02125 0.01603 0.01843 -0.05126 -0.2657 -0.4303
72  2.559  0.001 0.01669 0.02255 0.01843 -0.03952 -0.01561 -0.07869
34  2.565  0.001 0.01684 0.0154 0.01745 0.1671 0.2132 0.05144
311  2.567  0.001 0.01798 0.01661 0.01843 0.05023 0.1425 -0.2024
40  2.567  0.001 0.02184 0.0157 0.01843 0.1885 -0.1051 -0.434
301  2.571  0.001 0.0179 0.02396 0.01843 0.0428 0.02389 -0.03259
256  2.572  0.001 0.01888 0.02327 0.01843 0.02479 -0.06952 -0.1451
178  2.574  0.001 0.01795 0.01821 0.01843 0.2188 -0.04886 -0.1851
35  2.576  0.001 0.01956 0.01898 0.01843 -0.1508 -0.1592 -0.1963
262  2.577  0.001 0.02133 0.01924 0.01843 0.09772 -0.1797 -0.5072
60  2.589  0.001 0.02226 0.01609 0.01843 0.1666 -0.3791 -0.1433
159  2.603  0.001 0.02003 0.0238 0.01747 0.03393 0.0008429 0.1352
129  2.61  0.001 0.01436 0.01984 0.01843 0.08256 -0.08647 -0.345
60  2.622  0.001 0.01853 0.02182 0.01843 -0.1045 0.2009 -0.08434
128  2.623  0.001 0.01911 0.01395 0.01783 -0.03845 0.1395 0.02844
92  2.627  0.001 0.0182 0.01859 0.01843 0.1671 0.1731 -0.08535
79  2.631  0.001 0.016 0.02305 0.01843 0.0631 -0.06028 -0.06446
78  2.636  0.001 0.02125 0.01848 0.01843 0.009379 -0.01873 -0.05451
115  2.638  0.001 0.01787 0.02038 0.01843 0.09506 -0.1631 -0.3722
168  2.639  0.001 0.02028 0.01997 0.01843 -0.01448 0.02315 -0.07214
256  2.642  0.001 0.01919 0.02065 0.01843 -0.0009502 -0.04679 -0.169
303  2.643  0.001 0.02167 0.02332 0.01746 0.07368 -0.06314 0.112
297  2.646  0.001 0.01661 0.01717 0.01843 -0.009843 0.03394 -0.1165
210  2.646  0.001 0.01395 0.01889 0.01796 0.2093 0.03378 -0.1577
341  2.649  0.001 0.0201 0.01986 0.01843 -0.004304 -0.04198 -0.06806
105  2.649  0.001 0.01953 0.02245 0.01843 -0.01457 -0.16 -0.3
327  2.651  0.001 0.01538 0.02259 0.0184 0.1421 -0.3158 0.1127
323  2.652  0.001 0.02371 0.02112 0.01774 -0.02831 -0.1168 -0.08207
115  2.653  0.001 0.01646 0.02059 0.01843 -0.09658 0.01797 -0.06443
146  2.653  0.001 0.01441 0.01694 0.01834 0.08776 0.01065 -0.07737
206  2.665  0.001 0.0238 0.02092 0.01822 -0.2019 -0.1408 -0.1596
159  2.666  0.001 0.01799 0.02073 0.01843 -0.1132 -0.04365 -0.1424
251  2.673  0.001 0.01493 0.01763 0.01843 0.01875 -0.1448 -0.1675
59  2.677  0.001 0.02353 0.02065 0.01843 0.04796 0.0238 -0.298
115  2.678  0.001 0.01711 0.02004 0.01843 0.03373 0.02163 -0.0298
221  2.681  0.001 0.0184 0.01575 0.01843 -0.108 0.05084 -0.1374
34  2.685  0.001 0.02225 0.01631 0.01843 -0.07735 0.07017 -0.3029
206  2.689  0.001 0.02094 0.01763 0.01843 -0.07611 0.00639 -0.1042
327  2.69  0.001 0.01644 0.0176 0.01843 0.01568 -0.1109 -0.179
107  2.693  0.001 0.01834 0.02031 0.01843 0.028 0.06143 -0.1072
79  2.695  0.001 0.017 0.02289 0.01843 -0.009579 -0.008448 -0.07335
38  2.696  0.001 0.02094 0.01544 0.01843 -0.0214 -0.1163 -0.08901
249  2.696  0.001 0.02031 0.01925 0.01843 0.03269 0.1422 -0.1251
35  2.702  0.001 0.01737 0.02147 0.01843 -0.01315 0.07392 -0.1295
59  2.705  0.001 0.02109 0.01918 0.01843 -0.02354 -0.03128 -0.06621
231  2.709  0.001 0.01396 0.01863 0.01775 0.03316 0.04297 0.02704
328  2.711  0.001 0.02089 0.01429 0.01755 -0.02083 0.1049 -0.02382
113  2.712  0.001 0.02212 0.0173 0.01843 -0.1261 0.03537 -0.2353
331  2.736  0.001 0.01549 0.0154 0.01761 0.1066 0.1524 -0.05366
192  2.744  0.001 0.01786 0.01537 0.01843 -0.004509 0.1706 -0.1082
272  2.745  0.001 0.01987 0.01402 0.01785 -0.05697 0.09948 -0.09131
225  2.755  0.001 0.02141 0.01826 0.01843 0.0005166 -0.07386 -0.03008
249  2.755  0.001 0.02007 0.01828 0.01843 -0.0009879 -0.08174 -0.05469
115  2.755  0.001 0.01737 0.02028 0.01843 0.03002 0.004613 -0.02497
303  2.757  0.001 0.02342 0.02085 0.01843 0.04266 -0.01828 -0.03382
301  2.76  0.001 0.01826 0.02326 0.01843 -0.01756 -0.0189 -0.02708
329  2.762  0.001 0.02303 0.01844 0.01843 0.0314 -0.04167 -0.06385
180  2.767  0.001 0.02132 0.02028 0.01843 0.03369 0.02684 -0.05893
228  2.77  0.001 0.01922 0.02357 0.01843 -0.007521 0.01368 -0.06335
186  2.77  0.001 0.02255 0.02065 0.01843 0.02864 -0.01182 -0.1265
212  2.774  0.001 0.01418 0.01767 0.01843 0.1928 -0.148 -0.547
324  2.774  0.001 0.01434 0.01923 0.01843 -0.02267 -0.0884 -0.07363
159  2.775  0.001 0.01833 0.02216 0.01843 0.006939 0.03729 -0.02288
78  2.779  0.001 0.02219 0.01779 0.01843 0.0325 -0.06728 -0.1926
105  2.781  0.001 0.01931 0.02052 0.01843 -0.0001346 -0.06096 -0.1252
77  2.782  0.001 0.01632 0.01713 0.01843 -0.01441 -0.1405 -0.0989
335  2.785  0.001 0.02399 0.01939 0.01843 -0.08071 0.01329 -0.1948
224  2.788  0.001 0.0182 0.01402 0.01815 0.07349 0.1563 -2.445e-05
40  2.791  0.001 0.02226 0.01508 0.01737 -0.03987 0.16 -0.01548
113  2.824  0.001 0.01982 0.01585 0.01843 -0.03945 0.00558 -0.1347
302  2.847  0.001 0.0149 0.01632 0.01843 0.08757 0.0538 -0.05909
4  2.888  0.001 0.01586 0.01555 0.01843 -0.04629 -0.05399 -0.1768
296   2.9  0.001 0.01844 0.01626 0.01843 0.004272 0.07454 -0.04536
53  2.901  0.001 0.01995 0.01857 0.01843 0.002757 0.02518 -0.01082
186  2.928  0.001 0.02163 0.02306 0.01843 -0.0689 0.06386 -0.07501
303  2.964  0.001 0.0233 0.0183 0.01843 -0.03638 -0.05269 -0.146
337  2.982  0.001 0.02312 0.02212 0.01834 -0.02006 -0.002894 -0.07239
23  2.986  0.001 0.02061 0.0226 0.01843 -0.008572 -0.00792 -0.1705
81  3.037  0.001 0.01697 0.0168 0.01843 0.1069 -0.07428 -0.1429
242  3.088  0.001 0.02232 0.02207 0.01753 -0.09779 -0.06902 0.5092
130  3.094  0.001 0.01771 0.01944 0.01843 -0.1183 -0.1612 -0.07045
78  3.094  0.001 0.02091 0.01699 0.01843 -0.06691 0.03133 -0.02581
152  3.099  0.001 0.02308 0.0175 0.01843 0.05511 -0.1625 -0.01938
35  3.106  0.001 0.01476 0.02034 0.01843 -0.1483 -0.05324 -0.05156
213  3.108  0.001 0.0163 0.02273 0.01843 -0.08362 -0.01324 -0.007771
104  3.11  0.001 0.01696 0.01541 0.01843 -0.02936 -0.1381 -0.1156
63  3.11  0.001 0.01843 0.01567 0.01843 -0.03513 -0.1345 -0.06823
92  3.112  0.001 0.01673 0.01683 0.01843 -0.1072 -0.1223 -0.07115
107  3.114  0.001 0.01757 0.01859 0.01843 -0.06876 -0.1019 -0.05717
180  3.114  0.001 0.01965 0.01604 0.01843 -0.04888 -0.1812 -0.09152
333  3.115  0.001 0.01563 0.01829 0.01843 -0.06651 -0.08987 -0.05693
256  3.115  0.001 0.01845 0.01626 0.01843 -0.06774 -0.1756 -0.0609
131  3.117  0.001 0.02208 0.01623 0.01843 -0.1242 0.00532 -0.04625
26  3.118  0.001 0.0228 0.02216 0.01843 -0.006597 -0.03937 -0.06592
200  3.12  0.001 0.01408 0.01842 0.01843 -0.1283 -0.09168 -0.1393
161  3.121  0.001 0.01506 0.01879 0.01843 -0.1611 -0.1033 -0.1128
79  3.123  0.001 0.01512 0.0201 0.01843 0.06082 -0.06738 -0.09535
105  3.127  0.001 0.01836 0.01414 0.01843 -0.06151 -0.1318 -0.1698
155  3.127  0.001 0.01773 0.0237 0.01843 -0.01353 -0.002002 -0.1344
201  3.128  0.001 0.02123 0.02109 0.01843 0.02391 -0.0603 -0.131
262  3.129  0.001 0.02272 0.0155 0.01774 -0.0261 -0.001504 -0.01476
60  3.129  0.001 0.01469 0.02093 0.01843 0.05311 -0.08999 -0.08573
336  3.13  0.001 0.01592 0.01921 0.01843 -0.01743 -0.1165 -0.1018
84  3.135  0.001 0.02413 0.01862 0.01843 -0.08454 0.002749 -0.03154
80  3.138  0.001 0.02402 0.01788 0.01752 -0.04611 -0.02914 -0.04759
116  3.138  0.001 0.01734 0.0174 0.01843 -0.05496 -0.1141 -0.2036
168  3.139  0.001 0.01681 0.01572 0.01843 -0.03863 -0.06428 -0.06247
325  3.141  0.001 0.01954 0.01757 0.01843 -0.001403 0.1948 -0.2235
52  3.146  0.001 0.02089 0.02332 0.01843 -0.1142 -0.07636 -0.2059
73  3.15  0.001 0.02406 0.01985 0.01843 -0.08051 -0.008075 -0.2928
248  3.155  0.001 0.02409 0.01823 0.01797 -0.1243 -0.2058 0.4033
273  3.157  0.001 0.02281 0.02192 0.01756 -0.1598 0.08304 0.1949
329  3.157  0.001 0.02252 0.01613 0.01764 -0.07849 -0.02583 0.2529
220  3.164  0.001 0.01677 0.02309 0.01843 -0.001701 -0.02777 -0.163
254  3.166  0.001 0.01916 0.01785 0.01843 0.06274 0.1592 -0.2613
8  3.166  0.001 0.01788 0.01747 0.01843 0.09645 0.1517 -0.1785
44  3.168  0.001 0.02353 0.02042 0.01746 -0.1783 0.109 0.0823
23  3.171  0.001 0.01568 0.02179 0.01843 0.04009 -0.1166 -0.2892
186  3.171  0.001 0.01634 0.02338 0.01829 0.05786 -0.1105 -0.01712
151  3.172  0.001 0.01797 0.01688 0.01843 0.07064 0.1349 -0.1735
124  3.173  0.001 0.0186 0.01972 0.01843 0.09542 0.1882 -0.2118
325  3.175  0.001 0.01755 0.02123 0.01843 -0.06478 0.09872 -0.1249
308  3.177  0.001 0.01476 0.01629 0.01748 0.3289 -0.2372 0.9132
15  3.18  0.001 0.01683 0.01826 0.01843 -0.1293 0.08499 -0.2951
235  3.181  0.001 0.02272 0.02142 0.01749 -0.2175 -1.61 2.605
24  3.181  0.001 0.01458 0.01658 0.01768 0.1917 0.06254 -0.1655
245  3.182  0.001 0.02204 0.0223 0.01746 -0.9672 -0.07349 1.897
152  3.183  0.001 0.01899 0.01678 0.01843 -0.01198 -0.006407 -0.1262
130  3.184  0.001 0.01739 0.01746 0.01843 0.1069 0.06536 -0.3383
266  3.186  0.001 0.01441 0.01929 0.01843 0.0952 -0.02194 -0.3385
19  3.187  0.001 0.0169 0.02115 0.01843 0.01606 0.0751 -0.07406
89  3.188  0.001 0.0209 0.01689 0.01843 -0.09221 0.182 -0.3171
159  3.189  0.001 0.01694 0.01552 0.01843 0.08456 0.09088 -0.3348
337  3.195  0.001 0.01853 0.02036 0.01843 0.1784 0.01648 -0.486
89  3.199  0.001 0.02072 0.01672 0.01843 0.0255 -0.03049 -0.05468
130   3.2  0.001 0.01859 0.01808 0.01843 0.02178 -0.02202 -0.1898
239   3.2  0.001 0.01713 0.01681 0.01843 0.1032 0.1145 -0.1137
23  3.201  0.001 0.01549 0.02183 0.01843 0.02908 -0.03358 -0.04752
27  3.204  0.001 0.01685 0.02365 0.01834 0.04082 -0.1742 0.005545
120  3.206  0.001 0.018 0.02405 0.01834 0.07471 -0.2428 -0.3149
234  3.206  0.001 0.01786 0.02001 0.01843 -0.1059 0.208 -0.18
242  3.207  0.001 0.01728 0.01918 0.01843 0.1907 0.1638 -0.233
80  3.207  0.001 0.02018 0.01495 0.01843 -0.06007 0.09349 -0.06627
142  3.209  0.001 0.01891 0.01489 0.01843 -0.06387 -0.02086 -0.06003
207  3.212  0.001 0.01891 0.02289 0.01843 0.0179 -0.1055 -0.1493
150  3.216  0.001 0.01596 0.02311 0.01773 0.01658 -0.02021 -0.04505
7  3.216  0.001 0.01539 0.01549 0.01818 0.01492 0.1221 -0.01031
156  3.218  0.001 0.01523 0.02131 0.01843 0.001803 -0.07351 -0.12
27  3.227  0.001 0.01778 0.0219 0.01843 -0.01244 -0.03735 -0.02307
281  3.228  0.001 0.01788 0.0171 0.01843 0.07763 0.1244 -0.4357
73  3.228  0.001 0.02227 0.01755 0.01843 -0.04855 -0.07241 -0.2016
194  3.23  0.001 0.02089 0.01948 0.01843 -0.1615 -0.1007 -0.2869
319  3.232  0.001 0.01854 0.01882 0.01843 0.06591 0.2042 -0.1961
213  3.234  0.001 0.01682 0.01792 0.01843 0.09009 0.116 -0.4511
116  3.246  0.001 0.01867 0.01585 0.01843 -0.07947 -0.03137 -0.1795
248  3.249  0.001 0.01994 0.0161 0.01843 0.1579 0.08476 -0.2363
160  3.249  0.001 0.0231 0.01595 0.0184 -0.0876 0.1164 -0.1384
262  3.251  0.001 0.01779 0.01411 0.01767 0.04657 0.1252 -0.2593
191  3.252  0.001 0.0211 0.02372 0.01815 -0.06449 -0.275 0.009398
131  3.256  0.001 0.02184 0.01514 0.01843 0.1221 -0.1365 -0.437
273  3.259  0.001 0.01397 0.01857 0.0184 0.07084 -0.09409 -0.3342
329  3.262  0.001 0.01644 0.01984 0.01843 -0.09465 0.1408 -0.1375
194  3.268  0.001 0.02055 0.01849 0.01843 0.1366 -0.01927 -0.1902
42  3.269  0.001 0.01403 0.01994 0.01824 0.1473 0.03565 -0.03919
59  3.275  0.001 0.02011 0.01432 0.01843 0.005108 -0.04324 -0.3061
308  3.276  0.001 0.01836 0.0203 0.01843 0.09185 -0.1541 -0.4045
329  3.284  0.001 0.01551 0.02071 0.01843 -0.04045 -0.01099 -0.04246
44  3.295  0.001 0.01451 0.02137 0.01841 0.04193 -0.01798 -0.004743
194  3.297  0.001 0.02325 0.01937 0.01843 0.08978 0.03902 -0.0876
308  3.302  0.001 0.02052 0.02001 0.01843 0.08369 0.0002264 -0.08274
266  3.302  0.001 0.02115 0.01583 0.01843 0.1171 -0.04289 -0.2713
329  3.325  0.001 0.0157 0.02086 0.01843 0.001618 -0.01121 -0.01041
106  3.349  0.001 0.01916 0.01987 0.01843 0.3248 -0.1621 -0.1095
17  3.35  0.001 0.01562 0.02199 0.01843 0.07428 -0.0223 -0.05408
189  3.36  0.001 0.01419 0.01758 0.01746 -0.01348 0.02679 0.09406
16  3.361  0.001 0.01766 0.01741 0.01843 0.162 0.1528 -0.06886
16  3.374  0.001 0.01933 0.01802 0.01843 0.1303 0.04237 -0.05539
194  3.38  0.001 0.01897 0.01521 0.01843 -0.06919 0.1059 -0.3212
281  3.402  0.001 0.02182 0.01686 0.01843 -0.06659 0.09487 -0.2283
110  3.409  0.001 0.01761 0.02025 0.01843 0.2159 -0.0132 -0.1401
111  3.436  0.001 0.02021 0.01993 0.01843 0.1844 0.0673 -0.1095
163  3.442  0.001 0.01635 0.01519 0.01843 0.1079 0.19 -0.1269
119  3.46  0.001 0.01822 0.0154 0.01843 -0.04434 0.154 -0.438
243  3.53  0.001 0.01434 0.01888 0.01745 0.006391 -0.0334 0.1157
90  3.533  0.001 0.01563 0.01931 0.01843 -0.0727 -0.06071 -0.1059
191  3.551  0.001 0.01736 0.02084 0.01843 0.02444 0.04106 -0.08536
44  3.553  0.001 0.01499 0.02139 0.01843 -0.01221 0.02543 -0.01699
237  3.565  0.001 0.02017 0.02202 0.01843 -0.06715 -0.09097 -0.1559
17  3.569  0.001 0.01643 0.02343 0.01834 0.01293 -0.0763 -0.1157
111  3.578  0.001 0.01771 0.0237 0.01843 -0.009048 -0.1228 -0.2008
64  3.578  0.001 0.0186 0.01849 0.01843 0.1702 0.1229 -0.1732
281  3.579  0.001 0.0174 0.01935 0.01843 0.03018 0.1344 -0.2902
168  3.586  0.001 0.02219 0.01721 0.01843 0.1216 0.04947 -0.3001
17  3.589  0.001 0.01611 0.02262 0.01843 -0.01819 -0.0219 -0.02141
142  3.607  0.001 0.02063 0.02108 0.01843 0.004401 0.005475 -0.08663
119  3.608  0.001 0.01812 0.02406 0.01843 0.05795 0.06761 -0.163
8  3.618  0.001 0.02261 0.01768 0.01843 0.06732 -0.03736 -0.093
260  3.623  0.001 0.01538 0.01998 0.01745 -0.01109 -0.002511 0.01425
64  3.632  0.001 0.0186 0.01744 0.01843 -0.03776 -0.09446 -0.06104
94  3.636  0.001 0.01988 0.01897 0.0175 0.001875 -0.08076 0.1616
9  3.655  0.001 0.01922 0.02349 0.01843 -0.02498 -0.003742 -0.07021
69  3.661  0.001 0.02161 0.02334 0.01843 -0.01723 0.06163 -0.0679
94  3.662  0.001 0.01837 0.01679 0.01843 -0.112 -0.08535 -0.09058
196  3.665  0.001 0.01748 0.01756 0.01843 -0.05429 -0.08164 -0.06468
311  3.67  0.001 0.02054 0.02007 0.01843 -0.04746 -0.0024 -0.1084
232  3.671  0.001 0.02243 0.02287 0.01815 -0.05078 -0.04634 -0.1133
89  3.672  0.001 0.01939 0.01553 0.01843 -0.06739 -0.1035 -0.1209
124  3.673  0.001 0.02323 0.02114 0.01843 0.01035 -0.03734 -0.1463
248  3.674  0.001 0.01645 0.01503 0.01761 -0.02588 -0.06792 0.8909
203  3.674  0.001 0.0213 0.0154 0.01843 -0.08237 0.1035 -0.09242
270  3.684  0.001 0.02252 0.01905 0.01843 -0.1555 0.1615 -0.651
142  3.693  0.001 0.01864 0.02308 0.01843 -0.02848 -0.1163 -0.2315
196  3.696  0.001 0.01548 0.01879 0.01843 -0.0471 0.0308 -0.06251
221  3.698  0.001 0.02157 0.02065 0.01843 -0.1475 0.002619 -0.2644
29  3.699  0.001 0.01727 0.0174 0.01843 0.09791 0.1144 -0.09996
256  3.704  0.001 0.01682 0.01541 0.01843 0.002671 -0.008229 -0.05237
152  3.705  0.001 0.02036 0.01647 0.01843 0.06403 0.02305 -0.1283
239  3.706  0.001 0.01722 0.01877 0.01843 0.08709 0.1277 -0.1562
89  3.71  0.001 0.02274 0.01552 0.01834 -0.04972 0.1081 -0.06033
328  3.712  0.001 0.01623 0.0148 0.0184 0.05058 0.09731 -0.1704
100  3.719  0.001 0.01698 0.01948 0.01843 -0.1065 0.06203 -0.07533
181  3.722  0.001 0.01973 0.01465 0.01843 0.01226 0.06261 -0.1686
65  3.723  0.001 0.01717 0.0174 0.01843 0.1326 0.1583 -0.09929
194  3.723  0.001 0.01769 0.01563 0.01843 -0.06434 0.0697 -0.1615
100  3.734  0.001 0.01676 0.01954 0.01843 0.006004 -0.009735 -0.03401
94  3.739  0.001 0.02354 0.02132 0.01843 0.05472 -0.04641 -0.1931
316  3.742  0.001 0.02067 0.01462 0.01843 -0.05874 0.08142 -0.1708
59  3.749  0.001 0.01796 0.01424 0.01843 0.03249 0.0779 -0.2676
137  3.751  0.001 0.02052 0.02134 0.01843 -0.1254 0.005484 -0.172
109  3.767  0.001 0.01755 0.01579 0.01843 0.04357 0.1362 -0.6108
130  3.772  0.001 0.01958 0.01438 0.01843 0.07386 0.2413 -0.509
181  3.774  0.001 0.0212 0.02257 0.01843 0.03776 0.2336 -0.03956
181  3.792  0.001 0.0221 0.0228 0.01843 0.05055 -0.03532 -0.06301
239  3.795  0.001 0.02188 0.0199 0.01843 0.1305 0.03114 -0.1275
130  3.811  0.001 0.01539 0.01693 0.01843 -0.06434 0.1358 -0.1085
94  3.847  0.001 0.02257 0.01887 0.01843 -0.2218 0.1045 -0.4324
203  3.85  0.001 0.02285 0.01798 0.01843 -0.05964 -0.117 -0.2649
171  3.851  0.001 0.02225 0.02241 0.01843 0.001293 0.002698 -0.5051
248  3.877  0.001 0.01987 0.01991 0.01843 0.1327 0.2733 -0.6948
304  3.886  0.001 0.0155 0.01786 0.01843 0.0596 0.07863 -0.1582
94  3.891  0.001 0.02335 0.01933 0.01843 -0.1158 -0.007483 -0.1584
319   3.9  0.001 0.02071 0.02287 0.01843 0.0256 -0.01664 -0.04873
9   3.9  0.001 0.01858 0.02379 0.01843 -0.02884 0.009049 -0.04667
191  3.902  0.001 0.01766 0.0206 0.01843 -0.03449 -0.05405 -0.08848
76  3.905  0.001 0.01851 0.01792 0.01843 -0.01421 -0.1031 -0.09504
27  3.906  0.001 0.02058 0.02111 0.01843 0.01209 -0.03445 -0.07496
137  3.906  0.001 0.02317 0.02018 0.01843 0.08079 -0.04781 -0.08642
217  3.921  0.001 0.02194 0.01971 0.01754 0.03257 -0.04869 0.1091
309  3.922  0.001 0.02033 0.02044 0.01843 -0.02729 -0.05567 -0.08629
255  3.932  0.001 0.02075 0.02332 0.01752 -0.0111 0.002767 0.2045
196  3.933  0.001 0.01777 0.01941 0.01843 0.1213 0.03557 -0.2055
312  3.934  0.001 0.02049 0.01652 0.01843 -0.04218 -0.1353 -0.03247
174  3.936  0.001 0.02266 0.01714 0.01843 0.02462 -0.06545 -0.05767
94  3.937  0.001 0.02277 0.01556 0.01842 -0.06945 0.112 -0.02863
137  3.954  0.001 0.02356 0.01788 0.01843 -0.08988 0.02456 -0.1539
181  3.959  0.001 0.02203 0.02319 0.01779 -0.09648 0.02753 -0.008125
19  3.966  0.001 0.01984 0.02339 0.01843 0.006308 0.009784 -0.1011
150  3.966  0.001 0.018 0.02333 0.01843 0.02187 0.007887 -0.05438
212  3.977  0.001 0.0203 0.01648 0.01843 -0.06015 0.07898 -0.2681
329  3.977  0.001 0.0191 0.02058 0.01843 -0.08065 -0.02949 -0.1477
89  3.98  0.001 0.02224 0.01787 0.01843 -0.1334 0.03151 -0.111
76  3.982  0.001 0.01849 0.01526 0.01843 -0.02267 0.001263 -0.06156
100  3.988  0.001 0.02272 0.01585 0.01843 -0.08761 0.04542 -0.07953
44  3.99  0.001 0.01396 0.01935 0.01783 0.01645 0.00221 -0.003819
255  3.992  0.001 0.02195 0.02325 0.01764 -0.05029 -0.009322 0.1055
304  3.996  0.001 0.0176 0.0191 0.01843 -0.1922 0.05231 -0.5269
237  4.008  0.001 0.01991 0.02408 0.01827 -0.0191 -0.09193 -0.2949
338  4.01  0.001 0.01649 0.02346 0.01826 0.01213 -0.157 -0.1022
321  4.011  0.001 0.01831 0.02039 0.01843 -0.05635 -0.008131 -0.2425
221  4.011  0.001 0.02309 0.01596 0.01843 -0.09271 0.03131 -0.1406
285  4.022  0.001 0.01858 0.01668 0.01843 0.05477 0.1701 -0.164
212  4.023  0.001 0.02207 0.01544 0.01843 -0.0676 0.08497 -0.07444
156  4.028  0.001 0.0146 0.01998 0.01843 0.1062 0.007505 -0.388
156  4.04  0.001 0.01506 0.02054 0.01843 0.01808 -0.003701 -0.01693
52  4.06  0.001 0.02312 0.02102 0.01843 0.004569 -0.006268 -0.2473
192  4.061  0.001 0.01926 0.02247 0.01843 0.04989 0.09716 -0.4183
46  4.104  0.001 0.02357 0.02124 0.01744 0.09259 0.03185 0.1537
255  4.108  0.001 0.01814 0.01756 0.01843 0.1684 -0.07377 -0.2885
46  4.136  0.001 0.02369 0.02117 0.01743 -0.04425 -0.02064 -0.1545
311  4.143  0.001 0.02189 0.01771 0.01843 -0.03493 -0.0586 -0.1648
249  4.148  0.001 0.01967 0.01438 0.01744 0.07731 -0.01804 0.1203
130  4.161  0.001 0.01895 0.01899 0.01843 -0.1855 -0.1519 -0.1273
281  4.198  0.001 0.01593 0.02142 0.01843 0.1029 -0.06187 -0.1538
105  4.212  0.001 0.01748 0.0142 0.01797 0.0362 0.1271 -0.1818
44  4.213  0.001 0.02351 0.01657 0.01789 -0.2031 0.1169 0.06474
321  4.217  0.001 0.01813 0.01939 0.01843 -0.0605 -0.05552 -0.1105
181  4.219  0.001 0.01832 0.02313 0.01843 -0.06703 0.01678 -0.109
192  4.22  0.001 0.01935 0.01967 0.01843 -0.02922 -0.07008 -0.1162
44  4.236  0.001 0.02123 0.01839 0.01843 -0.05414 0.0635 -0.05607
327  4.247  0.001 0.01493 0.01832 0.01843 0.118 0.004523 -0.4335
52  4.256  0.001 0.02093 0.01711 0.01843 -0.03996 0.1725 -0.09393
327  4.273  0.001 0.01547 0.01609 0.01843 0.1076 0.05767 -0.04879
129  4.276  0.001 0.01781 0.01732 0.01746 -0.05579 0.108 0.2244
289   4.3  0.001 0.01705 0.0208 0.01843 -0.01791 0.05462 -0.09337
192  4.301  0.001 0.0157 0.02109 0.01843 -0.02837 0.0721 -0.106
229  4.303  0.001 0.02415 0.01897 0.01785 -0.03715 -0.06726 -0.03481
321  4.303  0.001 0.01751 0.01783 0.01843 0.02509 0.03208 -0.1242
105  4.309  0.001 0.01842 0.01462 0.01843 0.01126 -0.0328 -0.1491
59  4.312  0.001 0.0195 0.01911 0.01843 0.01098 0.06697 -0.165
129  4.315  0.001 0.01718 0.02249 0.01843 -0.01043 0.1371 -0.1665
86  4.317  0.001 0.0217 0.02341 0.01821 -0.1511 -0.03339 0.1396
130  4.317  0.001 0.02197 0.01486 0.01841 0.05787 0.06796 -0.1858
196  4.325  0.001 0.02275 0.0212 0.01843 0.0761 0.06597 -0.2497
285  4.326  0.001 0.02024 0.02084 0.01843 0.04178 0.0638 -0.2472
38  4.333  0.001 0.01808 0.02035 0.01843 0.0996 0.1466 -0.4187
86  4.344  0.001 0.01766 0.02252 0.01843 -0.1511 -0.03339 -0.1227
248  4.345  0.001 0.0181 0.01523 0.01843 -0.09225 -0.03771 -0.04779
4  4.352  0.001 0.01534 0.01958 0.01843 0.1344 0.01109 -0.2606
60  4.371  0.001 0.01782 0.02344 0.01843 -0.0286 -0.02041 -0.02569
230  4.384  0.001 0.0171 0.02106 0.01843 0.1787 0.008348 -0.6477
34  4.388  0.001 0.02194 0.01699 0.01843 -0.05005 -0.04199 -0.06232
329  4.389  0.001 0.01825 0.02064 0.01843 -0.06846 -0.01314 -0.1542
4  4.39  0.001 0.01609 0.02291 0.01843 0.01056 0.09164 -0.1556
60  4.391  0.001 0.01797 0.02336 0.01843 0.01826 0.0003086 -0.05404
69  4.401  0.001 0.02104 0.02364 0.01758 -0.1444 -0.02317 0.3212
303  4.403  0.001 0.02052 0.02235 0.01749 -0.1023 -0.09327 0.3019
142  4.412  0.001 0.01596 0.02242 0.01843 0.005415 0.0003146 -0.086
79  4.416  0.001 0.01783 0.02113 0.01843 0.03683 -0.0565 -0.03813
285  4.42  0.001 0.02252 0.01558 0.01843 0.2011 -0.1864 -0.2706
192  4.428  0.001 0.01489 0.01795 0.01843 -0.005306 -0.1242 -0.1089
91  4.431  0.001 0.02049 0.0237 0.01752 0.5439 0.3127 0.4749
229  4.432  0.001 0.0194 0.01657 0.01843 0.08996 -0.1159 -0.2836
234  4.448  0.001 0.0179 0.01867 0.01843 -0.192 0.09049 -0.0309
111  4.449  0.001 0.01979 0.0241 0.01808 0.002368 -0.04103 -0.02819
287  4.45  0.001 0.0211 0.02 0.01843 0.05064 -0.0899 -0.05616
278  4.452  0.001 0.01811 0.02142 0.01843 0.01437 -0.03288 -0.03767
308  4.454  0.001 0.01698 0.02099 0.01843 0.02769 -0.06242 -0.08788
208  4.456  0.001 0.01754 0.015 0.01843 -0.04834 0.01878 -0.1832
278  4.457  0.001 0.018 0.02131 0.01843 -0.02281 -0.02509 -0.02193
338  4.457  0.001 0.01443 0.02059 0.01843 -0.06653 -0.06779 -0.1009
239  4.458  0.001 0.01839 0.01422 0.01843 -0.07484 0.08421 -0.4901
181  4.459  0.001 0.01617 0.01899 0.01843 -0.129 -0.002043 -0.1232
129  4.459  0.001 0.01657 0.02264 0.01843 0.04151 -0.03112 -0.1962
79  4.46  0.001 0.01911 0.01776 0.01843 0.02986 -0.09052 -0.1322
168  4.461  0.001 0.02315 0.01789 0.01843 -0.004464 -0.1326 -0.06701
303  4.461  0.001 0.01456 0.01692 0.01843 -0.1023 -0.09327 -0.2697
150  4.462  0.001 0.01804 0.02406 0.01748 0.03149 -0.05054 -0.1521
201  4.467  0.001 0.01635 0.02304 0.01843 0.04164 0.01952 -0.04899
168  4.471  0.001 0.02173 0.01565 0.01843 -0.1517 -0.2296 -0.03981
161  4.471  0.001 0.01887 0.02251 0.01843 0.03374 -0.001898 -0.03851
49  4.471  0.001 0.01758 0.0226 0.01843 -0.02127 -0.007149 -0.1864
319  4.474  0.001 0.01559 0.01841 0.01843 0.0002868 -0.04761 -0.1672
87  4.477  0.001 0.01861 0.02363 0.01843 0.004277 -0.02201 -0.1914
44  4.478  0.001 0.01985 0.02025 0.01843 0.008098 -0.007068 -0.2104
69  4.481  0.001 0.01517 0.02054 0.01843 -0.009178 -0.08043 -0.06265
207  4.482  0.001 0.01796 0.02399 0.01843 -0.0215 -0.02349 -0.01712
272  4.487  0.001 0.01935 0.02392 0.01843 -0.05345 -0.07473 -0.1516
287  4.497  0.001 0.01558 0.01621 0.01843 0.154 -0.06563 -0.2665
188  4.498  0.001 0.01941 0.01977 0.01843 0.0009509 -0.1034 -0.08135
136  4.502  0.001 0.01937 0.01627 0.01843 0.08326 0.2104 -0.06395
314  4.502  0.001 0.01407 0.02017 0.0179 0.05058 -0.1164 -0.06429
137  4.522  0.001 0.02151 0.01458 0.01743 -0.03686 0.0269 -0.2359
90  4.525  0.001 0.01461 0.019 0.01843 0.3245 -0.2467 -0.01903
152  4.525  0.001 0.01562 0.01725 0.01843 0.1059 0.02662 -0.2565
285  4.528  0.001 0.017 0.02192 0.01843 0.001825 0.07047 -0.04445
161  4.534  0.001 0.01872 0.02273 0.01843 -0.06022 -0.001746 -0.02121
148  4.538  0.001 0.02145 0.01846 0.01843 0.2367 0.02184 -0.3588
88  4.541  0.001 0.02177 0.016 0.01843 0.117 0.05704 -0.4898
227  4.546  0.001 0.01698 0.01772 0.01843 0.08969 0.02889 -0.0581
34  4.548  0.001 0.02183 0.02212 0.01843 0.1411 0.08411 -0.1858
157  4.55  0.001 0.02205 0.02064 0.01843 -0.2016 0.02136 -0.4526
91  4.556  0.001 0.02315 0.01659 0.01843 -0.1483 -0.002495 -0.4512
277  4.566  0.001 0.02063 0.01535 0.01843 0.1051 -0.3234 -0.2062
90  4.58  0.001 0.01642 0.01767 0.01843 -0.1288 0.1329 -0.1172
266  4.588  0.001 0.01395 0.01902 0.0184 0.07676 -0.01793 -0.2673
41  4.592  0.001 0.02073 0.02267 0.01843 0.01292 0.02886 -0.02559
88  4.595  0.001 0.01893 0.01449 0.01843 0.03169 0.09066 -0.1541
300   4.6  0.001 0.02276 0.02091 0.01843 0.1652 0.03313 -0.3148
94  4.604  0.001 0.01587 0.02067 0.01843 0.3254 -0.0317 -0.5614
59  4.607  0.001 0.02229 0.02126 0.01843 0.02051 0.05602 -0.2267
8  4.609  0.001 0.02304 0.02224 0.01814 -0.1874 -0.1931 -0.3449
217  4.613  0.001 0.01936 0.02009 0.01843 0.0223 -0.1036 -0.03884
137  4.617  0.001 0.01558 0.01531 0.01742 -0.02711 0.1107 -0.2246
94  4.629  0.001 0.01986 0.02174 0.01843 0.1227 0.05218 -0.07833
323  4.649  0.001 0.01775 0.01412 0.01809 -0.01596 0.1997 -0.2892
100  4.661  0.001 0.01636 0.02202 0.01843 -0.04887 0.0585 -0.5152
88  4.671  0.001 0.02004 0.01935 0.01843 -0.01071 0.1179 -0.08034
191  4.681  0.001 0.01699 0.01722 0.01843 0.07498 0.02969 -0.1767
319  4.685  0.001 0.01768 0.01429 0.01843 0.09525 0.03216 -0.2062
188  4.694  0.001 0.02375 0.01706 0.01799 -0.06294 -0.005704 -0.108
152  4.701  0.001 0.01581 0.02146 0.01843 0.1899 -0.1176 -0.1892
300  4.703  0.001 0.0239 0.02064 0.01811 -0.07041 0.02696 -0.06107
219  4.767  0.001 0.015 0.02092 0.01743 0.03787 -0.03039 0.01835
148  4.778  0.001 0.02333 0.02116 0.01843 -0.1026 -0.003464 -0.4157
148  4.792  0.001 0.02256 0.0224 0.01843 -0.05541 0.09486 -0.04655
24  4.922  0.001 0.01442 0.01868 0.01745 -0.02335 -0.05394 0.06724
119  4.925  0.001 0.01778 0.02389 0.0175 0.06496 0.0644 0.2249
172  4.936  0.001 0.02133 0.01774 0.01843 -0.1801 0.1077 -0.02976
49  4.939  0.001 0.02067 0.02272 0.01843 0.07978 -0.001815 -0.04888
193  4.945  0.001 0.02202 0.0187 0.01843 -0.1757 0.07386 -0.12
267  4.947  0.001 0.02043 0.01794 0.01843 -0.1003 0.1447 -0.1201
207  4.953  0.001 0.01905 0.02416 0.01746 -0.04771 -0.04712 -0.08496
168  4.953  0.001 0.0162 0.01893 0.01843 0.06787 0.1196 -0.1383
161  4.957  0.001 0.01985 0.01903 0.01843 -0.03816 -0.04225 -0.0746
119  4.959  0.001 0.01954 0.02389 0.01843 0.0178 -0.03649 -0.1163
89  4.959  0.001 0.02331 0.018 0.01843 0.03653 -0.1214 -0.01289
45  4.96  0.001 0.01949 0.01397 0.01831 -0.03564 0.1538 0.03553
258  4.96  0.001 0.01894 0.02051 0.01843 -0.101 -0.03235 -0.0525
216  4.962  0.001 0.021 0.0181 0.01843 -0.03295 -0.1047 -0.08711
227  4.964  0.001 0.02133 0.01508 0.01843 -0.001511 0.02252 -0.1084
93  4.964  0.001 0.02274 0.01942 0.01843 0.01002 -0.09921 -0.03606
129  4.966  0.001 0.01417 0.02054 0.01821 0.1138 -0.05041 -0.08486
271  4.966  0.001 0.01735 0.01694 0.01843 0.1051 0.0691 -0.2119
151  4.967  0.001 0.02091 0.0186 0.01843 -0.03157 -0.1146 -0.05005
87  4.968  0.001 0.01748 0.01901 0.01843 -0.1341 -0.06398 -0.1231
160  4.97  0.001 0.02172 0.01532 0.01843 -0.1054 -0.09865 -0.1001
34  4.97  0.001 0.02301 0.02081 0.01843 -0.001291 -0.04568 -0.1064
339  4.972  0.001 0.02 0.01628 0.01843 -0.06504 0.08492 -0.1054
43  4.972  0.001 0.01862 0.01498 0.01843 -0.156 -0.003686 -0.1136
273  4.973  0.001 0.01501 0.02113 0.01843 0.08 -0.02917 -0.2365
111  4.974  0.001 0.02295 0.02234 0.01811 -0.02772 -0.07488 -0.1193
8  4.977  0.001 0.02289 0.01929 0.01843 0.007257 -0.05508 -0.1525
294  4.981  0.001 0.01503 0.01692 0.01843 0.06104 0.05324 -0.315
232  4.982  0.001 0.01862 0.02414 0.01819 -0.03623 -0.1262 -0.1615
234  4.984  0.001 0.02376 0.01763 0.01843 -0.07585 0.05353 -0.2322
148  4.987  0.001 0.02416 0.01901 0.01762 -0.0929 0.05443 0.01482
156  4.987  0.001 0.01826 0.01746 0.01843 0.04315 0.173 -0.1685
162  4.987  0.001 0.01742 0.01508 0.01843 -0.00361 0.04447 -0.299
86  4.99  0.001 0.01807 0.01611 0.01843 0.1149 0.07106 -0.3157
152  4.99  0.001 0.02033 0.0184 0.01843 -0.1553 -0.05428 -0.3738
112  4.994  0.001 0.02211 0.02106 0.01843 0.05401 -0.01803 -0.1685
341  4.997  0.001 0.01964 0.01753 0.01843 -0.07218 0.1483 -0.3349
201  5.001  0.001 0.02177 0.02323 0.01745 -0.02981 -0.04127 0.02995
225  5.004  0.001 0.0173 0.0173 0.01843 -0.01672 0.1534 -0.293
248  5.005  0.001 0.01912 0.01395 0.0181 0.1204 0.1644 -0.2049
221  5.009  0.001 0.01531 0.01559 0.01774 0.06671 0.09035 -0.03053
160  5.019  0.001 0.02067 0.01437 0.01843 -0.01411 0.07323 -0.167
107  5.023  0.001 0.01988 0.02214 0.01843 -0.04995 0.1283 -0.5473
23  5.023  0.001 0.02064 0.01928 0.01843 -0.1639 -0.04514 -0.3911
17  5.024  0.001 0.01582 0.02255 0.01843 0.1054 -0.1506 -0.1249
72  5.025  0.001 0.01696 0.01608 0.01843 0.03011 0.1319 -0.4776
210  5.029  0.001 0.01431 0.01717 0.01744 0.08478 0.05735 0.01574
4  5.029  0.001 0.0184 0.01905 0.01843 0.04784 0.1752 -0.4899
341  5.03  0.001 0.0189 0.02076 0.01843 -0.01868 0.09481 -0.1227
196  5.031  0.001 0.01688 0.02361 0.01843 0.08404 -0.1815 -0.4281
41  5.037  0.001 0.02373 0.01871 0.01843 -0.03576 -0.01056 -0.1228
19  5.041  0.001 0.02032 0.01656 0.01843 -0.1107 0.09128 -0.4214
227  5.052  0.001 0.02002 0.01874 0.01843 0.2023 -0.07976 -0.3245
178  5.054  0.001 0.02117 0.02204 0.01843 -0.04387 -0.3365 -0.406
38  5.058  0.001 0.01781 0.01689 0.01843 -0.1439 0.2097 -0.4442
140  5.067  0.001 0.02091 0.01602 0.01843 0.1752 -0.1682 -0.3585
189  5.087  0.001 0.01829 0.01981 0.01843 0.2523 0.2137 -0.5395
19  5.09  0.001 0.01979 0.01554 0.01843 -0.02958 0.1123 -0.1814
300  5.092  0.001 0.01717 0.02209 0.01843 -0.02092 -0.2816 -0.2933
45  5.095  0.001 0.01992 0.01793 0.01843 0.1928 0.05361 -0.3223
75  5.098  0.001 0.02399 0.01779 0.01748 -0.05775 0.02036 0.02921
285  5.104  0.001 0.01854 0.02025 0.01843 -0.03569 0.2068 -0.2158
72  5.11  0.001 0.01398 0.01915 0.01843 -0.07261 0.07064 -0.1689
248  5.112  0.001 0.01714 0.01784 0.01843 -0.03916 0.05975 -0.1887
45  5.114  0.001 0.01981 0.01585 0.01843 -0.04173 -0.1412 -0.01683
38  5.117  0.001 0.01459 0.01873 0.01843 0.04797 0.08953 -0.2107
189  5.121  0.001 0.01966 0.02162 0.01843 -0.1801 -0.1577 -0.08234
317  5.132  0.001 0.02255 0.01648 0.01776 -0.03121 -0.8864 2.143
283  5.157  0.001 0.01603 0.02306 0.01755 0.2721 0.2373 0.9394
1  5.158  0.001 0.01558 0.02189 0.01755 0.02886 -0.01525 0.7556
120  5.178  0.001 0.02187 0.02229 0.01745 -0.08334 -0.107 0.07453
232  5.182  0.001 0.01911 0.02317 0.01843 -0.002426 0.02642 -0.08872
289  5.184  0.001 0.01761 0.0177 0.01843 -0.0405 -0.0776 -0.1055
328  5.196  0.001 0.01949 0.01844 0.01843 0.1125 -0.1043 -0.1221
242  5.209  0.001 0.0241 0.01974 0.01826 -0.06059 -0.004041 -0.01335
49  5.212  0.001 0.02388 0.0181 0.01843 0.03364 -0.06728 -0.2776
65  5.213  0.001 0.02326 0.02177 0.01843 -0.04849 -0.06603 -0.1974
150  5.222  0.001 0.02016 0.01815 0.01843 -0.04465 -0.1526 -0.2998
201  5.238  0.001 0.01948 0.02388 0.01843 -0.02304 0.01506 -0.4007
59  5.261  0.001 0.01524 0.02123 0.01843 0.1876 -0.1558 -0.2058
277  5.267  0.001 0.01711 0.02095 0.01843 -0.04046 0.01415 -0.2786
116  5.286  0.001 0.02392 0.02059 0.01765 -0.01878 -0.02083 -0.02805
285  5.286  0.001 0.0191 0.01491 0.01843 0.09874 0.02823 -0.659
276  5.291  0.001 0.01966 0.02262 0.01754 -0.02307 -0.02418 0.1308
59  5.293  0.001 0.01589 0.01878 0.01843 -0.01153 -0.06865 -0.1125
66  5.305  0.001 0.01951 0.0238 0.01744 0.03807 0.000616 0.0606
302  5.33  0.001 0.01465 0.02163 0.0175 0.02063 -0.009045 -0.008436
38  5.336  0.001 0.01889 0.02326 0.01843 0.04716 -0.2539 -0.0486
75  5.392  0.001 0.02316 0.01841 0.01843 -0.03798 -0.06567 -0.06576
57  5.401  0.001 0.02023 0.01847 0.01843 -0.08002 -0.05055 -0.1133
116  5.406  0.001 0.02306 0.0159 0.01841 -0.08238 -0.01288 -0.1461
253  5.409  0.001 0.02105 0.02074 0.01749 -0.112 -0.09594 0.1598
41  5.41  0.001 0.01745 0.01565 0.01843 -0.08452 0.145 -0.09508
38  5.419  0.001 0.01734 0.02 0.01843 0.1765 -0.03905 -0.186
34  5.42  0.001 0.02118 0.01615 0.01843 -0.07871 0.09693 -0.1889
253  5.434  0.001 0.01828 0.01836 0.01843 -0.112 -0.09594 -0.08345
309  5.436  0.001 0.02321 0.0183 0.01843 0.009658 -0.06447 -0.2976
22  5.438  0.001 0.01884 0.01633 0.01843 -0.035 -0.1087 -0.09337
112  5.44  0.001 0.0185 0.01713 0.01843 0.08049 -0.1121 -0.1686
152  5.447  0.001 0.0203 0.02192 0.01843 0.1406 0.202 -0.3835
272  5.455  0.001 0.01717 0.02312 0.01747 0.07821 0.007315 0.244
186  5.469  0.001 0.01828 0.02409 0.01825 -0.01141 -0.1079 -0.1931
44  5.471  0.001 0.02166 0.01535 0.01752 -0.1335 0.1373 0.2487
88  5.473  0.001 0.01801 0.02049 0.01843 -0.01011 -0.04861 -0.02562
63  5.478  0.001 0.02022 0.01644 0.01743 -0.06999 0.07142 0.03829
116  5.492  0.001 0.01698 0.01776 0.01843 0.06015 -0.1599 -0.2085
229  5.492  0.001 0.01597 0.01877 0.01843 -0.1484 0.1573 -0.4258
40  5.497  0.001 0.02079 0.02135 0.01843 0.1702 0.08969 -0.6308
272  5.501  0.001 0.02063 0.02342 0.01843 -0.03615 -0.03912 -0.2079
277  5.502  0.001 0.01708 0.01616 0.01843 0.06142 -0.06481 -0.009644
43  5.506  0.001 0.01621 0.01623 0.01843 0.07197 0.0463 -0.1556
201  5.508  0.001 0.02163 0.02345 0.01759 -0.06105 -0.09661 0.06305
179  5.508  0.001 0.02389 0.01987 0.01744 -0.01844 0.01582 0.02541
38  5.509  0.001 0.02361 0.01731 0.01843 0.02518 -0.0234 -0.04609
163  5.513  0.001 0.02414 0.01945 0.01826 -0.2406 0.2275 0.7405
44  5.518  0.001 0.01543 0.02176 0.01843 -0.1335 0.1373 -0.2095
33  5.521  0.001 0.02263 0.02228 0.01843 -0.1335 -0.1279 -0.1449
335  5.536  0.001 0.01939 0.01735 0.01773 3.563 -0.9896 5.276
73  5.538  0.001 0.01904 0.01954 0.01843 -0.2165 -0.208 -0.249
276  5.543  0.001 0.02049 0.0178 0.01843 -0.04646 -0.2084 -0.3885
193  5.545  0.001 0.0203 0.01438 0.01843 0.005898 -0.002808 -0.154
8  5.548  0.001 0.01927 0.01815 0.01843 -0.1383 0.0129 -0.281
302  5.552  0.001 0.01883 0.0221 0.01843 0.1246 -0.1013 -0.072
44  5.552  0.001 0.01536 0.02252 0.01843 0.02751 0.001412 -0.1079
309  5.554  0.001 0.01665 0.01639 0.01843 -0.03971 0.1634 -0.2708
272  5.557  0.001 0.01546 0.01717 0.01843 -0.08527 -0.1988 -0.1678
160  5.571  0.001 0.01616 0.01538 0.01843 0.07728 0.08332 -0.1569
207  5.583  0.001 0.01551 0.01692 0.01843 -0.08331 0.1365 -0.5936
261  5.593  0.001 0.02083 0.01545 0.01843 0.008532 -0.1168 -0.1758
309  5.594  0.001 0.01978 0.0185 0.01843 0.1289 0.04965 -0.1068
73  5.595  0.001 0.01741 0.01549 0.01843 0.05059 0.1402 -0.1032
277  5.597  0.001 0.02402 0.02022 0.01799 -0.1108 0.0592 -0.1171
179  5.597  0.001 0.02213 0.01791 0.01843 0.245 0.01382 -0.3883
312  5.606  0.001 0.01517 0.01686 0.01843 -0.03139 0.1293 -0.3136
182  5.609  0.001 0.01903 0.02416 0.01831 0.1013 -0.2794 -0.01648
4  5.613  0.001 0.01576 0.01547 0.01843 0.09457 0.03801 -0.3204
257  5.616  0.001 0.0222 0.01503 0.01835 0.04596 0.1477 -0.5357
94  5.618  0.001 0.01845 0.02044 0.01843 0.1559 -0.06857 -0.3656
162  5.636  0.001 0.01705 0.02132 0.01843 0.1687 -0.004878 -0.5564
78  5.64  0.001 0.01558 0.02279 0.01818 0.1601 -0.2346 -0.3752
304  5.647  0.001 0.02364 0.02113 0.01756 -2.356 0.9115 2.378
227  5.666  0.001 0.01935 0.01621 0.01843 -0.05617 -0.118 -0.1525
7  5.667  0.001 0.01859 0.01939 0.01843 0.04 -0.09876 -0.1093
289  5.671  0.001 0.01654 0.01461 0.01843 0.0193 0.08361 -0.07972
152  5.675  0.001 0.02151 0.01572 0.01843 0.1503 0.1634 -0.5357
240  5.677  0.001 0.01982 0.02057 0.01744 0.1003 -0.4062 0.4585
119  5.686  0.001 0.02297 0.01943 0.01843 0.06952 -0.123 -0.07782
270  5.689  0.001 0.02415 0.01924 0.0176 -0.094 -0.002912 0.02613
200  5.706  0.001 0.01736 0.02357 0.01843 0.04281 -0.01845 -0.1185
86  5.706  0.001 0.02334 0.02 0.01843 -0.07855 -0.06413 -0.1125
146  5.707  0.001 0.01784 0.02401 0.01748 -0.004754 -0.08867 -0.09845
189  5.712  0.001 0.02416 0.01906 0.01814 -0.09545 -0.05998 -0.121
268  5.718  0.001 0.02409 0.01987 0.01795 -0.07878 -0.03523 -0.196
104  5.724  0.001 0.02008 0.0169 0.01843 -0.09993 0.1413 -0.1813
271  5.731  0.001 0.01971 0.02272 0.01843 -0.0211 0.02887 -0.272
91  5.732  0.001 0.01837 0.01682 0.01843 0.04665 0.1263 -0.216
107  5.75  0.001 0.01977 0.02165 0.01843 0.01504 -0.1276 -0.4698
159  5.754  0.001 0.01734 0.01933 0.01843 0.1486 0.02398 -0.2846
134  5.756  0.001 0.02292 0.01958 0.01843 -0.1364 -0.02359 -0.2401
253  5.758  0.001 0.01877 0.02111 0.01843 0.0412 0.1364 -0.193
15  5.763  0.001 0.01473 0.01635 0.01743 0.1596 0.02267 -0.2507
180  5.763  0.001 0.02092 0.01869 0.01843 -0.08775 0.00398 -0.1516
240  5.765  0.001 0.01695 0.01667 0.01843 -0.08108 0.1039 -0.4243
129  5.773  0.001 0.02388 0.01906 0.01843 -0.09697 -0.04521 -0.4396
257  5.78  0.001 0.01606 0.01505 0.01843 -0.04069 0.1018 -0.1325
94  5.781  0.001 0.01776 0.01917 0.01843 -0.1587 0.1221 -0.301
104  5.786  0.001 0.0192 0.01885 0.01843 -0.01335 -0.009506 -0.1465
162  5.792  0.001 0.01492 0.02204 0.0173 0.1579 -0.1783 -0.3576
2  5.794  0.001 0.01958 0.02376 0.01748 -0.01384 0.07596 0.0857
213  5.806  0.001 0.0187 0.01637 0.01843 -0.133 0.1054 -0.08292
169  5.811  0.001 0.01659 0.01657 0.01843 0.1053 0.09367 -0.07659
289  5.812  0.001 0.02001 0.01764 0.01843 -0.1691 -0.05135 -0.3774
49  5.818  0.001 0.01418 0.01895 0.01843 0.0476 0.1031 -0.3264
94  5.832  0.001 0.01583 0.02042 0.01843 0.1042 -0.08807 -0.1459
182  5.847  0.001 0.01519 0.01572 0.01746 0.0963 0.1842 -0.2641
179  5.884  0.001 0.01866 0.01482 0.01843 -0.002467 0.117 -0.2801
244  5.891  0.001 0.01778 0.01624 0.01748 -0.1058 0.04944 0.1294
253  5.893  0.001 0.0163 0.02335 0.01794 0.03369 -0.05782 -0.1321
178  5.897  0.001 0.0217 0.02305 0.01843 0.2147 -0.2588 -0.5812
70  5.911  0.001 0.02183 0.02057 0.01748 0.001844 -0.02664 0.07088
178  5.929  0.001 0.02053 0.02264 0.01843 -0.05418 0.01842 -0.07143
129  5.982  0.001 0.02356 0.01955 0.01758 -0.5833 -0.1154 1.905
127  5.985  0.001 0.02109 0.01968 0.01748 -0.07201 -0.2107 0.3247
178  6.009  0.001 0.01723 0.02161 0.01843 -0.08933 -0.04468 -0.05999
104  6.011  0.001 0.01926 0.01711 0.01843 -0.07113 0.1248 -0.02504
134  6.012  0.001 0.01938 0.01886 0.01843 -0.03864 -0.1104 -0.0756
102  6.025  0.001 0.01632 0.02336 0.01823 0.09424 -0.0915 -0.0008089
189  6.031  0.001 0.01761 0.01902 0.01843 0.0228 0.1405 -0.2322
220  6.034  0.001 0.02332 0.01625 0.01746 -0.08668 -0.01479 -0.1555
99  6.037  0.001 0.01907 0.0182 0.01843 0.008915 0.05745 -0.2413
188  6.039  0.001 0.02027 0.0143 0.01843 -0.09381 0.07542 -0.1438
193  6.049  0.001 0.0203 0.01783 0.01843 0.02788 0.004218 -0.2007
167  6.055  0.001 0.0166 0.01569 0.01843 -0.00182 0.1541 -0.1094
127  6.061  0.001 0.01871 0.01734 0.01843 0.01146 0.1583 -0.2967
309  6.063  0.001 0.01834 0.01848 0.01843 -0.01206 0.01164 -0.2321
238  6.065  0.001 0.01533 0.01599 0.01843 -0.1177 0.102 -0.3511
51  6.068  0.001 0.02156 0.01691 0.01843 0.06457 0.08841 -0.06896
111  6.068  0.001 0.02106 0.01437 0.01843 0.08363 0.09876 -0.05912
86  6.094  0.001 0.02273 0.01552 0.01818 -0.1613 0.09996 -0.3147
