# ID time  diameter x y z u v w  (ex ey ez, color)
34  0.01772  0.001 0.01639 0.01987 0.01843    0    0 -0.03
27  0.03207  0.001 0.01913 0.02014 0.01843    0    0 -0.03
9  0.03712  0.001 0.02059 0.02017 0.01843    0    0 -0.03
60  0.04095  0.001 0.01791 0.02168 0.01843    0    0 -0.03
21  0.05415  0.001 0.01711 0.01814 0.01843    0    0 -0.03
13  0.05477  0.001 0.01463 0.01945 0.01843    0    0 -0.03
7  0.06137  0.001 0.01673 0.01615 0.01843    0    0 -0.03
17  0.06867  0.001 0.02091 0.02027 0.01843    0    0 -0.03
43  0.06899  0.001 0.01482 0.01777 0.01843    0    0 -0.03
24  0.08593  0.001 0.01754 0.01674 0.01843    0    0 -0.03
52  0.09706  0.001 0.01943 0.02314 0.01843    0    0 -0.03
40  0.1065  0.001 0.0216 0.01895 0.01843    0    0 -0.03
61  0.1141  0.001 0.01517 0.01768 0.01843    0    0 -0.03
45  0.1198  0.001 0.02211 0.02042 0.01843    0    0 -0.03
20  0.1227  0.001 0.01962 0.01486 0.01843    0    0 -0.03
18  0.1322  0.001 0.01952 0.02012 0.01843    0    0 -0.03
33  0.1335  0.001 0.02169 0.01713 0.01843    0    0 -0.03
1  0.1359  0.001 0.02081 0.01787 0.01843    0    0 -0.03
58  0.1404  0.001 0.01666 0.02269 0.01843    0    0 -0.03
12  0.1457  0.001 0.01826 0.02318 0.01843    0    0 -0.03
25  0.1463  0.001 0.01985 0.01664 0.01843    0    0 -0.03
36  0.1542  0.001 0.02103 0.02112 0.01843    0    0 -0.03
5  0.1691  0.001 0.01997 0.01562 0.01843    0    0 -0.03
2  0.1705  0.001 0.01628 0.01757 0.01843    0    0 -0.03
10  0.1915  0.001 0.01808 0.02272 0.01843    0    0 -0.03
53  0.1966  0.001 0.02289 0.02038 0.01843    0    0 -0.03
62  0.2047  0.001 0.02153 0.02145 0.01843    0    0 -0.03
23  0.2084  0.001 0.01723 0.01959 0.01843    0    0 -0.03
39  0.211  0.001 0.02185 0.01815 0.01843    0    0 -0.03
42  0.2205  0.001 0.02035 0.01736 0.01843    0    0 -0.03
49  0.2219  0.001 0.01769 0.01745 0.01843    0    0 -0.03
57  0.2366  0.001 0.01552 0.01988 0.01843    0    0 -0.03
19  0.239  0.001 0.01712 0.02242 0.01843    0    0 -0.03
32  0.2608  0.001 0.01888 0.02229 0.01843    0    0 -0.03
74  0.2679  0.001 0.01815 0.02297 0.01843    0    0 -0.03
70  0.2714  0.001 0.02335 0.02054 0.01843    0    0 -0.03
30  0.2762  0.001 0.01971 0.02318 0.01843    0    0 -0.03
41  0.2828  0.001 0.01653 0.01864 0.01843    0    0 -0.03
35  0.2869  0.001 0.0186 0.01972 0.01843    0    0 -0.03
6  0.2877  0.001 0.01482 0.01773 0.01843    0    0 -0.03
64  0.2923  0.001 0.02031 0.01563 0.01843    0    0 -0.03
54  0.2998  0.001 0.01829 0.02213 0.01843    0    0 -0.03
38  0.3152  0.001 0.01873 0.0173 0.01843    0    0 -0.03
28  0.3241  0.001 0.01948 0.01647 0.01843    0    0 -0.03
50  0.3318  0.001 0.02131 0.02105 0.01843    0    0 -0.03
31  0.3445  0.001 0.01766 0.0201 0.01843    0    0 -0.03
29  0.3449  0.001 0.01702 0.01859 0.01843    0    0 -0.03
65  0.3493  0.001 0.02053 0.01565 0.01843    0    0 -0.03
4  0.3573  0.001 0.01626 0.01686 0.01843    0    0 -0.03
68  0.3684  0.001 0.0222 0.02101 0.01843    0    0 -0.03
37  0.3704  0.001 0.01944 0.01617 0.01843    0    0 -0.03
47  0.3822  0.001 0.02229 0.01842 0.01843    0    0 -0.03
59  0.3846  0.001 0.02068 0.01794 0.01843    0    0 -0.03
8  0.39  0.001 0.02325 0.01895 0.01843    0    0 -0.03
16  0.3921  0.001 0.0164 0.01659 0.01843    0    0 -0.03
3  0.3979  0.001 0.02304 0.02012 0.01843    0    0 -0.03
69  0.4002  0.001 0.0174 0.0211 0.01843    0    0 -0.03
6  0.4028  0.001 0.01539 0.01549 0.01726 0.1133 0.09572 -0.2469
14  0.409  0.001 0.01703 0.02308 0.01843    0    0 -0.03
11  0.4182  0.001 0.01504 0.01872 0.01843    0    0 -0.03
51  0.4278  0.001 0.01577 0.01801 0.01843    0    0 -0.03
66  0.4369  0.001 0.02205 0.01867 0.01843    0    0 -0.03
44  0.4394  0.001 0.01863 0.01723 0.01843    0    0 -0.03
15  0.4411  0.001 0.02053 0.01703 0.01843    0    0 -0.03
46  0.4469  0.001 0.01998 0.02162 0.01843    0    0 -0.03
75  0.4525  0.001 0.01804 0.0197 0.01843    0    0 -0.03
56  0.457  0.001 0.0234 0.01844 0.01843    0    0 -0.03
73  0.4616  0.001 0.01833 0.02209 0.01843    0    0 -0.03
48  0.4689  0.001 0.02045 0.01485 0.01843    0    0 -0.03
55  0.4808  0.001 0.02214 0.02212 0.01843    0    0 -0.03
72  0.4897  0.001 0.01511 0.01696 0.01843    0    0 -0.03
26  0.4913  0.001 0.01705 0.02098 0.01843    0    0 -0.03
67  0.4993  0.001 0.02234 0.01837 0.01843    0    0 -0.03
22  0.5026  0.001 0.01862 0.01522 0.01843    0    0 -0.03
71  0.509  0.001 0.01692 0.01946 0.01843    0    0 -0.03
63  0.5135  0.001 0.02206 0.02045 0.01843    0    0 -0.03
106  0.5265  0.001 0.01501 0.0202 0.01843    0    0 -0.03
144  0.5291  0.001 0.01837 0.0211 0.01843    0    0 -0.03
92  0.5337  0.001 0.01659 0.02234 0.01843    0    0 -0.03
122  0.5356  0.001 0.02023 0.02212 0.01843    0    0 -0.03
120  0.5381  0.001 0.02036 0.01752 0.01843    0    0 -0.03
84  0.5471  0.001 0.01894 0.01545 0.01843    0    0 -0.03
96  0.5535  0.001 0.01697 0.01686 0.01843    0    0 -0.03
108  0.5542  0.001 0.02163 0.01831 0.01843    0    0 -0.03
149  0.5544  0.001 0.0201 0.01543 0.01843    0    0 -0.03
137  0.5562  0.001 0.01795 0.01557 0.01843    0    0 -0.03
141  0.5631  0.001 0.01952 0.01848 0.01843    0    0 -0.03
107  0.5639  0.001 0.01872 0.02302 0.01843    0    0 -0.03
109  0.572  0.001 0.0202 0.02018 0.01843    0    0 -0.03
113  0.573  0.001 0.01545 0.0212 0.01843    0    0 -0.03
110  0.5976  0.001 0.01617 0.01891 0.01843    0    0 -0.03
125  0.5988  0.001 0.02111 0.01615 0.01843    0    0 -0.03
102  0.6077  0.001 0.01883 0.0192 0.01843    0    0 -0.03
104  0.6083  0.001 0.01871 0.02356 0.01843    0    0 -0.03
89  0.6105  0.001 0.0211 0.02097 0.01843    0    0 -0.03
105  0.618  0.001 0.01616 0.01567 0.01843    0    0 -0.03
91  0.6346  0.001 0.01611 0.01765 0.01843    0    0 -0.03
133  0.636  0.001 0.02157 0.02285 0.01843    0    0 -0.03
81  0.6556  0.001 0.02044 0.01858 0.01843    0    0 -0.03
134  0.6719  0.001 0.02107 0.01709 0.01843    0    0 -0.03
87  0.6721  0.001 0.01688 0.01696 0.01843    0    0 -0.03
118  0.6764  0.001 0.02296 0.01804 0.01843    0    0 -0.03
116  0.6768  0.001 0.01763 0.0152 0.01843    0    0 -0.03
104  0.6771  0.001 0.01723 0.01917 0.01843 0.07569 -0.2697 -0.2395
123  0.6784  0.001 0.01871 0.01898 0.01843    0    0 -0.03
121  0.6788  0.001 0.0216 0.01586 0.01843    0    0 -0.03
95  0.7185  0.001 0.02038 0.02328 0.01843    0    0 -0.03
54  0.7226  0.001 0.02036 0.02097 0.01843 0.01114 0.08846 -0.1541
114  0.7248  0.001 0.0173 0.0233 0.01843    0    0 -0.03
38  0.7309  0.001 0.0206 0.02234 0.01843 0.08888 0.02224 -0.271
145  0.7397  0.001 0.01884 0.02237 0.01843    0    0 -0.03
130  0.7423  0.001 0.01968 0.01637 0.01843    0    0 -0.03
79  0.747  0.001 0.02127 0.02095 0.01843    0    0 -0.03
128  0.7485  0.001 0.02047 0.0195 0.01843    0    0 -0.03
117  0.7492  0.001 0.01842 0.02092 0.01843    0    0 -0.03
139  0.7534  0.001 0.01864 0.01738 0.01843    0    0 -0.03
115  0.7593  0.001 0.01616 0.02247 0.01843    0    0 -0.03
129  0.7609  0.001 0.01603 0.01891 0.01843    0    0 -0.03
146  0.765  0.001 0.01709 0.01522 0.01843    0    0 -0.03
93  0.7689  0.001 0.01747 0.0199 0.01843    0    0 -0.03
147  0.774  0.001 0.01953 0.01867 0.01843    0    0 -0.03
86  0.7773  0.001 0.01984 0.01551 0.01843    0    0 -0.03
99  0.7819  0.001 0.01822 0.02322 0.01843    0    0 -0.03
94  0.7848  0.001 0.01789 0.01638 0.01843    0    0 -0.03
135  0.7951  0.001 0.02356 0.01891 0.01843    0    0 -0.03
140  0.8027  0.001 0.01684 0.01964 0.01843    0    0 -0.03
101  0.8077  0.001 0.01587 0.0178 0.01843    0    0 -0.03
103  0.8119  0.001 0.01737 0.02071 0.01843    0    0 -0.03
82  0.8211  0.001 0.01815 0.02239 0.01843    0    0 -0.03
97  0.8256  0.001 0.0159 0.02084 0.01843    0    0 -0.03
112  0.8296  0.001 0.01747 0.01859 0.01843    0    0 -0.03
136  0.85  0.001 0.01876 0.02127 0.01843    0    0 -0.03
80  0.8554  0.001 0.01688 0.0213 0.01843    0    0 -0.03
148  0.8566  0.001 0.0162 0.01826 0.01843    0    0 -0.03
142  0.8648  0.001 0.02314 0.01765 0.01843    0    0 -0.03
76  0.8696  0.001 0.01562 0.02101 0.01843    0    0 -0.03
98  0.8721  0.001 0.02262 0.01886 0.01843    0    0 -0.03
111  0.875  0.001 0.01639 0.01582 0.01843    0    0 -0.03
126  0.8768  0.001 0.01744 0.01849 0.01843    0    0 -0.03
78  0.9043  0.001 0.0198 0.02115 0.01843    0    0 -0.03
150  0.9074  0.001 0.0228 0.02163 0.01843    0    0 -0.03
124  0.9214  0.001 0.02183 0.01624 0.01843    0    0 -0.03
83  0.9277  0.001 0.01999 0.02003 0.01843    0    0 -0.03
88  0.9301  0.001 0.01595 0.01801 0.01843    0    0 -0.03
38  0.9332  0.001 0.02086 0.01908 0.01843 -0.04519 -0.1308 -0.03426
150  0.9358  0.001 0.0236 0.01987 0.01843 0.08532 -0.09231 -0.09117
119  0.9463  0.001 0.01754 0.02335 0.01843    0    0 -0.03
132  0.953  0.001 0.01898 0.02029 0.01843    0    0 -0.03
90  0.9595  0.001 0.01851 0.01681 0.01843    0    0 -0.03
126  0.9664  0.001 0.0145 0.01996 0.01843 0.07688 0.008225 -0.08922
100  0.9821  0.001 0.02119 0.02175 0.01843    0    0 -0.03
77  0.9915  0.001 0.01958 0.02208 0.01843    0    0 -0.03
143  0.9978  0.001 0.01989 0.01651 0.01843    0    0 -0.03
85  0.999  0.001 0.01635 0.01953 0.01843    0    0 -0.03
127  1.001  0.001 0.02103 0.02089 0.01843    0    0 -0.03
131  1.002  0.001 0.0197 0.01944 0.01843    0    0 -0.03
138  1.016  0.001 0.02133 0.01814 0.01843    0    0 -0.03
177  1.021  0.001 0.01563 0.01933 0.01843    0    0 -0.03
162  1.023  0.001 0.02088 0.01981 0.01843    0    0 -0.03
49  1.027  0.001 0.02249 0.02117 0.01746 -0.007219 -0.08099 0.02807
151  1.027  0.001 0.02088 0.02226 0.01843    0    0 -0.03
205  1.028  0.001 0.01813 0.01548 0.01843    0    0 -0.03
157  1.028  0.001 0.01647 0.02102 0.01843    0    0 -0.03
155  1.03  0.001 0.01488 0.01786 0.01843    0    0 -0.03
163  1.035  0.001 0.01816 0.02008 0.01843    0    0 -0.03
191  1.041  0.001 0.02293 0.02082 0.01843    0    0 -0.03
206  1.052  0.001 0.0163 0.01863 0.01843    0    0 -0.03
195  1.056  0.001 0.02201 0.0177 0.01843    0    0 -0.03
196  1.061  0.001 0.01973 0.01501 0.01843    0    0 -0.03
213  1.064  0.001 0.01732 0.01709 0.01843    0    0 -0.03
222  1.078  0.001 0.0179 0.01556 0.01843    0    0 -0.03
188  1.083  0.001 0.0234 0.02 0.01843    0    0 -0.03
208  1.083  0.001 0.0213 0.01657 0.01843    0    0 -0.03
88  1.092  0.001 0.02016 0.01407 0.01797 0.06076 0.03813 0.09241
222  1.106  0.001 0.01792 0.01752 0.01843 0.0009624 0.1108 -0.03412
173  1.111  0.001 0.01803 0.01874 0.01843    0    0 -0.03
214  1.111  0.001 0.0207 0.01582 0.01843    0    0 -0.03
215  1.115  0.001 0.02124 0.01752 0.01843    0    0 -0.03
198  1.116  0.001 0.02328 0.01916 0.01843    0    0 -0.03
175  1.123  0.001 0.01517 0.02014 0.01843    0    0 -0.03
160  1.141  0.001 0.01716 0.02143 0.01843    0    0 -0.03
168  1.143  0.001 0.02311 0.01818 0.01843    0    0 -0.03
201  1.144  0.001 0.02043 0.0181 0.01843    0    0 -0.03
179  1.145  0.001 0.02045 0.01613 0.01843    0    0 -0.03
185  1.147  0.001 0.02044 0.01975 0.01843    0    0 -0.03
174  1.149  0.001 0.01485 0.01799 0.01843    0    0 -0.03
210  1.152  0.001 0.01545 0.01635 0.01843    0    0 -0.03
224  1.159  0.001 0.01555 0.02204 0.01843    0    0 -0.03
33  1.161  0.001 0.02242 0.02263 0.01763 0.05578 -0.1697 0.298
203  1.17  0.001 0.02037 0.01475 0.01843    0    0 -0.03
33  1.179  0.001 0.02214 0.02236 0.01843 -0.08816 0.146 -0.2157
166  1.189  0.001 0.02194 0.01688 0.01843    0    0 -0.03
187  1.207  0.001 0.01912 0.0195 0.01843    0    0 -0.03
151  1.208  0.001 0.02301 0.02228 0.01829 -0.0607 -0.06546 -0.1734
193  1.211  0.001 0.01704 0.01575 0.01843    0    0 -0.03
182  1.212  0.001 0.01778 0.02281 0.01843    0    0 -0.03
156  1.212  0.001 0.01853 0.0157 0.01843    0    0 -0.03
161  1.213  0.001 0.01618 0.01691 0.01843    0    0 -0.03
153  1.213  0.001 0.0196 0.0204 0.01843    0    0 -0.03
212  1.214  0.001 0.02063 0.022 0.01843    0    0 -0.03
225  1.215  0.001 0.01457 0.01927 0.01843    0    0 -0.03
197  1.217  0.001 0.02066 0.01944 0.01843    0    0 -0.03
170  1.226  0.001 0.01495 0.01817 0.01843    0    0 -0.03
202  1.241  0.001 0.0233 0.0203 0.01843    0    0 -0.03
211  1.249  0.001 0.01976 0.01616 0.01843    0    0 -0.03
209  1.25  0.001 0.02125 0.01911 0.01843    0    0 -0.03
152  1.25  0.001 0.01667 0.02145 0.01843    0    0 -0.03
183  1.25  0.001 0.0176 0.02316 0.01843    0    0 -0.03
153  1.263  0.001 0.01603 0.01954 0.01843 -0.1763 0.1118 -0.2485
221  1.263  0.001 0.01965 0.01918 0.01843    0    0 -0.03
212  1.264  0.001 0.02001 0.02203 0.01843 0.03299 0.12 -0.2355
165  1.266  0.001 0.0183 0.01678 0.01843    0    0 -0.03
226  1.271  0.001 0.01884 0.02323 0.01843    0    0 -0.03
171  1.282  0.001 0.01543 0.01798 0.01843    0    0 -0.03
194  1.282  0.001 0.02067 0.01857 0.01843    0    0 -0.03
219  1.293  0.001 0.02269 0.01654 0.01843    0    0 -0.03
167  1.303  0.001 0.02181 0.01962 0.01843    0    0 -0.03
181  1.304  0.001 0.02097 0.01708 0.01843    0    0 -0.03
153  1.304  0.001 0.01663 0.02003 0.01843 -0.02826 0.09822 -0.093
132  1.308  0.001 0.01712 0.01956 0.01843 -0.09065 -0.4131 -0.4644
183  1.309  0.001 0.02263 0.0222 0.01843 0.03943 -0.1117 -0.01038
145  1.312  0.001 0.01891 0.02272 0.01843 0.03341 -0.0134 -0.02965
112  1.312  0.001 0.01725 0.02101 0.01843 -0.0109 -0.02842 -0.0346
226  1.318  0.001 0.0224 0.0229 0.01786 -0.02665 -0.04799 -0.1051
175  1.318  0.001 0.01404 0.01913 0.01843 -0.0523 -0.08275 -0.06983
204  1.322  0.001 0.01698 0.01854 0.01843    0    0 -0.03
184  1.324  0.001 0.01955 0.02079 0.01843    0    0 -0.03
182  1.336  0.001 0.01687 0.02319 0.01843 -0.00766 0.01298 -0.205
164  1.336  0.001 0.01656 0.01692 0.01843    0    0 -0.03
33  1.341  0.001 0.02023 0.02337 0.01843 0.06276 0.1497 -0.1468
158  1.345  0.001 0.017 0.02139 0.01843    0    0 -0.03
217  1.355  0.001 0.0172 0.02031 0.01843    0    0 -0.03
221  1.361  0.001 0.01657 0.01459 0.0177 0.05063 0.04459 -0.0673
189  1.367  0.001 0.021 0.01928 0.01843    0    0 -0.03
159  1.37  0.001 0.01984 0.02264 0.01843    0    0 -0.03
99  1.373  0.001 0.02371 0.02112 0.01791 -0.01718 -0.08377 0.01231
216  1.39  0.001 0.02136 0.01577 0.01843    0    0 -0.03
55  1.392  0.001 0.02384 0.02081 0.01777 -0.1161 -0.8749 1.064
207  1.398  0.001 0.0211 0.01768 0.01843    0    0 -0.03
55  1.399  0.001 0.02355 0.01898 0.01843 0.162 -0.2215 -0.2766
172  1.401  0.001 0.01568 0.0187 0.01843    0    0 -0.03
159  1.409  0.001 0.01982 0.0184 0.01843 -0.0004818 -0.1627 -0.07847
180  1.412  0.001 0.0201 0.01536 0.01843    0    0 -0.03
200  1.424  0.001 0.022 0.02034 0.01843    0    0 -0.03
154  1.434  0.001 0.01853 0.02202 0.01843    0    0 -0.03
77  1.445  0.001 0.02333 0.02142 0.01843 0.123 -0.01023 -0.05866
199  1.447  0.001 0.01941 0.01807 0.01843    0    0 -0.03
220  1.45  0.001 0.02103 0.02249 0.01843    0    0 -0.03
186  1.45  0.001 0.02247 0.01982 0.01843    0    0 -0.03
190  1.452  0.001 0.01767 0.02069 0.01843    0    0 -0.03
192  1.461  0.001 0.01876 0.01662 0.01843    0    0 -0.03
169  1.471  0.001 0.01809 0.02195 0.01843    0    0 -0.03
223  1.494  0.001 0.02161 0.01895 0.01843    0    0 -0.03
178  1.498  0.001 0.0212 0.01539 0.01843    0    0 -0.03
176  1.504  0.001 0.01899 0.02345 0.01843    0    0 -0.03
218  1.504  0.001 0.01543 0.02166 0.01843    0    0 -0.03
262  1.523  0.001 0.01484 0.01752 0.01843    0    0 -0.03
279  1.525  0.001 0.01948 0.02148 0.01843    0    0 -0.03
293  1.53  0.001 0.01654 0.01597 0.01843    0    0 -0.03
212  1.536  0.001 0.01949 0.02335 0.01843 0.2809 0.4087 -0.08827
264  1.538  0.001 0.0201 0.01537 0.01843    0    0 -0.03
184  1.539  0.001 0.01916 0.01873 0.01843 -0.2307 0.07352 -0.2498
212  1.539  0.001 0.01942 0.02358 0.01843 -0.1717 0.02963 -0.2178
266  1.543  0.001 0.0229 0.01804 0.01843    0    0 -0.03
144  1.547  0.001 0.01924 0.02091 0.01748 -0.02738 -0.1333 0.1214
117  1.556  0.001 0.01662 0.01956 0.01843 -0.1503 -0.1432 -0.0821
270  1.559  0.001 0.01902 0.02273 0.01843    0    0 -0.03
169  1.562  0.001 0.01499 0.01784 0.01843 -0.1394 0.4069 -0.7067
184  1.565  0.001 0.01563 0.01775 0.01843 -0.1318 -0.0748 -0.08591
29  1.566  0.001 0.0224 0.0207 0.01843 0.1035 -0.05812 -0.09789
235  1.567  0.001 0.01965 0.01827 0.01843    0    0 -0.03
279  1.568  0.001 0.01762 0.01903 0.01843 -0.02088 0.08522 -0.1827
185  1.574  0.001 0.01879 0.01585 0.01843 0.03036 -0.004097 -0.2169
150  1.575  0.001 0.0218 0.01648 0.01843 -0.04666 -0.01038 -0.239
294  1.576  0.001 0.0202 0.02347 0.01843    0    0 -0.03
191  1.577  0.001 0.0204 0.01987 0.01843 0.04627 -0.02549 -0.1166
167  1.577  0.001 0.02286 0.01865 0.01843 0.03891 -0.04319 -0.1242
98  1.578  0.001 0.02005 0.01733 0.01843 -0.06254 -0.06084 -0.1433
208  1.58  0.001 0.02314 0.01722 0.01843 0.05271 -0.07137 -0.1394
263  1.59  0.001 0.01609 0.02165 0.01843    0    0 -0.03
267  1.591  0.001 0.01808 0.01685 0.01843    0    0 -0.03
147  1.591  0.001 0.01845 0.01403 0.01843 0.04244 -0.0826 -0.2009
275  1.593  0.001 0.01511 0.01726 0.01843    0    0 -0.03
33  1.594  0.001 0.02132 0.01707 0.01843 0.06814 0.07513 -0.1472
189  1.594  0.001 0.02188 0.0148 0.01802 -0.003189 0.0557 -0.02642
132  1.594  0.001 0.01514 0.01577 0.01774 0.05604 0.03395 -0.1494
250  1.597  0.001 0.01988 0.02079 0.01843    0    0 -0.03
148  1.598  0.001 0.01676 0.01898 0.01843 -0.08111 -0.09981 -0.1185
233   1.6  0.001 0.01578 0.01975 0.01843    0    0 -0.03
268  1.601  0.001 0.02006 0.01532 0.01843    0    0 -0.03
154  1.603  0.001 0.02347 0.02159 0.01772 -0.02652 -0.02768 -0.02609
177  1.606  0.001 0.01732 0.02102 0.01843 -0.03093 -0.05862 -0.1114
4  1.606  0.001 0.01818 0.02386 0.01843 -0.05648 0.0184 -0.1677
204  1.616  0.001 0.02074 0.01977 0.01843 0.07938 0.08575 -0.3823
54  1.623  0.001 0.01819 0.01858 0.01843 -0.002847 -0.06109 -0.195
237  1.637  0.001 0.01795 0.01586 0.01843    0    0 -0.03
238  1.637  0.001 0.01694 0.02189 0.01843    0    0 -0.03
292  1.64  0.001 0.01773 0.0177 0.01843    0    0 -0.03
255  1.644  0.001 0.01719 0.02313 0.01843    0    0 -0.03
271  1.645  0.001 0.01647 0.0162 0.01843    0    0 -0.03
226  1.647  0.001 0.02416 0.01905 0.01779 -0.05809 -0.07181 0.05732
230  1.65  0.001 0.01836 0.02136 0.01843    0    0 -0.03
299  1.653  0.001 0.02195 0.01639 0.01843    0    0 -0.03
265  1.658  0.001 0.01919 0.0236 0.01843    0    0 -0.03
232  1.665  0.001 0.01619 0.02008 0.01843    0    0 -0.03
272  1.667  0.001 0.02155 0.01829 0.01843    0    0 -0.03
243  1.68  0.001 0.02263 0.01883 0.01843    0    0 -0.03
296  1.68  0.001 0.02018 0.01805 0.01843    0    0 -0.03
278  1.693  0.001 0.01954 0.02066 0.01843    0    0 -0.03
276  1.706  0.001 0.01594 0.01794 0.01843    0    0 -0.03
159  1.714  0.001 0.02134 0.01609 0.01843 -0.1504 0.2122 -0.02699
285  1.735  0.001 0.01722 0.01803 0.01843    0    0 -0.03
257  1.739  0.001 0.02167 0.02044 0.01843    0    0 -0.03
93  1.742  0.001 0.01817 0.02408 0.01748 0.1034 -0.03256 -0.009331
230  1.743  0.001 0.02396 0.02044 0.01749 -0.02011 -0.01012 -0.02305
281  1.752  0.001 0.01771 0.01514 0.01843    0    0 -0.03
129  1.753  0.001 0.02113 0.01902 0.01843 0.03203 -0.2339 -0.1725
72  1.753  0.001 0.02352 0.01892 0.01843 0.04602 -0.04608 -0.05023
126  1.754  0.001 0.017 0.02091 0.01843 0.02675 0.04403 -0.2191
291  1.755  0.001 0.01622 0.01644 0.01843    0    0 -0.03
244  1.763  0.001 0.02016 0.02316 0.01843    0    0 -0.03
286  1.766  0.001 0.0195 0.01699 0.01843    0    0 -0.03
261  1.786  0.001 0.02055 0.0176 0.01843    0    0 -0.03
258  1.794  0.001 0.02219 0.02125 0.01843    0    0 -0.03
298  1.799  0.001 0.01606 0.01978 0.01843    0    0 -0.03
300  1.801  0.001 0.01518 0.02089 0.01843    0    0 -0.03
274  1.807  0.001 0.0213 0.02224 0.01843    0    0 -0.03
246  1.818  0.001 0.01715 0.01514 0.01843    0    0 -0.03
234  1.822  0.001 0.01783 0.01705 0.01843    0    0 -0.03
189  1.824  0.001 0.01805 0.01566 0.01843 -0.09284 0.02339 -0.06704
247  1.825  0.001 0.01931 0.01853 0.01843    0    0 -0.03
252  1.83  0.001 0.01967 0.01625 0.01843    0    0 -0.03
241  1.831  0.001 0.02201 0.01985 0.01843    0    0 -0.03
277  1.837  0.001 0.01497 0.01833 0.01843    0    0 -0.03
251  1.84  0.001 0.01576 0.0207 0.01843    0    0 -0.03
229  1.842  0.001 0.01809 0.01841 0.01843    0    0 -0.03
280  1.845  0.001 0.02149 0.01852 0.01843    0    0 -0.03
283  1.846  0.001 0.01602 0.01569 0.01843    0    0 -0.03
245  1.85  0.001 0.02069 0.02323 0.01843    0    0 -0.03
287  1.851  0.001 0.01844 0.0214 0.01843    0    0 -0.03
269  1.853  0.001 0.02068 0.017 0.01843    0    0 -0.03
256  1.855  0.001 0.02087 0.02195 0.01843    0    0 -0.03
253  1.86  0.001 0.01849 0.02026 0.01843    0    0 -0.03
284  1.861  0.001 0.01489 0.01935 0.01843    0    0 -0.03
231  1.869  0.001 0.02158 0.01753 0.01843    0    0 -0.03
278  1.87  0.001 0.02116 0.02339 0.01843 -0.03954 0.002574 -0.07355
204  1.874  0.001 0.01987 0.02222 0.01843 0.05122 0.03978 -0.08399
177  1.874  0.001 0.01603 0.0223 0.01843 -0.1242 0.01678 -0.04117
239  1.877  0.001 0.01937 0.02316 0.01843    0    0 -0.03
257  1.879  0.001 0.01848 0.01894 0.01843 -0.008382 -0.05507 -0.1246
247  1.879  0.001 0.01898 0.01463 0.01843 -0.02978 -0.1612 -0.09209
256  1.881  0.001 0.02209 0.02167 0.01843 0.06231 -0.0118 -0.08453
289  1.881  0.001 0.02102 0.01621 0.01843    0    0 -0.03
287  1.882  0.001 0.01746 0.02154 0.01843 -0.04611 -0.03199 -0.1632
156  1.887  0.001 0.02258 0.0187 0.01843 0.08606 -0.06426 -0.1101
259  1.887  0.001 0.0174 0.02303 0.01843    0    0 -0.03
260  1.889  0.001 0.01967 0.0186 0.01843    0    0 -0.03
196  1.892  0.001 0.02109 0.02044 0.01843 0.02247 -0.02393 -0.1206
227  1.897  0.001 0.01889 0.02041 0.01843    0    0 -0.03
254  1.904  0.001 0.01736 0.01864 0.01843    0    0 -0.03
249  1.908  0.001 0.01572 0.01929 0.01843    0    0 -0.03
33  1.912  0.001 0.01556 0.01805 0.01843 -0.06395 -0.06159 -0.114
278  1.915  0.001 0.02224 0.02105 0.01843 0.05657 -0.06505 -0.07787
236  1.918  0.001 0.01918 0.02217 0.01843    0    0 -0.03
282  1.928  0.001 0.01855 0.01842 0.01843    0    0 -0.03
278  1.932  0.001 0.02266 0.02099 0.01843 0.01068 0.008503 -0.02127
288  1.934  0.001 0.01887 0.01494 0.01843    0    0 -0.03
248  1.934  0.001 0.02294 0.01818 0.01843    0    0 -0.03
242  1.95  0.001 0.02003 0.02198 0.01843    0    0 -0.03
16  1.957  0.001 0.02414 0.01938 0.01774 -0.0643 0.01922 -0.08219
240  1.967  0.001 0.01714 0.01984 0.01843    0    0 -0.03
228  1.989  0.001 0.02089 0.01773 0.01843    0    0 -0.03
290  1.998  0.001 0.01561 0.01644 0.01843    0    0 -0.03
278     2  0.001 0.02279 0.02135 0.01843 0.0005724 0.01855 -0.002835
297  2.005  0.001 0.0198 0.02306 0.01843    0    0 -0.08116
295  2.006  0.001 0.02026 0.01585 0.01843    0    0 -0.09004
273  2.007  0.001 0.01747 0.0179 0.01843    0    0 -0.09562
92  2.019  0.001 0.02152 0.01459 0.01771 -0.1013 0.2018 -0.4562
275  2.193  0.001 0.01899 0.02415 0.01819 -0.01379 -0.03136 -0.02433
202  2.252  0.001 0.02194 0.02255 0.01751 -0.02332 0.0143 0.1485
99  2.258  0.001 0.02285 0.01967 0.01743 -0.008694 -0.04059 -0.003442
101  2.274  0.001 0.01928 0.0199 0.01843 -0.08408 -0.04995 -0.1072
202  2.274  0.001 0.02131 0.02283 0.01843 -0.03403 0.01277 -0.06115
127  2.276  0.001 0.0237 0.01734 0.01772 0.0436 -0.09794 0.08352
196  2.277  0.001 0.02232 0.02265 0.01843 -0.04961 -0.009789 -0.08983
214  2.278  0.001 0.02096 0.0172 0.01843 -0.03494 -0.1196 -0.1078
75  2.317  0.001 0.02077 0.02028 0.01843 -0.03075 -0.06316 -0.1359
79  2.382  0.001 0.0229 0.01755 0.01755 -0.06183 -0.1662 0.1693
150  2.407  0.001 0.01998 0.01796 0.01843 -0.1083 -0.107 -0.07232
134  2.411  0.001 0.02147 0.01678 0.01843 -0.06824 -0.1057 -0.1094
183  2.413  0.001 0.01681 0.01473 0.01843 -0.171 -0.1571 -0.1215
264  2.422  0.001 0.01595 0.01991 0.01843 -0.1471 -0.02462 -0.1749
246  2.434  0.001 0.02359 0.01813 0.01744 -0.2023 0.3748 0.173
99  2.437  0.001 0.018 0.01406 0.01802 0.01184 0.06374 -0.2115
275  2.44  0.001 0.01672 0.02359 0.0184 -0.0004678 -0.03805 -0.03917
246  2.478  0.001 0.0163 0.02225 0.01843 -0.05234 -0.04552 -0.03364
275  2.491  0.001 0.0167 0.02355 0.01843 0.01712 -0.01538 -0.02571
203  2.542  0.001 0.02092 0.0143 0.01747 -0.06335 0.0358 -0.2109
244  2.584  0.001 0.02375 0.02104 0.01761 -0.07049 0.003329 0.001796
278  2.613  0.001 0.02176 0.02184 0.01756 -0.1772 0.07091 0.2791
204  2.63  0.001 0.01902 0.02373 0.01843 -0.08458 0.1002 -0.0717
278  2.638  0.001 0.01962 0.02307 0.01843 -0.003454 -0.0102 -0.07816
200  2.65  0.001 0.02276 0.02255 0.01747 0.05038 -0.0835 0.2343
230  2.652  0.001 0.0194 0.01541 0.01744 0.03726 -0.1703 0.09694
73  2.659  0.001 0.02113 0.02288 0.01843 -0.03634 0.00714 -0.2333
204  2.66  0.001 0.01861 0.02398 0.01843 0.01905 0.015 -0.01702
130  2.663  0.001 0.01777 0.01838 0.01843 -0.05243 -0.05915 -0.0237
14  2.667  0.001 0.01911 0.02234 0.01843 -0.0005515 -0.01471 -0.01789
260  2.669  0.001 0.02228 0.01837 0.01843 0.02204 -0.1172 -0.04525
278  2.67  0.001 0.01983 0.02372 0.01843 0.05216 0.006087 -0.09116
41  2.671  0.001 0.01977 0.02181 0.01747 -0.05909 -0.0941 0.03848
254  2.674  0.001 0.01544 0.01778 0.01843 -0.1059 -0.09525 -0.09153
240  2.674  0.001 0.01498 0.01923 0.01843 -0.144 -0.06739 -0.1085
47  2.677  0.001 0.01847 0.01836 0.01843 -0.05868 -0.1247 -0.0985
22  2.692  0.001 0.01861 0.01643 0.01843 0.0188 -0.07651 -0.02846
181  2.693  0.001 0.01866 0.0234 0.01843 0.02576 -0.009353 -0.019
280  2.698  0.001 0.01814 0.01683 0.01843 -0.05162 -0.03824 -0.1637
49  2.699  0.001 0.02046 0.02154 0.01785 -0.1594 -0.2582 0.667
44  2.701  0.001 0.01543 0.01997 0.01843 -0.05933 0.02784 -0.02672
210  2.707  0.001 0.01712 0.02015 0.01843 -0.007698 -0.004376 -0.07671
257  2.71  0.001 0.0142 0.01747 0.0175 0.07738 -0.00372 -0.1416
211  2.715  0.001 0.02236 0.02294 0.01756 -0.06343 -0.04413 -0.1689
204  2.718  0.001 0.01962 0.02316 0.01843 0.006998 -0.02328 -0.05074
235  2.718  0.001 0.01727 0.0211 0.01843 -0.03458 0.01032 -0.03808
29  2.722  0.001 0.01447 0.01681 0.01756 0.08286 -0.000235 -0.2042
162  2.725  0.001 0.02366 0.01889 0.01843 0.05973 -0.1324 -0.0665
200  2.726  0.001 0.02409 0.01826 0.01754 -0.03044 -0.004972 -0.02965
259  2.73  0.001 0.0162 0.02222 0.01843 -0.05658 -0.04509 -0.1414
181  2.735  0.001 0.01878 0.02053 0.01843 0.01706 -0.03484 -0.04856
27  2.741  0.001 0.01941 0.01396 0.01808 -0.02086 0.05805 -0.07907
278  2.744  0.001 0.01853 0.01854 0.01843 -0.03609 -0.09883 -0.1974
270  2.752  0.001 0.0183 0.0241 0.01807 0.03183 -0.03248 -0.02221
283  2.773  0.001 0.01396 0.01868 0.01771 0.1729 -0.1456 -0.02863
56  2.774  0.001 0.02304 0.02079 0.01765 -0.8341 0.1536 1.467
39  2.774  0.001 0.02069 0.01422 0.01819 -0.01252 0.06516 -0.1711
126  2.786  0.001 0.01691 0.01946 0.01843 -0.06119 -0.07083 -0.13
208  2.788  0.001 0.02258 0.01537 0.01755 -0.04926 0.1726 -0.239
34  2.811  0.001 0.01791 0.01408 0.01757 -0.0344 0.08752 -0.04514
197  2.823  0.001 0.02188 0.02222 0.01755 0.1628 0.03991 0.2024
83  2.832  0.001 0.02125 0.01445 0.01762 -0.03745 0.09307 0.03459
261  2.84  0.001 0.01403 0.01998 0.01835 0.1009 -0.04933 -0.07949
297  2.848  0.001 0.02036 0.01412 0.0175 0.01175 0.067 -0.0009253
49  2.86  0.001 0.01668 0.01453 0.01782 0.03527 0.08388 0.008643
42  2.868  0.001 0.01991 0.01785 0.01843 -0.1368 -0.0003068 -0.1472
200  2.873  0.001 0.01841 0.0191 0.01843 -0.1073 -0.04167 -0.1328
236  2.885  0.001 0.02 0.02312 0.01843 -0.01299 0.07131 -0.17
287  2.898  0.001 0.01954 0.01901 0.01843 0.03825 -0.08091 -0.07114
275  2.907  0.001 0.01802 0.01856 0.01843 -0.002739 -0.0472 -0.4294
275  2.937  0.001 0.02079 0.01547 0.01843 0.09692 -0.1047 -0.1139
190  2.953  0.001 0.01617 0.01601 0.01843 -0.06432 -0.1236 -0.1419
143  2.955  0.001 0.02067 0.01568 0.01843 0.02699 -0.1204 -0.1595
193  2.974  0.001 0.02244 0.02287 0.01775 -0.04935 -0.04251 0.02852
46  2.976  0.001 0.02402 0.01788 0.01748 -0.06126 -0.03655 -0.08104
83  3.008  0.001 0.01955 0.016 0.01843 -0.04107 -0.008109 -0.07971
261  3.017  0.001 0.0155 0.01806 0.01843 0.0008067 -0.05027 -0.1828
297  3.019  0.001 0.01646 0.01522 0.01843 -0.07864 -0.01027 -0.1611
128  3.052  0.001 0.02262 0.02209 0.01746 -0.04741 -0.0992 0.1593
270  3.063  0.001 0.02326 0.02179 0.01843 -0.002728 0.00631 -0.06551
127  3.066  0.001 0.01855 0.01653 0.01843 -0.1006 -0.0957 -0.1144
95  3.071  0.001 0.0235 0.02049 0.01744 -0.01977 -0.02059 0.01811
12  3.088  0.001 0.01697 0.02152 0.01843 0.0313 -0.08624 -0.1123
267  3.099  0.001 0.02124 0.01587 0.01762 -0.2622 -0.07007 0.5745
137  3.099  0.001 0.01747 0.01427 0.01843 0.02012 0.08581 -0.1786
239  3.101  0.001 0.02086 0.02319 0.01843 0.007759 -9.019e-05 -0.0931
106  3.102  0.001 0.01934 0.02335 0.01843 0.016 0.003552 -0.08953
177  3.106  0.001 0.01406 0.01998 0.01745 0.009223 -0.03354 0.0185
187  3.128  0.001 0.01501 0.01635 0.01843 -0.02335 -0.04407 -0.272
258  3.128  0.001 0.02188 0.01699 0.01758 0.1304 -0.008746 0.1146
236  3.157  0.001 0.02047 0.01871 0.01843 0.008374 -0.05553 -0.1275
193  3.165  0.001 0.02129 0.01858 0.01843 -0.002459 -0.05579 -0.4394
187  3.168  0.001 0.0167 0.02077 0.01843 0.1006 0.1712 -0.05585
26  3.18  0.001 0.01948 0.01531 0.01843 -0.04788 0.002238 -0.2531
52  3.226  0.001 0.02341 0.0181 0.01744 0.004219 0.02429 0.006644
199  3.235  0.001 0.01738 0.02243 0.01843 -0.04682 -0.0002636 -0.1112
267  3.237  0.001 0.01412 0.01807 0.01744 0.00136 0.01695 0.07313
187  3.239  0.001 0.01478 0.02109 0.01843 -0.1017 -0.03528 -0.1583
5  3.26  0.001 0.02231 0.0188 0.01744 0.008704 0.0136 0.02042
177  3.261  0.001 0.01461 0.01716 0.01843 0.009301 -0.09743 -0.08227
243  3.293  0.001 0.01924 0.02069 0.01748 -0.009545 -0.05586 0.1328
116  3.309  0.001 0.02128 0.02142 0.01843 0.02383 -0.01241 -0.07111
12  3.31  0.001 0.01695 0.01959 0.01843 -0.05628 -0.07584 -0.01434
290  3.311  0.001 0.02107 0.01436 0.01762 -0.04756 0.06907 -0.2089
1  3.365  0.001 0.02274 0.01864 0.01756 -0.2386 -0.06319 0.3914
144  3.367  0.001 0.02248 0.02092 0.01843 -0.01852 -0.02014 -0.01022
206  3.375  0.001 0.02077 0.02382 0.01843 0.01333 0.0007795 -0.06336
191  3.427  0.001 0.02009 0.02315 0.01843 -0.1171 0.0276 -0.1016
204  3.52  0.001 0.017 0.01581 0.01763 0.256 1.533 4.026
255  3.534  0.001 0.01533 0.02083 0.01744 0.008109 -0.01232 0.0112
18  3.536  0.001 0.02405 0.01932 0.01745 0.02048 -0.1222 0.1366
159  3.561  0.001 0.01625 0.02189 0.01752 0.1136 -0.04544 0.4253
98  3.563  0.001 0.01771 0.02233 0.01747 0.1964 -0.01879 0.3038
205  3.582  0.001 0.02102 0.02085 0.01843 0.0805 -0.06636 -0.04166
131  3.587  0.001 0.01784 0.01762 0.01843 0.01974 -0.112 -0.06653
217  3.588  0.001 0.02163 0.02345 0.01842 -0.009393 -0.02832 -0.008604
243  3.597  0.001 0.02061 0.01419 0.0178 -0.02505 0.08575 -0.07826
264  3.598  0.001 0.01922 0.0194 0.01843 0.05886 -0.04866 -0.1602
193  3.599  0.001 0.02357 0.01669 0.01802 -0.05437 0.02995 -0.09692
218  3.614  0.001 0.02041 0.02384 0.01843 0.0223 -0.002466 -0.2329
101  3.618  0.001 0.02122 0.01443 0.01799 -0.0396 0.05808 -0.1467
264  3.619  0.001 0.01982 0.01986 0.01843 0.02072 0.039 -0.03971
167  3.625  0.001 0.02389 0.02066 0.01747 -0.06511 0.002926 0.002802
292  3.627  0.001 0.01781 0.01737 0.01745 1.345 -0.1437 1.653
246  3.635  0.001 0.02017 0.02393 0.01843 -0.1682 -0.03294 -0.05437
199  3.643  0.001 0.02165 0.02057 0.01843 0.04783 -0.03085 -0.3931
60  3.65  0.001 0.01436 0.02062 0.01843 -0.09564 0.01975 -0.6252
263  3.654  0.001 0.0154 0.01764 0.01843 -0.01101 -0.05013 -0.4366
266  3.675  0.001 0.02176 0.02077 0.01744 -0.007577 -0.0566 0.03223
118  3.675  0.001 0.01985 0.0233 0.01748 -0.1802 0.09987 0.2668
73  3.709  0.001 0.02339 0.01847 0.01843 0.02269 -0.07185 -0.202
300  3.713  0.001 0.01442 0.01691 0.01824 0.0718 0.01358 -0.1344
61  3.729  0.001 0.02389 0.02062 0.01745 0.07825 0.04778 0.2795
98  3.731  0.001 0.02357 0.01684 0.01756 -0.01829 -0.2775 0.2391
163  3.736  0.001 0.01745 0.01421 0.01782 0.01508 0.0834 -0.1475
187  3.743  0.001 0.02102 0.0185 0.01843 0.1919 -0.02894 -0.1428
38  3.745  0.001 0.02268 0.02174 0.01749 -0.1246 -0.3518 1.214
124  3.75  0.001 0.02324 0.01969 0.01745 0.005207 -0.07536 0.1796
235  3.752  0.001 0.02347 0.01651 0.01754 -0.02899 0.01009 0.0076
289  3.755  0.001 0.02046 0.01773 0.01843 0.0309 -0.05786 -0.2279
114  3.779  0.001 0.01537 0.02127 0.01749 0.04247 -0.1347 0.1674
124  3.78  0.001 0.02339 0.01744 0.01843 0.005207 -0.07536 -0.1137
191  3.785  0.001 0.02177 0.01518 0.01843 -0.04154 0.1194 -0.02113
158  3.788  0.001 0.01541 0.02175 0.01744 0.01807 -0.04152 0.02552
167  3.803  0.001 0.01685 0.01445 0.01791 -0.01117 0.172 -0.2739
114  3.806  0.001 0.01652 0.01762 0.01843 0.04247 -0.1347 -0.09814
197  3.815  0.001 0.02217 0.02018 0.01746 -0.03406 -0.03263 0.04883
95  3.847  0.001 0.01563 0.02283 0.01839 0.06992 -0.08487 -0.2489
60  3.848  0.001 0.01408 0.01969 0.01756 -0.2912 0.2533 2.567
166  3.876  0.001 0.02328 0.02162 0.01746 -0.1841 0.01814 0.053
106  3.93  0.001 0.01489 0.0219 0.01745 -0.02471 -0.006328 0.03426
21  3.953  0.001 0.02365 0.01809 0.0175 -0.06073 -0.09265 0.1522
21  3.976  0.001 0.02227 0.01599 0.01843 -0.06073 -0.09265 -0.06999
171  3.979  0.001 0.02283 0.01816 0.0175 -0.03806 -0.1131 0.1414
239  3.979  0.001 0.02227 0.01901 0.01749 0.02863 -0.1124 0.1114
246  3.979  0.001 0.02196 0.02218 0.01751 0.02536 -0.1212 0.163
16  3.98  0.001 0.02264 0.02069 0.01755 -0.05757 -0.07007 0.1949
210  3.982  0.001 0.02373 0.01822 0.01757 -2.783 -0.7414 4.04
220  3.986  0.001 0.02399 0.01778 0.01767 -0.1522 0.1114 0.1034
85     4  0.001 0.01972 0.02305 0.01843 0.03551 0.1302 -0.08081
127  4.007  0.001 0.01919 0.0167 0.01843 -0.01629 -0.08406 -0.1186
274  4.009  0.001 0.02099 0.02225 0.01745 -0.2636 -0.07459 0.274
128  4.014  0.001 0.01985 0.0175 0.01843 -0.05224 -0.07336 -0.1474
16  4.014  0.001 0.02065 0.01828 0.01843 -0.05757 -0.07007 -0.1436
10  4.025  0.001 0.01894 0.02386 0.01843 -0.1279 0.1271 -0.1692
18  4.052  0.001 0.01989 0.01968 0.01843 -0.06429 0.009984 -0.3419
159  4.061  0.001 0.02076 0.01493 0.01758 -0.06573 0.09673 0.6278
190  4.061  0.001 0.02015 0.01603 0.01745 0.09906 0.1503 0.7975
98  4.065  0.001 0.02136 0.01656 0.01752 0.009753 0.1862 0.2843
241  4.066  0.001 0.01814 0.01614 0.01749 -0.2869 0.1954 0.2443
70  4.071  0.001 0.02187 0.02028 0.01843 0.1232 0.06693 -0.4509
259  4.071  0.001 0.02396 0.01911 0.01743 0.0568 0.1002 0.02398
80  4.072  0.001 0.01877 0.01586 0.01745 -0.1413 0.07019 0.163
178  4.097  0.001 0.02262 0.02062 0.01747 -6.164 -2.408 6.362
196  4.097  0.001 0.02144 0.02304 0.01747 -0.4154 -0.1097 2.091
80  4.098  0.001 0.01519 0.01764 0.01843 -0.1413 0.07019 -0.0857
14  4.101  0.001 0.01742 0.02111 0.01745 -0.2002 -0.1985 0.2005
180  4.101  0.001 0.02396 0.01782 0.01748 -1.513 0.02453 2.624
63  4.102  0.001 0.01951 0.0215 0.01744 -0.2317 -0.1082 0.2272
252  4.127  0.001 0.01966 0.02125 0.01749 -0.02991 -0.03247 0.3312
174  4.128  0.001 0.0188 0.01708 0.01843 -0.01181 0.01006 -0.2902
187  4.131  0.001 0.01567 0.0162 0.01843 0.08825 0.06413 -0.08904
45  4.132  0.001 0.01431 0.02093 0.01836 0.05886 -0.01794 -0.008057
240  4.133  0.001 0.01406 0.01913 0.01843 -0.01122 -0.1186 -0.1082
129  4.148  0.001 0.01637 0.01635 0.01843 0.08447 -0.04041 -0.2139
118  4.148  0.001 0.01422 0.02068 0.01769 0.01838 -0.006212 -0.002657
63  4.152  0.001 0.01399 0.01846 0.01843 0.07099 0.01043 -0.1687
250  4.152  0.001 0.02106 0.01662 0.01843 0.00136 -0.1204 -0.2002
197  4.154  0.001 0.02026 0.01409 0.01805 -0.02594 0.06135 -0.09781
109  4.168  0.001 0.01448 0.02132 0.01831 0.05674 -0.02203 -0.04018
113  4.18  0.001 0.01396 0.01883 0.01746 0.02354 -0.04606 0.04813
49  4.185  0.001 0.01435 0.01706 0.01784 0.05316 0.07227 0.2552
252  4.192  0.001 0.01773 0.01915 0.01843 -0.02991 -0.03247 -0.3019
92  4.204  0.001 0.01895 0.01545 0.01843 0.1036 0.00377 -0.5555
101  4.205  0.001 0.02134 0.02267 0.01776 -5.891 1.076 7.491
128  4.207  0.001 0.01771 0.02243 0.01746 -1.816 0.2546 0.7266
259  4.212  0.001 0.01604 0.02317 0.0183 0.1238 -0.1954 -0.03265
239  4.217  0.001 0.02207 0.02129 0.01745 -0.08933 -0.006619 0.0729
211  4.222  0.001 0.01836 0.02294 0.01748 0.02969 0.03943 0.387
218  4.223  0.001 0.01673 0.0226 0.01749 -0.03406 -0.05669 0.1848
230  4.233  0.001 0.01489 0.01809 0.01843 0.06172 -0.0009818 -0.07252
268  4.233  0.001 0.01395 0.01904 0.01764 0.0951 -0.002149 0.02147
49  4.234  0.001 0.01699 0.02064 0.01843 0.05316 0.07227 -0.2315
261  4.236  0.001 0.0179 0.0219 0.01843 -0.02348 -0.013 -0.06048
90  4.236  0.001 0.0153 0.01889 0.01843 0.04651 -0.03742 -0.09472
14  4.239  0.001 0.01653 0.01763 0.01752 0.06686 -0.5949 2.883
241  4.249  0.001 0.01409 0.01785 0.01814 0.2281 0.009082 0.2702
218  4.254  0.001 0.01565 0.02081 0.01843 -0.03406 -0.05669 -0.1253
144  4.262  0.001 0.01574 0.01517 0.01731 0.2297 0.1838 -0.4667
218  4.287  0.001 0.01608 0.01768 0.01843 0.01322 -0.1104 -0.1038
206  4.289  0.001 0.02377 0.01711 0.01729 -0.2264 0.04939 -0.5147
26  4.297  0.001 0.02243 0.02274 0.01746 -0.07642 0.1017 0.1319
241  4.313  0.001 0.02414 0.01861 0.01831 -0.09563 0.02168 -0.1462
148  4.319  0.001 0.01517 0.01574 0.01736 0.003012 0.06724 -0.1143
124  4.38  0.001 0.02318 0.01661 0.01745 0.006116 0.1163 0.1397
265  4.391  0.001 0.01791 0.02402 0.01744 0.07133 -0.2285 -0.4892
124  4.396  0.001 0.02327 0.01843 0.01843 0.006116 0.1163 -0.01413
12  4.49  0.001 0.02089 0.02288 0.01744 -0.001243 -0.009906 0.2796
126  4.492  0.001 0.01889 0.02295 0.01748 -0.01831 0.05585 0.171
45  4.516  0.001 0.02036 0.01903 0.01843 0.01929 -0.07691 -0.09045
252  4.521  0.001 0.02134 0.01652 0.0176 -0.07818 0.1349 0.3286
137  4.522  0.001 0.02251 0.01974 0.01749 -0.07446 -0.08545 0.1976
183  4.532  0.001 0.01558 0.01915 0.01743 0.01476 0.01357 0.008197
12  4.544  0.001 0.02082 0.02236 0.01843 -0.001243 -0.009906 -0.2421
137  4.557  0.001 0.01992 0.01677 0.01843 -0.07446 -0.08545 -0.1433
259  4.558  0.001 0.02024 0.02111 0.01843 0.003238 -0.02311 -0.3256
232  4.594  0.001 0.02112 0.021 0.01747 -0.0537 -0.03443 0.06282
252  4.599  0.001 0.01655 0.0235 0.01816 0.02711 -0.04354 -0.02907
263  4.614  0.001 0.01881 0.02327 0.01744 -0.03032 -0.004982 0.1412
263  4.631  0.001 0.01831 0.02319 0.01843 -0.03032 -0.004982 -0.01958
156  4.671  0.001 0.02247 0.02282 0.01775 0.2935 -0.1844 0.813
143  4.672  0.001 0.02317 0.01912 0.01758 0.08525 -0.2019 0.4038
211  4.673  0.001 0.0223 0.02286 0.01744 0.2661 -0.02498 0.3942
203  4.675  0.001 0.02388 0.01813 0.01747 -0.05785 -0.07835 0.09333
270  4.678  0.001 0.01908 0.01678 0.01746 -0.0896 -0.4131 0.05628
240  4.716  0.001 0.01989 0.01915 0.01843 0.04423 -0.06864 -0.1171
117  4.761  0.001 0.0163 0.02335 0.01794 0.009439 -0.0313 -0.03232
124  4.836  0.001 0.01929 0.02397 0.01843 -0.05328 0.02563 -0.2191
211  4.857  0.001 0.02249 0.02212 0.01749 -0.2797 0.1942 0.3343
98  4.858  0.001 0.02174 0.02017 0.01745 -0.2479 -0.1328 0.2093
239  4.871  0.001 0.02173 0.02272 0.01747 -0.04934 0.1135 0.02886
75  4.889  0.001 0.02027 0.024 0.01843 -0.05088 0.0289 -0.06282
79  4.894  0.001 0.02146 0.0214 0.01752 0.05577 -0.08246 0.2231
17  4.894  0.001 0.02414 0.01939 0.01798 -0.1375 -0.4619 0.3318
99  4.895  0.001 0.02288 0.02235 0.01755 0.08635 -0.1041 0.2055
98  4.907  0.001 0.01456 0.01685 0.01843 0.05081 0.05868 -0.1206
232  4.933  0.001 0.02321 0.02095 0.01843 0.03829 -0.03789 -0.1576
79  4.935  0.001 0.02374 0.01803 0.01843 0.05577 -0.08246 -0.1788
164  4.968  0.001 0.02331 0.01639 0.01753 -0.01188 -0.2822 0.6638
239  4.973  0.001 0.01444 0.02122 0.018 0.02588 -0.1016 -0.007237
53  5.013  0.001 0.01726 0.01751 0.01791 -0.03266 -0.08071 0.3677
76  5.023  0.001 0.019 0.01851 0.01748 0.05016 -0.118 0.04864
147  5.04  0.001 0.01883 0.01428 0.01746 0.1597 -0.05372 0.08177
181  5.057  0.001 0.02335 0.02156 0.01744 -0.0003654 -0.1123 0.418
271  5.068  0.001 0.02006 0.02152 0.01743 -0.142 -0.1103 0.1124
35  5.072  0.001 0.02399 0.02034 0.01756 -0.2102 -0.06844 0.184
35  5.089  0.001 0.02091 0.01974 0.01843 -0.1771 -0.03191 -0.03757
133  5.092  0.001 0.02268 0.01727 0.01843 -0.0605 -0.1292 -0.1027
167   5.1  0.001 0.01401 0.01985 0.01826 0.05051 -0.05724 -0.1397
75  5.103  0.001 0.02 0.02276 0.01843 -0.02107 -0.01239 -0.177
45  5.116  0.001 0.01448 0.01679 0.01825 0.07108 -0.0009657 -0.2222
95  5.117  0.001 0.01851 0.01397 0.01835 -0.1002 0.1528 -0.3109
53  5.123  0.001 0.01712 0.01442 0.01744 0.01168 -0.03644 0.01509
220  5.162  0.001 0.01857 0.01992 0.01749 -0.01669 -0.07893 0.08612
205  5.199  0.001 0.02112 0.02284 0.01754 0.2024 -0.007414 0.2572
158  5.223  0.001 0.01978 0.02342 0.01843 0.08515 -0.02094 -0.05427
130  5.251  0.001 0.02008 0.02162 0.01746 0.03044 -0.04302 0.04808
288  5.26  0.001 0.01878 0.01793 0.01769 -0.05387 0.01466 0.2134
129  5.273  0.001 0.02054 0.01807 0.01843 0.0109 -0.03014 -0.03068
113  5.282  0.001 0.02129 0.01447 0.01776 -0.02743 0.1694 -0.1773
288   5.3  0.001 0.01664 0.01851 0.01843 -0.05387 0.01466 -0.176
4  5.317  0.001 0.01507 0.02186 0.01787 0.02283 -0.09682 0.2693
177  5.324  0.001 0.02143 0.01453 0.01732 -0.06705 0.04583 -0.2594
205  5.325  0.001 0.02238 0.02243 0.0176 -0.02173 -0.03907 0.1076
278  5.331  0.001 0.02145 0.02091 0.01748 -0.106 -0.0569 0.07916
105  5.334  0.001 0.02112 0.0197 0.01743 -0.04935 -0.0811 0.0558
4  5.37  0.001 0.01627 0.01676 0.01843 0.02283 -0.09682 -0.248
118  5.399  0.001 0.01793 0.02267 0.01843 -0.086 0.009067 -0.07432
112  5.409  0.001 0.02314 0.02022 0.0175 -0.1701 -0.2326 0.2612
47  5.469  0.001 0.01903 0.01395 0.01787 -0.02224 0.06386 -0.06953
69   5.6  0.001 0.02074 0.01636 0.01754 -0.08362 0.6522 1.121
221  5.643  0.001 0.02117 0.02112 0.01743 0.03518 0.01023 0.05099
177  5.651  0.001 0.01436 0.02106 0.01802 0.0524 -0.05085 -0.1068
152  5.668  0.001 0.02102 0.02084 0.0179 -0.1094 0.03564 0.6813
218  5.692  0.001 0.02174 0.0213 0.01843 0.006046 -0.02117 -0.05908
289  5.726  0.001 0.01582 0.02001 0.01761 0.08731 -0.1422 0.2332
143  5.749  0.001 0.02292 0.02034 0.0175 0.02933 -0.06714 0.07377
164  5.75  0.001 0.02186 0.01917 0.01761 0.2651 -1.28 0.7786
241  5.75  0.001 0.02333 0.02117 0.01745 0.502 -0.06511 0.2025
279  5.751  0.001 0.02101 0.01989 0.01753 0.09992 -0.7408 1.201
266  5.752  0.001 0.02219 0.02062 0.01772 0.4107 -0.7101 1.281
126  5.755  0.001 0.02143 0.02276 0.01749 -0.1798 -0.04322 0.24
201  5.757  0.001 0.02202 0.02073 0.01745 -0.09946 -0.04434 0.2139
76  5.777  0.001 0.01837 0.01688 0.01843 0.03451 0.1781 -0.08623
201  5.796  0.001 0.0182 0.01903 0.01843 -0.09946 -0.04434 -0.1625
269  5.821  0.001 0.01593 0.02213 0.01744 -0.01415 0.01543 0.1192
155  5.826  0.001 0.01671 0.02309 0.01744 0.007158 0.002212 0.07295
239  5.84  0.001 0.01521 0.0203 0.01748 0.008903 -0.07698 0.05716
267  5.841  0.001 0.01709 0.02313 0.01843 0.003342 0.03759 -0.06357
152  5.846  0.001 0.0145 0.02135 0.01744 0.02277 -0.01562 -0.01797
17  5.858  0.001 0.02024 0.01523 0.01752 0.1352 0.07583 0.2292
262  5.873  0.001 0.01668 0.02019 0.01745 -0.3212 -0.2166 0.4791
151  5.874  0.001 0.01826 0.02344 0.01744 0.0406 0.1258 0.272
137  5.904  0.001 0.01935 0.01659 0.01843 9.909e-05 0.03169 -0.222
17  5.917  0.001 0.02409 0.01828 0.01752 -0.06864 -0.02741 -0.1245
90  5.926  0.001 0.01927 0.02063 0.01843 0.02777 -0.02683 -0.2316
262  5.997  0.001 0.01561 0.01528 0.01729 0.1475 0.0942 -0.3072
154  6.015  0.001 0.0187 0.02256 0.01744 -0.5537 -0.1792 0.4857
288  6.019  0.001 0.02303 0.02105 0.01747 -0.006328 -0.1081 0.1898
19  6.044  0.001 0.01787 0.02067 0.01843 -0.09162 -0.05356 -0.05717
288  6.052  0.001 0.02282 0.01752 0.01843 -0.006328 -0.1081 -0.1311
171  6.056  0.001 0.01761 0.01682 0.01747 -0.07853 -0.3277 0.2042
225  6.057  0.001 0.01896 0.01892 0.01744 0.03838 -0.07814 0.114
93  6.063  0.001 0.01691 0.02299 0.01758 -1.334 0.8518 1.647
265  6.104  0.001 0.02397 0.02036 0.01744 0.02445 -0.03866 0.08296
171  6.11  0.001 0.01783 0.0141 0.01794 0.02419 0.01725 -0.2391
252  6.112  0.001 0.01832 0.02347 0.01752 0.08294 0.003917 0.2413
86  6.114  0.001 0.02344 0.019 0.01745 -0.02013 -0.1209 0.05123
127  6.115  0.001 0.01621 0.02098 0.01746 -0.01733 -0.03105 0.08356
138  6.118  0.001 0.01877 0.02203 0.01744 -0.02944 -0.04229 0.2018
26  6.124  0.001 0.02057 0.02322 0.01745 0.08521 0.00176 0.04146
138  6.153  0.001 0.01772 0.02053 0.01843 -0.02944 -0.04229 -0.1458
111  6.156  0.001 0.0217 0.01508 0.01843 -0.06687 0.02255 -0.1384
154  6.169  0.001 0.01559 0.01531 0.01743 0.165 0.1354 -0.3353
114  6.171  0.001 0.02154 0.02149 0.01843 0.05097 -0.02133 -0.2628
221  6.182  0.001 0.02231 0.02274 0.01779 -0.145 0.01303 0.5813
151  6.213  0.001 0.01485 0.02162 0.01764 -0.06194 -0.1156 0.1998
63  6.213  0.001 0.01434 0.0207 0.01753 -0.04881 -0.1491 0.09931
280  6.217  0.001 0.01854 0.02257 0.01763 0.01969 -0.1334 0.2208
165  6.223  0.001 0.01664 0.0224 0.01745 -0.04523 -0.06406 0.06383
269  6.244  0.001 0.01516 0.02029 0.01843 -0.04394 -0.08238 -0.1109
280  6.258  0.001 0.01935 0.0171 0.01843 0.01969 -0.1334 -0.1819
267  6.302  0.001 0.01885 0.02266 0.0176 0.1765 -0.02436 0.3359
265  6.308  0.001 0.02233 0.01972 0.01778 2.079 -3.235 4.01
130  6.345  0.001 0.01777 0.02139 0.01748 0.07396 -0.3336 0.643
264  6.426  0.001 0.01866 0.02258 0.01843 0.03194 -0.01771 -0.0707
54  6.445  0.001 0.022 0.02251 0.01749 0.05309 0.009887 0.1342
110  6.445  0.001 0.01859 0.02117 0.01748 0.01616 0.07335 0.1288
201  6.467  0.001 0.02084 0.0209 0.01843 0.03227 -0.01698 -0.08042
110  6.481  0.001 0.01871 0.02073 0.01843 0.0113 -0.02661 -0.09052
45   6.5  0.001 0.01538 0.0226 0.01771 -0.01287 -0.0507 0.0244
230  6.598  0.001 0.01797 0.02404 0.01726 0.03993 -0.2144 -0.4965
296  6.635  0.001 0.01943 0.01574 0.01757 -0.1749 0.03782 0.3748
289  6.638  0.001 0.02188 0.01619 0.01774 0.04883 0.09308 0.2975
86  6.642  0.001 0.02146 0.01756 0.01757 0.002212 0.09736 0.1495
86  6.664  0.001 0.02151 0.01978 0.01843 0.002212 0.09736 -0.07375
206  6.68  0.001 0.02115 0.01954 0.01843 0.006481 0.09473 -0.1832
110  6.743  0.001 0.0175 0.01989 0.01843 -0.05681 -0.04093 -0.081
249  6.82  0.001 0.01713 0.01709 0.01752 -0.1047 0.2518 0.3372
170  6.954  0.001 0.01909 0.02322 0.01771 -0.07982 0.06541 0.4677
268  6.958  0.001 0.0183 0.02282 0.01751 -0.08973 0.01048 0.2389
289  6.963  0.001 0.02318 0.02194 0.01745 -0.09586 0.01732 0.05575
241  7.008  0.001 0.02328 0.02168 0.01744 0.04331 -0.03379 0.1648
90  7.025  0.001 0.0223 0.01681 0.01843 0.00652 -0.1994 -0.02105
50  7.045  0.001 0.02405 0.0195 0.01843 0.05253 -0.0756 -0.1546
293  7.054  0.001 0.02261 0.0213 0.01745 0.06163 -0.05151 0.1513
225  7.066  0.001 0.01978 0.014 0.01839 -0.003491 0.06876 -0.2018
293  7.075  0.001 0.02394 0.02019 0.01843 0.06163 -0.05151 -0.05967
241  7.09  0.001 0.02391 0.02061 0.01763 -0.0767 -0.05625 0.4536
208  7.091  0.001 0.02302 0.02082 0.01763 -0.2327 -0.1719 0.7699
30  7.092  0.001 0.02268 0.01964 0.01766 0.01265 -0.5275 1.252
274  7.092  0.001 0.02187 0.01937 0.01748 0.1012 -0.6321 0.7364
7  7.095  0.001 0.0233 0.01796 0.01749 -0.1669 -0.1316 0.3229
71  7.106  0.001 0.01952 0.02196 0.01745 0.01765 -0.08591 0.06377
255  7.111  0.001 0.02035 0.02219 0.01745 -0.06834 0.09477 0.1524
184  7.132  0.001 0.01793 0.01819 0.01772 -1.271 -0.708 2.573
272  7.139  0.001 0.02111 0.01438 0.01808 -0.08871 0.008596 -0.1448
275  7.153  0.001 0.01654 0.01514 0.01843 0.07777 0.1108 -0.2076
29  7.158  0.001 0.02077 0.01578 0.01843 0.05739 0.04912 -0.2987
256  7.208  0.001 0.02358 0.01952 0.01754 0.2768 -0.4821 0.4566
86  7.225  0.001 0.02311 0.01673 0.01747 -0.007521 0.01315 0.1191
282  7.23  0.001 0.0158 0.02233 0.01745 -0.005926 -0.02908 0.0334
50  7.242  0.001 0.02222 0.01505 0.01764 -0.1436 0.1616 -0.4686
274  7.258  0.001 0.01975 0.014 0.01755 -0.01653 0.1944 -0.5036
130  7.267  0.001 0.01886 0.02295 0.01759 0.01963 0.2834 0.3583
164  7.274  0.001 0.02318 0.02045 0.01779 1.581 -2.781 4.725
73  7.283  0.001 0.02131 0.0224 0.01745 -0.1916 -0.01713 0.2804
73  7.349  0.001 0.01425 0.02078 0.01768 0.06754 -0.03972 -0.2238
275  7.412  0.001 0.01599 0.01814 0.01843 -0.04849 -0.05581 -0.02819
29  7.418  0.001 0.01928 0.01397 0.01843 -0.03784 0.03588 -0.07521
105  7.462  0.001 0.01771 0.02022 0.01753 0.01406 0.06829 0.2909
293  7.486  0.001 0.01727 0.01699 0.01744 -0.0739 0.06317 0.07274
105  7.518  0.001 0.0185 0.02404 0.01843 0.01406 0.06829 -0.2588
223  7.518  0.001 0.02322 0.02141 0.01843 0.1292 -0.02134 -0.09024
270  7.552  0.001 0.02291 0.01663 0.01755 -0.5464 -0.5847 0.3133
19  7.622  0.001 0.02157 0.02116 0.01744 -0.1135 -0.08741 0.09244
288  7.625  0.001 0.01586 0.01865 0.01843 0.05225 0.07571 -0.2047
64  7.632  0.001 0.01978 0.02306 0.01744 -0.05607 -0.007418 0.01956
26  7.654  0.001 0.02207 0.0228 0.01793 -0.7448 -0.8537 7.092
264  7.654  0.001 0.01986 0.02102 0.01767 -1.314 -2.121 4.091
114  7.655  0.001 0.0169 0.02178 0.01753 -1.257 0.3421 1.902
130  7.658  0.001 0.01741 0.02113 0.01743 0.01419 -0.5588 0.3401
130  7.719  0.001 0.01697 0.01662 0.01843 -0.0154 0.1084 -0.2908
50  7.817  0.001 0.02067 0.01799 0.01843 0.006183 0.05286 -0.1536
220  7.837  0.001 0.01714 0.01957 0.01843 -0.04515 -0.0602 -0.124
105  7.844  0.001 0.02164 0.01843 0.01843 -0.02558 -0.07413 -0.1919
254  7.864  0.001 0.0198 0.02276 0.01748 0.08803 -0.006003 0.2316
255  7.882  0.001 0.01925 0.02356 0.01751 0.07616 0.2997 1.107
286  7.882  0.001 0.02057 0.02275 0.01753 0.539 0.1575 1.276
83  7.883  0.001 0.0218 0.01915 0.01749 0.04542 -0.2342 0.4238
170  7.883  0.001 0.02214 0.02177 0.01755 0.08897 -0.01674 0.4198
256  7.884  0.001 0.02157 0.02045 0.01764 0.0338 -0.1164 0.4738
193  7.888  0.001 0.02223 0.01696 0.01744 0.04519 -0.244 0.138
116  7.919  0.001 0.02142 0.01796 0.01746 -0.8675 -1.358 0.4728
193  7.92  0.001 0.02147 0.01455 0.01762 -0.05828 0.007276 -0.1384
227  7.965  0.001 0.02094 0.01657 0.01748 0.06006 -0.2409 0.04341
223  7.976  0.001 0.02099 0.01462 0.01843 -0.1201 -0.003154 -0.05998
109  7.978  0.001 0.01871 0.01909 0.01843 -0.08828 -0.03372 -0.2657
139  8.024  0.001 0.02107 0.02244 0.01756 0.1319 0.01082 0.1664
141  8.059  0.001 0.01402 0.01821 0.01781 0.06221 0.009716 -0.0886
171  8.117  0.001 0.02147 0.01671 0.01754 -0.02696 0.06974 0.1485
171  8.139  0.001 0.02087 0.01824 0.01843 -0.02696 0.06974 -0.0671
86  8.146  0.001 0.01937 0.01768 0.01843 -0.09715 -0.1036 -0.1433
262  8.152  0.001 0.02097 0.0186 0.01843 0.00803 -0.07418 -0.2241
139  8.173  0.001 0.02252 0.0213 0.01761 0.03862 -0.01836 0.06706
285  8.191  0.001 0.02146 0.02349 0.01778 -0.6272 0.5388 0.8593
131  8.224  0.001 0.02152 0.02164 0.01756 0.09717 -0.01623 0.1653
286  8.255  0.001 0.01828 0.02266 0.01774 -0.07367 -0.2552 0.6193
230  8.255  0.001 0.01747 0.02067 0.01774 -0.1416 -0.5469 0.638
151  8.257  0.001 0.02289 0.02061 0.01745 -0.06051 -0.0468 0.02206
150  8.268  0.001 0.02357 0.01971 0.01744 0.003718 -0.006027 0.1824
16  8.269  0.001 0.02383 0.01829 0.0175 0.006258 -0.07065 0.1555
138  8.271  0.001 0.01831 0.02356 0.01755 0.09021 -0.005433 0.2024
166  8.284  0.001 0.02079 0.02016 0.01744 0.1006 -0.138 0.02826
150  8.299  0.001 0.02368 0.01953 0.01843 0.003718 -0.006027 -0.1175
223  8.299  0.001 0.01969 0.02179 0.01744 -0.03659 -0.08128 0.01782
71  8.306  0.001 0.01755 0.02201 0.01752 -0.07828 -0.1975 0.3832
138  8.308  0.001 0.02159 0.02337 0.01843 0.09021 -0.005433 -0.1536
1  8.349  0.001 0.0232 0.02131 0.01753 0.0128 -0.09007 0.3087
252  8.357  0.001 0.02203 0.0223 0.01744 -0.009638 0.01237 0.1927
173  8.363  0.001 0.02291 0.01896 0.01747 0.0938 -0.2598 0.1641
252  8.391  0.001 0.02171 0.02271 0.01843 -0.009638 0.01237 -0.1328
71  8.398  0.001 0.01591 0.01503 0.01747 0.01987 0.1211 -0.1361
43  8.421  0.001 0.01953 0.01397 0.01773 -0.04711 0.06789 -0.1208
151  8.427  0.001 0.0202 0.01408 0.01723 -0.05522 0.1015 -0.2149
268  8.53  0.001 0.01828 0.02214 0.01757 -0.1039 -0.1482 0.3318
33  8.532  0.001 0.0199 0.02021 0.0176 -0.9252 -1.157 1.17
174  8.54  0.001 0.02024 0.02098 0.01759 -0.1725 -0.2997 0.2534
224  8.554  0.001 0.01872 0.02362 0.01763 0.04268 -0.002547 0.2858
174  8.598  0.001 0.0164 0.01523 0.01843 0.02518 0.07305 -0.231
224  8.609  0.001 0.02108 0.02348 0.01843 0.04268 -0.002547 -0.2567
41  8.689  0.001 0.02348 0.01937 0.01755 -0.3384 -0.3259 0.4054
275  8.689  0.001 0.01579 0.02112 0.01748 -0.004254 -0.121 0.09265
252  8.689  0.001 0.01885 0.01395 0.01777 -0.03231 0.1911 -0.5011
154  8.69  0.001 0.0231 0.02048 0.01754 -0.15 -0.226 0.2841
248  8.69  0.001 0.02293 0.02217 0.01746 -0.1442 0.003592 0.3293
33  8.699  0.001 0.02246 0.02256 0.01843 -0.1832 -0.1046 -0.6219
249  8.737  0.001 0.01696 0.02209 0.01744 -0.08217 0.0001865 0.1328
138  8.745  0.001 0.02014 0.0233 0.01776 0.01872 -0.01056 0.6471
291  8.756  0.001 0.01965 0.02005 0.01743 0.09449 -0.05256 0.03815
154  8.758  0.001 0.01841 0.01399 0.01784 0.03067 0.06491 -0.263
127  8.76  0.001 0.0185 0.0161 0.01776 -1.125 1.145 2.496
218  8.761  0.001 0.01936 0.0147 0.01764 0.2863 0.2781 1.449
240  8.761  0.001 0.02138 0.01594 0.01757 0.1366 -0.37 0.8816
256  8.776  0.001 0.02011 0.01594 0.01744 -0.05657 0.07916 0.0831
206  8.798  0.001 0.0212 0.02341 0.01843 -0.04355 0.2054 -0.1092
16  8.798  0.001 0.02305 0.0168 0.01843 -0.002977 0.05686 -0.1557
211  8.821  0.001 0.02303 0.02032 0.01751 -0.06598 -0.2905 0.4783
249  8.841  0.001 0.02305 0.02003 0.01843 0.1737 -0.0387 -0.196
230  8.867  0.001 0.02057 0.02338 0.01761 0.1685 -0.05395 0.8295
1  8.871  0.001 0.02243 0.02179 0.01758 -0.1363 -0.204 0.3396
138  8.876  0.001 0.02259 0.02192 0.01843 0.01872 -0.01056 -0.6369
86  8.91  0.001 0.01778 0.02399 0.01733 -0.01774 -0.1975 -0.4128
206  8.913  0.001 0.01519 0.01587 0.01843 0.03862 0.01831 -0.09167
99  8.93  0.001 0.02357 0.0211 0.01769 -2.823 -1.191 1.802
85  8.961  0.001 0.02155 0.02278 0.01747 -0.1413 0.09326 0.1692
150  8.992  0.001 0.01797 0.02131 0.01748 -0.05988 -0.03931 0.1222
262  9.025  0.001 0.02104 0.01611 0.01749 -0.8564 -2.732 0.575
147  9.031  0.001 0.02065 0.01785 0.01843 0.004941 -0.1425 -0.11
19  9.047  0.001 0.01674 0.02346 0.01843 -0.03067 0.006424 -0.05695
50  9.069  0.001 0.01899 0.02354 0.01746 -0.06183 0.1051 0.1668
250  9.082  0.001 0.01631 0.0229 0.01748 0.1079 0.05483 0.1516
3  9.092  0.001 0.02209 0.02053 0.01759 -7.856 -3.463 5.282
241  9.093  0.001 0.02206 0.01952 0.01746 -1.99 -1.003 0.6191
250  9.104  0.001 0.0187 0.02412 0.01843 0.1079 0.05483 -0.06529
32  9.162  0.001 0.01443 0.02006 0.01745 -0.5811 -0.05738 0.3752
86  9.168  0.001 0.01689 0.02367 0.01727 0.1639 -0.1159 -0.3511
106  9.325  0.001 0.01956 0.02413 0.01806 0.007731 -0.07274 -0.09453
241  9.484  0.001 0.02137 0.02341 0.01757 -0.05913 0.06205 0.4975
251  9.613  0.001 0.02259 0.02097 0.01767 0.03196 -0.5165 0.9202
221  9.623  0.001 0.023 0.01746 0.01744 0.04124 -0.1558 0.0969
173  9.63  0.001 0.01655 0.01541 0.01745 -0.3028 0.08813 0.3302
105  9.639  0.001 0.02115 0.01648 0.01747 0.07372 0.09619 0.08605
240  9.793  0.001 0.02402 0.01905 0.01754 -0.105 -0.007947 0.2632
240  9.843  0.001 0.01877 0.01865 0.01843 -0.105 -0.007947 -0.2275
235  9.87  0.001 0.01753 0.02083 0.01751 0.006887 -0.09708 0.03125
110  9.942  0.001 0.02287 0.01612 0.01843 -0.04308 -0.0606 -0.08145
224  10.01  0.001 0.01525 0.02105 0.01752 0.2194 -0.2166 0.4435
246  10.07  0.001 0.01808 0.02236 0.01745 0.01024 -0.05629 0.03829
25  10.08  0.001 0.02137 0.01943 0.01745 0.07005 -0.0347 0.06657
41  10.09  0.001 0.02108 0.02249 0.01747 0.09119 0.08887 0.09305
224  10.11  0.001 0.02203 0.01491 0.01785 -0.08615 0.1081 -0.3077
294  10.12  0.001 0.01564 0.0193 0.01745 -0.3841 -0.4021 0.2146
90  10.18  0.001 0.0228 0.0207 0.01762 0.01577 -0.156 0.3886
170  10.18  0.001 0.01788 0.02199 0.01749 -0.4771 -0.1177 0.3688
174  10.2  0.001 0.01951 0.02138 0.0177 -0.1537 -0.5386 0.772
252  10.2  0.001 0.02217 0.02066 0.01749 0.07221 -0.09673 0.1534
63  10.2  0.001 0.02053 0.02213 0.0175 -0.04542 -0.1496 0.1911
252  10.22  0.001 0.02382 0.01844 0.01843 0.07221 -0.09673 -0.07177
63  10.23  0.001 0.01901 0.01715 0.01843 -0.04542 -0.1496 -0.1353
102  10.24  0.001 0.02081 0.02266 0.01759 -11.27 1.912 6.622
257  10.25  0.001 0.02147 0.0212 0.01744 -0.1262 -0.1088 0.2202
177  10.29  0.001 0.02335 0.02116 0.01754 -2.464 -0.8002 1.864
257  10.29  0.001 0.01645 0.01687 0.01843 -0.1262 -0.1088 -0.1701
227  10.3  0.001 0.02403 0.01799 0.01843 -0.0883 0.06551 -0.1925
4  10.38  0.001 0.01397 0.01858 0.0172 0.2276 0.02686 -0.5326
83  10.39  0.001 0.02125 0.01642 0.01771 -0.04785 0.4474 1.28
240  10.45  0.001 0.02167 0.01467 0.01725 -0.07942 0.1444 -0.408
286  10.56  0.001 0.01806 0.02269 0.01753 0.09405 -0.06564 0.2376
286  10.6  0.001 0.02222 0.01978 0.01843 0.09405 -0.06564 -0.1966
273  10.68  0.001 0.02042 0.02257 0.0175 -0.364 -0.04854 1.98
145  10.68  0.001 0.02236 0.01656 0.01757 0.5247 -2.369 1.077
167  10.68  0.001 0.02328 0.02024 0.01747 0.1429 -0.4934 0.5986
90  10.68  0.001 0.02276 0.02157 0.01754 0.5456 0.001672 0.762
263  10.68  0.001 0.024 0.01781 0.01746 0.135 -0.6186 0.3253
124  10.69  0.001 0.02063 0.02099 0.01745 -0.1015 -0.03663 0.1505
41  10.69  0.001 0.02274 0.02182 0.01744 -0.02362 -0.0968 0.1453
86  10.69  0.001 0.02383 0.01946 0.01748 0.07121 -0.2301 0.1802
41  10.7  0.001 0.0223 0.01998 0.01843 -0.02362 -0.0968 -0.04116
124  10.71  0.001 0.01847 0.02021 0.01843 -0.1015 -0.03663 -0.05833
31  10.72  0.001 0.01428 0.01964 0.01843 -0.1662 -0.09945 -0.1122
62  10.79  0.001 0.01937 0.02107 0.0175 0.04615 -0.1622 0.1419
62  10.81  0.001 0.02024 0.018 0.01843 0.04615 -0.1622 -0.04339
256  10.81  0.001 0.01989 0.01461 0.01759 0.01144 -0.006998 0.1268
174  10.99  0.001 0.0191 0.01742 0.01748 0.125 -0.2223 0.03133
220  11.04  0.001 0.0234 0.02164 0.01751 0.5737 -0.2603 0.2744
141  11.07  0.001 0.01924 0.01837 0.01843 0.0311 -0.129 -0.0896
124  11.1  0.001 0.0214 0.01452 0.01777 -0.04351 0.04772 -0.1709
105  11.24  0.001 0.02096 0.01622 0.01843 -0.1101 -0.08379 -0.1241
211  11.25  0.001 0.02134 0.01524 0.01745 0.2311 0.1024 0.659
110  11.35  0.001 0.01903 0.02093 0.01766 -0.03039 -0.2689 0.3166
257  11.36  0.001 0.02131 0.01448 0.0179 -0.01477 0.05845 -0.3425
62  11.41  0.001 0.01635 0.01493 0.01843 0.008696 0.05436 -0.2437
211  11.43  0.001 0.02225 0.02277 0.0176 0.3156 -0.1241 0.8662
27  11.44  0.001 0.02041 0.02319 0.01754 -0.1379 -0.06537 0.869
206  11.48  0.001 0.02325 0.01621 0.01747 -0.08622 -0.01186 0.1833
206  11.51  0.001 0.02057 0.01584 0.01843 -0.08622 -0.01186 -0.1215
23  11.61  0.001 0.02355 0.01699 0.01843 -0.04719 -0.03695 -0.08649
291  11.73  0.001 0.01903 0.02311 0.01743 -0.04681 -0.002708 0.131
32  11.82  0.001 0.01939 0.02315 0.01764 0.01568 -0.03275 0.4654
76  11.82  0.001 0.02096 0.0232 0.01782 0.09644 -0.06966 0.3625
206  11.83  0.001 0.01677 0.01494 0.01843 0.04552 -0.0825 -0.3411
286  11.91  0.001 0.01875 0.02347 0.01772 -1.033 -0.2886 3.366
32  11.92  0.001 0.02085 0.0201 0.01843 0.01568 -0.03275 -0.4484
262  11.94  0.001 0.02261 0.02183 0.01752 -0.6892 0.1012 1.189
191  11.98  0.001 0.02196 0.02108 0.01753 0.05442 -0.02877 0.3991
33  11.99  0.001 0.02193 0.02273 0.01755 -0.01455 0.01484 0.324
220    12  0.001 0.02185 0.02258 0.01743 0.01064 -9.423e-05 0.01563
33  12.05  0.001 0.02101 0.02367 0.01843 -0.01455 0.01484 -0.2962
40  12.11  0.001 0.02061 0.02147 0.01753 -1.044 -1.23 2.093
272  12.13  0.001 0.02302 0.0204 0.01744 -0.01842 -0.137 0.0762
158  12.15  0.001 0.01476 0.01644 0.01843 -0.1562 -0.1904 -0.06543
71  12.28  0.001 0.0211 0.01438 0.01817 -0.06292 0.05737 -0.1784
174  12.29  0.001 0.02181 0.01716 0.01843 0.1486 0.03956 -0.2806
116  12.39  0.001 0.01955 0.02138 0.01745 0.1427 -0.1007 0.1566
116  12.41  0.001 0.02288 0.01903 0.01843 0.1427 -0.1007 -0.07231
289  12.44  0.001 0.02325 0.0207 0.01775 -1.882 0.1968 3.41
248  12.44  0.001 0.02375 0.01999 0.01757 -1.551 -0.4739 1.938
85  12.44  0.001 0.01995 0.02142 0.01746 -4.486 0.9509 1.256
54  12.48  0.001 0.01863 0.02375 0.01744 0.0499 -0.08313 0.121
41  12.55  0.001 0.01871 0.02202 0.01752 -0.01125 -0.173 0.5638
25  12.57  0.001 0.01882 0.02112 0.01746 -0.01636 -0.1019 0.1293
252  12.65  0.001 0.01413 0.0198 0.01843 0.05637 -0.03829 -0.3019
110  12.75  0.001 0.01756 0.02013 0.01744 -1.356 -0.4107 0.1018
225  12.77  0.001 0.02091 0.0185 0.01843 -0.09949 -0.118 -0.07436
199  13.24  0.001 0.01957 0.02312 0.01788 -0.3364 -0.1378 0.9559
71  13.33  0.001 0.02165 0.01967 0.01746 -0.1794 -0.107 0.05061
1  13.58  0.001 0.02352 0.02023 0.01757 -0.2064 0.0445 0.5899
174  13.67  0.001 0.01845 0.01552 0.01843 0.1019 0.06486 -0.3239
19  13.91  0.001 0.02019 0.02217 0.01764 -0.03453 -0.0489 0.3574
133  13.92  0.001 0.02199 0.02007 0.01745 0.05122 -0.1122 0.02025
106  13.93  0.001 0.01868 0.02229 0.01778 -0.08474 -0.09458 0.2505
86  13.95  0.001 0.02329 0.02073 0.01768 -8.532 -3.432 9.805
19  13.98  0.001 0.01776 0.01872 0.01843 -0.03453 -0.0489 -0.3349
106  13.98  0.001 0.01458 0.01772 0.01843 -0.08474 -0.09458 -0.2234
288  14.12  0.001 0.0194 0.01528 0.01843 -0.06648 0.005005 -0.03264
224  14.2  0.001 0.02242 0.01939 0.01774 0.1439 -0.1174 0.1678
268  14.48  0.001 0.02334 0.02 0.01751 0.09946 -0.3811 0.447
294  14.65  0.001 0.02388 0.0207 0.01754 0.1029 -0.6039 0.482
76  14.69  0.001 0.01809 0.02336 0.0177 -0.5073 -0.0175 0.5938
124  14.73  0.001 0.01667 0.01662 0.01843 -0.1074 -0.1671 -0.1118
294  14.74  0.001 0.01658 0.01459 0.01711 0.1408 0.1127 -0.2619
73  14.74  0.001 0.01999 0.02213 0.01765 -0.04821 -0.1512 0.3015
73  14.81  0.001 0.01747 0.0142 0.01789 0.02653 0.0786 -0.1244
206  14.97  0.001 0.02288 0.02242 0.018 -0.1516 0.1327 0.3081
116  15.03  0.001 0.01924 0.02335 0.01759 -0.08512 -0.02746 0.1623
116  15.05  0.001 0.01698 0.02262 0.01843 -0.08512 -0.02746 -0.09899
206  15.12  0.001 0.02178 0.02302 0.01753 0.009085 0.03026 0.3609
252  15.25  0.001 0.02274 0.01607 0.01843 -0.04158 0.06994 -0.1045
47  15.67  0.001 0.02232 0.01809 0.01843 0.01814 -0.1299 -0.1177
151  15.72  0.001 0.02397 0.02042 0.01749 -0.001778 -0.1342 0.1523
263  15.74  0.001 0.02307 0.02143 0.01749 0.7172 -0.9236 2.342
35  16.08  0.001 0.016 0.01591 0.01745 0.07286 0.1296 0.08533
4  16.19  0.001 0.01783 0.02144 0.01745 -0.02926 -0.1052 0.05139
43  16.38  0.001 0.01761 0.02262 0.01754 -1.211 -0.2429 0.8227
151  16.44  0.001 0.01974 0.01568 0.01758 0.4293 0.4221 1.052
206  16.51  0.001 0.02234 0.01973 0.01772 0.06997 -0.3655 0.415
138  16.93  0.001 0.02248 0.02065 0.01753 0.3414 -2.119 3.202
126  17.11  0.001 0.01455 0.01904 0.01747 -0.5723 -0.4084 0.1829
126  17.13  0.001 0.01701 0.01583 0.01843 0.1424 -0.0921 -0.1024
11  17.27  0.001 0.02364 0.02111 0.01749 -0.9882 -1.952 6.644
63  17.46  0.001 0.01968 0.01717 0.01743 -0.131 0.3556 0.555
206    18  0.001 0.02201 0.022 0.01789 0.3088 -0.3683 1.44
124  18.08  0.001 0.01518 0.01573 0.01722 0.02657 0.13 -0.1906
150  18.17  0.001 0.02401 0.02025 0.01761 -0.1323 -0.2163 0.1289
150  18.19  0.001 0.022 0.01697 0.01843 -0.1323 -0.2163 -0.02023
32  18.48  0.001 0.01877 0.01525 0.01843 -0.02161 -0.03093 -0.162
272  18.64  0.001 0.01854 0.02234 0.01747 -1.453 -0.06658 0.7526
2  19.75  0.001 0.01591 0.01957 0.01843 -0.06478 0.0827 -0.1956
62  19.94  0.001 0.01911 0.01545 0.01782 0.1499 0.1081 0.3017
97  20.91  0.001 0.01852 0.01751 0.01755 -0.05466 0.1303 0.1243
274  21.42  0.001 0.02089 0.01912 0.0177 -0.06959 0.2545 0.1784
106  22.19  0.001 0.02095 0.01907 0.01754 0.07354 0.05991 1.089
63  22.2  0.001 0.02027 0.01851 0.01752 0.08101 -0.09203 0.2399
62  23.68  0.001 0.02008 0.01473 0.01763 -0.6716 -0.1226 0.8165
150  24.86  0.001 0.02017 0.01809 0.01771 -0.06421 0.2106 0.2218
150  24.91  0.001 0.01836 0.024 0.01843 0.01888 -0.06266 -0.1553
150  25.64  0.001 0.02134 0.01449 0.01754 -0.04773 0.09192 -0.325
