# ID time  diameter x y z u v w  (ex ey ez, color)
27  0.00688  0.001 0.01618 0.01691 0.01843    0    0 -0.1
26  0.00856  0.001 0.01853 0.0157 0.01843    0    0 -0.1
9  0.00963  0.001 0.01754 0.01674 0.01843    0    0 -0.1
21  0.01069  0.001 0.0216 0.01586 0.01843    0    0 -0.1
3  0.01115  0.001 0.01482 0.01773 0.01843    0    0 -0.1
20  0.01144  0.001 0.02296 0.01804 0.01843    0    0 -0.1
33  0.01677  0.001 0.02067 0.01857 0.01843    0    0 -0.1
34  0.01825  0.001 0.02201 0.0177 0.01843    0    0 -0.1
2  0.01843  0.001 0.01626 0.01686 0.01843    0    0 -0.1
25  0.01894  0.001 0.01864 0.01738 0.01843    0    0 -0.1
17  0.01919  0.001 0.01616 0.01567 0.01843    0    0 -0.1
39  0.02019  0.001 0.01965 0.01827 0.01843    0    0 -0.1
23  0.02035  0.001 0.01871 0.01898 0.01843    0    0 -0.1
11  0.02071  0.001 0.0216 0.01895 0.01843    0    0 -0.1
5  0.02261  0.001 0.02053 0.01703 0.01843    0    0 -0.1
7  0.02579  0.001 0.01711 0.01814 0.01843    0    0 -0.1
18  0.02929  0.001 0.02163 0.01831 0.01843    0    0 -0.1
24  0.02965  0.001 0.02183 0.01624 0.01843    0    0 -0.1
16  0.0325  0.001 0.01883 0.0192 0.01843    0    0 -0.1
32  0.03322  0.001 0.02045 0.01613 0.01843    0    0 -0.1
29  0.03334  0.001 0.01568 0.0187 0.01843    0    0 -0.1
38  0.03345  0.001 0.01732 0.01709 0.01843    0    0 -0.1
14  0.03425  0.001 0.01651 0.01797 0.01843    0    0 -0.1
35  0.03489  0.001 0.02066 0.01944 0.01843    0    0 -0.1
12  0.03596  0.001 0.01482 0.01777 0.01843    0    0 -0.1
6  0.03967  0.001 0.0164 0.01659 0.01843    0    0 -0.1
15  0.04038  0.001 0.01851 0.01681 0.01843    0    0 -0.1
31  0.04365  0.001 0.0212 0.01539 0.01843    0    0 -0.1
8  0.0439  0.001 0.01862 0.01522 0.01843    0    0 -0.1
36  0.04453  0.001 0.01698 0.01854 0.01843    0    0 -0.1
30  0.04472  0.001 0.01803 0.01874 0.01843    0    0 -0.1
37  0.04555  0.001 0.02125 0.01911 0.01843    0    0 -0.1
10  0.04628  0.001 0.02169 0.01713 0.01843    0    0 -0.1
1  0.05074  0.001 0.01628 0.01757 0.01843    0    0 -0.1
19  0.05295  0.001 0.01763 0.0152 0.01843    0    0 -0.1
22  0.05354  0.001 0.01568 0.01649 0.01843    0    0 -0.1
13  0.05391  0.001 0.02068 0.01794 0.01843    0    0 -0.1
28  0.0567  0.001 0.0183 0.01678 0.01843    0    0 -0.1
4  0.05746  0.001 0.01673 0.01615 0.01843    0    0 -0.1
37  0.06484  0.001 0.02125 0.01998 0.01843 0.0003382 0.05456 -0.05289
60  0.07148  0.001 0.01972 0.01526 0.01843    0    0 -0.1
65  0.07158  0.001 0.01617 0.01891 0.01843    0    0 -0.1
59  0.07674  0.001 0.01692 0.01946 0.01843    0    0 -0.1
77  0.07884  0.001 0.02133 0.01814 0.01843    0    0 -0.1
75  0.07903  0.001 0.02356 0.01891 0.01843    0    0 -0.1
58  0.08063  0.001 0.02053 0.01565 0.01843    0    0 -0.1
89  0.08426  0.001 0.02043 0.0181 0.01843    0    0 -0.1
41  0.08624  0.001 0.01628 0.01757 0.01843    0    0 -0.1
69  0.08813  0.001 0.0216 0.01586 0.01843    0    0 -0.1
54  0.08897  0.001 0.01863 0.01723 0.01843    0    0 -0.1
55  0.08959  0.001 0.02229 0.01842 0.01843    0    0 -0.1
71  0.09137  0.001 0.01871 0.01898 0.01843    0    0 -0.1
46  0.09162  0.001 0.01463 0.01945 0.01843    0    0 -0.1
86  0.09292  0.001 0.02066 0.01944 0.01843    0    0 -0.1
82  0.09465  0.001 0.01568 0.0187 0.01843    0    0 -0.1
44  0.09697  0.001 0.01482 0.01773 0.01843    0    0 -0.1
57  0.1003  0.001 0.02031 0.01563 0.01843    0    0 -0.1
56  0.1047  0.001 0.01601 0.01848 0.01843    0    0 -0.1
81  0.1066  0.001 0.01495 0.01817 0.01843    0    0 -0.1
40  0.1074  0.001 0.02081 0.01787 0.01843    0    0 -0.1
66  0.1078  0.001 0.01747 0.01859 0.01843    0    0 -0.1
64  0.1085  0.001 0.01616 0.01567 0.01843    0    0 -0.1
47  0.1137  0.001 0.01962 0.01486 0.01843    0    0 -0.1
79  0.1144  0.001 0.01953 0.01867 0.01843    0    0 -0.1
63  0.1159  0.001 0.01587 0.0178 0.01843    0    0 -0.1
67  0.1184  0.001 0.01763 0.0152 0.01843    0    0 -0.1
45  0.1216  0.001 0.01673 0.01615 0.01843    0    0 -0.1
70  0.1235  0.001 0.01568 0.01649 0.01843    0    0 -0.1
51  0.1268  0.001 0.02169 0.01713 0.01843    0    0 -0.1
80  0.1274  0.001 0.0201 0.01543 0.01843    0    0 -0.1
88  0.1284  0.001 0.01941 0.01807 0.01843    0    0 -0.1
84  0.1288  0.001 0.01876 0.01662 0.01843    0    0 -0.1
62  0.1307  0.001 0.01611 0.01765 0.01843    0    0 -0.1
59  0.1315  0.001 0.0207 0.01926 0.01843 -0.005656 0.0959 -0.08158
83  0.1335  0.001 0.01852 0.01915 0.01843    0    0 -0.1
73  0.1372  0.001 0.01761 0.01704 0.01843    0    0 -0.1
49  0.1373  0.001 0.01985 0.01664 0.01843    0    0 -0.1
72  0.1377  0.001 0.02111 0.01615 0.01843    0    0 -0.1
87  0.1403  0.001 0.02328 0.01916 0.01843    0    0 -0.1
85  0.1418  0.001 0.02201 0.0177 0.01843    0    0 -0.1
42  0.1426  0.001 0.01626 0.01686 0.01843    0    0 -0.1
43  0.1426  0.001 0.01997 0.01562 0.01843    0    0 -0.1
76  0.1442  0.001 0.01795 0.01557 0.01843    0    0 -0.1
61  0.1456  0.001 0.02044 0.01858 0.01843    0    0 -0.1
52  0.1461  0.001 0.01873 0.0173 0.01843    0    0 -0.1
53  0.1464  0.001 0.01482 0.01777 0.01843    0    0 -0.1
78  0.1482  0.001 0.01709 0.01522 0.01843    0    0 -0.1
50  0.1504  0.001 0.01948 0.01647 0.01843    0    0 -0.1
68  0.1509  0.001 0.02296 0.01804 0.01843    0    0 -0.1
48  0.153  0.001 0.01711 0.01814 0.01843    0    0 -0.1
74  0.1533  0.001 0.0197 0.01944 0.01843    0    0 -0.1
155  0.1576  0.001 0.01497 0.01833 0.01843    0    0 -0.1
156  0.1591  0.001 0.02087 0.01645 0.01843    0    0 -0.1
147  0.1613  0.001 0.02055 0.0176 0.01843    0    0 -0.1
150  0.1677  0.001 0.01808 0.01685 0.01843    0    0 -0.1
157  0.1727  0.001 0.01773 0.0177 0.01843    0    0 -0.1
146  0.1769  0.001 0.01967 0.0186 0.01843    0    0 -0.1
149  0.1773  0.001 0.0201 0.01537 0.01843    0    0 -0.1
153  0.1779  0.001 0.02155 0.01829 0.01843    0    0 -0.1
144  0.1792  0.001 0.02294 0.01818 0.01843    0    0 -0.1
152  0.1926  0.001 0.01647 0.0162 0.01843    0    0 -0.1
145  0.1934  0.001 0.02168 0.0177 0.01843    0    0 -0.1
151  0.1936  0.001 0.02006 0.01532 0.01843    0    0 -0.1
148  0.1975  0.001 0.01484 0.01752 0.01843    0    0 -0.1
154  0.2062  0.001 0.01594 0.01794 0.01843    0    0 -0.1605
170  0.2209  0.001 0.01715 0.01514 0.01843    0    0 -0.3048
166  0.2223  0.001 0.02136 0.01577 0.01843    0    0 -0.3182
169  0.2232  0.001 0.01965 0.01827 0.01843    0    0 -0.3275
158  0.2239  0.001 0.02037 0.01475 0.01843    0    0 -0.334
171  0.2251  0.001 0.02294 0.01818 0.01843    0    0 -0.3461
163  0.2262  0.001 0.01545 0.01635 0.01843    0    0 -0.3572
164  0.2269  0.001 0.01732 0.01709 0.01843    0    0 -0.3641
165  0.2275  0.001 0.01628 0.01688 0.01843    0    0 -0.3694
159  0.2289  0.001 0.01698 0.01854 0.01843    0    0 -0.3834
179  0.2297  0.001 0.02401 0.01939 0.01843 0.05958 -0.08341 -0.04873
160  0.2325  0.001 0.01813 0.01548 0.01843    0    0 -0.4184
162  0.2328  0.001 0.02125 0.01911 0.01843 0.02354 0.007153 -0.2598
172  0.2329  0.001 0.01572 0.01929 0.01843    0    0 -0.4231
168  0.2346  0.001 0.01965 0.01918 0.01843    0    0 -0.4396
173  0.2355  0.001 0.01736 0.01864 0.01843    0    0 -0.448
173  0.2481  0.001 0.01973 0.01813 0.01843 0.1886 -0.04062 -0.05896
167  0.2523  0.001 0.02118 0.01442 0.01837 -0.05717 0.182 0.01417
167  0.2688  0.001 0.02158 0.01567 0.01843 0.04203 0.05255 -0.06164
161  0.3131  0.001 0.01733 0.0203 0.01843 -0.2187 0.1602 -0.1314
167  0.3317  0.001 0.02386 0.01957 0.01843 -0.0372 0.06558 -0.1041
84  0.3398  0.001 0.01402 0.01992 0.01831 0.08762 0.06311 -0.08637
76  0.3585  0.001 0.01408 0.01792 0.01773 0.00849 0.1432 -0.1515
52  0.3804  0.001 0.02026 0.01954 0.01843 0.2027 -0.2862 -0.3721
57  0.3809  0.001 0.02365 0.01684 0.01698 -0.03299 -0.03822 -0.08614
52  0.417  0.001 0.01957 0.01767 0.01843 -0.1928 0.0908 -0.07718
161  0.5004  0.001 0.01413 0.01769 0.01805 0.1206 0.009568 -0.07008
48  0.5141  0.001 0.016 0.01991 0.01843 0.1071 -0.09449 -0.1773
35  0.5489  0.001 0.02353 0.01901 0.01843 0.002961 -0.08995 -0.1129
190  0.5522  0.001 0.02327 0.01619 0.01696 -0.1345 0.1339 -0.02829
57  0.556  0.001 0.0228 0.0156 0.01836 -0.1798 0.05151 0.006663
18  0.5691  0.001 0.02037 0.01501 0.01843 -0.1406 -0.08147 -0.1214
183  0.5721  0.001 0.02407 0.0181 0.01711 -0.00824 -0.009247 -0.0206
131  0.6185  0.001 0.02222 0.01891 0.01843 -0.05395 -0.04481 -0.05938
74  0.6542  0.001 0.01532 0.01557 0.01832 0.1095 0.06042 -0.07489
121  0.6569  0.001 0.01565 0.0188 0.01843 0.1719 0.05784 -0.08253
120  0.6669  0.001 0.01563 0.01844 0.01843 -0.07709 -0.08728 -0.2293
77  0.671  0.001 0.02006 0.01482 0.01843 -0.1071 -0.04518 -0.2581
183  0.6755  0.001 0.01772 0.01413 0.01692 0.1887 -0.003691 -0.202
151  0.6766  0.001 0.0238 0.01717 0.01822 -0.1635 0.08945 -0.01463
138  0.677  0.001 0.01602 0.01495 0.01727 0.08658 0.06056 -0.1286
28  0.679  0.001 0.01758 0.02073 0.01843 0.1444 0.2084 -0.3344
84  0.679  0.001 0.01995 0.01438 0.01843 -0.07283 0.01876 -0.1573
126  0.6792  0.001 0.0161 0.01578 0.01843 0.05104 0.09355 -0.08701
131  0.6816  0.001 0.01397 0.01861 0.0183 0.07916 0.0562 -0.1391
129  0.6827  0.001 0.01877 0.01657 0.01843 -0.009423 0.1905 -0.1812
69  0.6999  0.001 0.01713 0.01977 0.01843 -0.02627 0.1726 -0.3698
180  0.7035  0.001 0.0147 0.01639 0.01729 0.1956 0.1149 -0.1013
21  0.7167  0.001 0.02099 0.0169 0.01843 -0.1376 -0.09114 -0.0889
181  0.7196  0.001 0.02184 0.01478 0.01792 -0.05291 0.2412 -0.2646
149  0.7419  0.001 0.01893 0.01781 0.01843 -0.1304 -0.1068 -0.3649
68  0.7434  0.001 0.02224 0.01726 0.01843 0.1571 -0.08947 -0.2909
173  0.806  0.001 0.01933 0.01508 0.01843 -0.1373 0.01334 -0.2096
177  0.8215  0.001 0.01964 0.01839 0.01843 0.01436 -0.2672 -0.1209
38  0.9592  0.001 0.02358 0.0167 0.01711 -0.09246 -0.02989 0.001064
26  0.9629  0.001 0.02401 0.01784 0.01716 -0.03468 -0.02109 -0.02588
103  0.9658  0.001 0.02248 0.01678 0.01843 0.004437 -0.09525 -0.2985
112  0.9664  0.001 0.02402 0.01908 0.01843 -0.105 -0.04652 -0.1461
110  1.099  0.001 0.02415 0.01915 0.01798 -0.01726 -0.04421 0.01777
105  1.111  0.001 0.01744 0.01603 0.01843 -0.1755 -0.09549 -0.115
17  1.149  0.001 0.02312 0.01961 0.01843 0.01019 -0.0465 -0.1211
2  1.149  0.001 0.01569 0.01692 0.01843 0.09286 -0.06462 -0.1272
44  1.155  0.001 0.01744 0.01767 0.01843 -0.06768 -0.1497 -0.0915
146  1.157  0.001 0.02174 0.01678 0.01843 -0.08077 0.07418 -0.1769
165  1.16  0.001 0.01463 0.01852 0.01843 0.04483 -0.1009 -0.1495
154  1.161  0.001 0.01804 0.01923 0.01843 -0.1229 -0.05202 -0.1792
53  1.161  0.001 0.01635 0.01857 0.01843 0.1604 0.01592 -0.09399
44  1.165  0.001 0.01567 0.01687 0.01843 -0.04497 -0.06494 -0.1831
56  1.171  0.001 0.01408 0.01898 0.01843 0.08044 -0.07708 -0.1532
154  1.179  0.001 0.01658 0.01966 0.01843 -0.07174 0.03854 -0.02589
110  1.182  0.001 0.02119 0.01691 0.01843 -0.06332 0.03829 -0.2973
8  1.183  0.001 0.02414 0.01874 0.01724 -0.08513 -0.0631 0.01542
105  1.191  0.001 0.01546 0.01924 0.01843 -0.02779 0.01945 -0.05195
100  1.194  0.001 0.01429 0.01722 0.01707 0.06079 -0.04427 -0.023
19  1.195  0.001 0.01612 0.0182 0.01843 0.004902 0.06707 -0.05122
25  1.199  0.001 0.01434 0.01743 0.01843 0.1113 0.03783 -0.1926
41  1.199  0.001 0.01937 0.01606 0.01843 0.2937 -0.4583 -0.1572
155  1.201  0.001 0.01997 0.01977 0.01843 0.155 0.1279 -0.3612
48  1.207  0.001 0.01405 0.01801 0.01696 0.1014 0.01137 -0.1341
184  1.209  0.001 0.0194 0.01396 0.01833 0.08928 0.09344 -0.2515
122  1.214  0.001 0.01473 0.01635 0.01639 0.07979 -0.09884 -0.1551
66  1.214  0.001 0.0146 0.01655 0.01735 0.0424 0.1269 -0.05807
39  1.214  0.001 0.02138 0.01451 0.01734 -0.0647 0.3541 -0.3888
1  1.216  0.001 0.01632 0.01474 0.01825 0.06392 0.09813 -0.1171
74  1.216  0.001 0.01885 0.01395 0.01746 0.07703 0.07532 -0.1849
116  1.219  0.001 0.01971 0.01938 0.01843 0.0901 -0.1355 -0.1347
137  1.221  0.001 0.02346 0.01727 0.01843 -0.1191 0.008151 -0.4223
59  1.224  0.001 0.01697 0.0144 0.01786 0.1267 0.2639 0.06051
185  1.227  0.001 0.02159 0.0186 0.01843 -0.02261 -0.2253 -0.4843
55  1.229  0.001 0.02007 0.01908 0.01843 -0.0339 0.2127 -0.1187
108  1.232  0.001 0.01426 0.01932 0.01843 0.108 -0.05504 -0.537
96  1.234  0.001 0.01704 0.01571 0.01843 -0.1374 -0.2273 -0.3702
169  1.235  0.001 0.02025 0.01697 0.01843 -0.08979 -0.1057 -0.04451
80  1.239  0.001 0.01785 0.01669 0.01843 0.01547 -0.1297 -0.274
127  1.246  0.001 0.02092 0.01902 0.01843 0.2139 -0.1738 -0.3456
33  1.252  0.001 0.02353 0.01926 0.01843 -0.1274 0.04219 -0.5454
7  1.258  0.001 0.01788 0.0146 0.01843 0.02337 0.07819 -0.663
176  1.264  0.001 0.02218 0.01606 0.01843 0.1383 0.08607 -0.6065
95  1.269  0.001 0.02185 0.01763 0.01843 0.01613 0.1765 -0.7017
185  1.273  0.001 0.01995 0.01758 0.01843 -0.1837 -0.2217 -0.2
136  1.278  0.001 0.02176 0.01928 0.01843 -0.05037 0.1902 -0.6618
95  1.28  0.001 0.01583 0.01808 0.01843 -0.3361 0.6486 -0.1929
113  1.294  0.001 0.01797 0.01828 0.01843 0.1899 0.2344 -0.5763
137  1.294  0.001 0.02006 0.01417 0.01843 -0.09218 0.04769 -0.2289
35  1.412  0.001 0.02416 0.01909 0.01814 -0.07901 0.006355 -0.1639
176  1.436  0.001 0.0154 0.01576 0.01843 0.04939 0.06385 -0.3153
53  1.471  0.001 0.02063 0.01756 0.01843 0.1263 -0.296 -0.3525
36  1.479  0.001 0.01649 0.01899 0.01843 0.2198 0.2333 -0.7289
176   1.5  0.001 0.01763 0.01415 0.01637 0.07699 0.08316 -0.1484
154  1.508  0.001 0.01736 0.01681 0.01843 -0.217 -0.1286 -0.3974
17  1.542  0.001 0.02414 0.01949 0.01746 -0.03599 -0.04013 -0.009102
42  1.556  0.001 0.01926 0.01413 0.01843 -0.026 0.1772 -0.2215
99  1.597  0.001 0.02099 0.01817 0.01843 -0.08883 -0.08471 -0.1103
42  1.61  0.001 0.01685 0.01519 0.01843 -0.09307 0.08971 -0.08777
56  1.626  0.001 0.01968 0.01971 0.01843 -0.009997 0.01054 -0.4207
90  1.65  0.001 0.02295 0.01773 0.01843 -0.09125 0.0165 -0.129
34  1.653  0.001 0.01586 0.01942 0.01843 0.1214 -0.1427 -0.2047
184  1.662  0.001 0.0142 0.01748 0.01757 0.09323 -0.01055 -0.09622
91  1.665  0.001 0.02194 0.01634 0.01843 -0.06812 -0.05876 -0.2112
37  1.678  0.001 0.019 0.01882 0.01843 0.1684 0.08013 -0.4209
144  1.685  0.001 0.01602 0.01495 0.01735 0.1319 -0.01786 -0.2035
90  1.686  0.001 0.02179 0.01888 0.01843 -0.008992 0.03949 -0.04919
48  1.703  0.001 0.02048 0.01694 0.01843 0.04918 -0.1029 -0.1764
112  1.704  0.001 0.01858 0.01516 0.01843 0.08515 -0.002881 -0.3826
6  1.705  0.001 0.01519 0.01572 0.01817 0.04533 0.1751 -0.2435
34  1.716  0.001 0.02005 0.01934 0.01843 0.1601 0.1574 -0.1368
95  1.716  0.001 0.01789 0.01837 0.01843 0.2419 -0.07402 -0.2774
182  1.718  0.001 0.01778 0.01926 0.01843 -0.06468 -0.1109 -0.225
87  1.731  0.001 0.01521 0.01701 0.01843 -0.0601 0.09571 -0.5507
96  1.731  0.001 0.01842 0.017 0.01843 0.1366 0.1188 -0.1661
41  1.734  0.001 0.01798 0.01406 0.0184 0.05266 0.1894 0.004189
142  1.739  0.001 0.01479 0.01624 0.01765 0.234 0.1189 -0.1776
182  1.742  0.001 0.01665 0.01879 0.01843 -0.2332 0.1715 -0.2546
178  1.744  0.001 0.01873 0.01798 0.01843 0.2686 -0.02145 -0.2975
132  1.767  0.001 0.0196 0.01421 0.01843 -0.06801 0.2419 -0.5396
141  1.77  0.001 0.01638 0.01629 0.01843 0.1812 -0.0234 -0.6247
52  1.772  0.001 0.02011 0.01406 0.01836 -0.1463 0.4038 -0.1932
64   1.8  0.001 0.01693 0.01841 0.01843 -0.1696 -0.3862 -0.1365
26  1.814  0.001 0.0226 0.01973 0.01843 0.32 0.03554 -0.3438
90  1.815  0.001 0.01524 0.01995 0.01843 0.02674 -0.121 -0.1063
89  1.826  0.001 0.01905 0.01802 0.01843 0.2302 0.1522 -0.2152
35  1.826  0.001 0.01711 0.01678 0.01843 -0.08798 -0.1188 -0.345
179  1.835  0.001 0.01834 0.01956 0.01843 0.01521 -0.2584 -0.3943
38  1.836  0.001 0.02387 0.01738 0.01735 -0.05742 0.0213 -0.1236
171  1.839  0.001 0.02208 0.01796 0.01843 0.1008 0.2424 -0.2824
18  1.843  0.001 0.01516 0.0187 0.01843 -0.3241 -0.02012 -0.2116
132  1.872  0.001 0.02415 0.01924 0.0183 -0.1533 -0.005223 -0.3016
167  1.876  0.001 0.0241 0.01975 0.0171 -0.08556 -0.03341 -0.1002
4  1.877  0.001 0.0241 0.0183 0.01821 -0.004322 0.102 -0.479
179  1.899  0.001 0.01842 0.01796 0.01843 0.0003167 -0.008949 -0.2641
97  1.931  0.001 0.01979 0.01758 0.01843 0.2343 0.1105 -0.08896
179  1.95  0.001 0.01858 0.01877 0.01843 0.003468 0.01951 -0.1751
68  2.118  0.001 0.01649 0.01655 0.01843 -0.115 0.08288 -0.4365
97  2.138  0.001 0.02121 0.0168 0.01843 -0.07244 -0.09051 -0.1283
87  2.169  0.001 0.01793 0.01693 0.01843 -0.1666 0.1111 -0.697
126  2.169  0.001 0.02354 0.01662 0.01694 -0.08067 -0.05401 -0.0824
67  2.178  0.001 0.02304 0.01671 0.01843 0.09198 0.06153 -0.7971
68  2.198  0.001 0.01594 0.01506 0.01843 0.05486 0.06729 -0.3123
95  2.223  0.001 0.01936 0.01714 0.01843 0.06978 0.1926 -0.2062
178  2.231  0.001 0.02194 0.02007 0.01843 0.1152 0.2249 -0.429
178  2.26  0.001 0.01416 0.01897 0.01843 -0.3109 -0.0542 -0.08809
178  2.277  0.001 0.01661 0.0194 0.01843 0.248 0.0431 -0.04402
87  2.298  0.001 0.01753 0.01474 0.01843 -0.012 0.1257 -0.5283
60  2.336  0.001 0.01954 0.01758 0.01843 -0.02688 -0.1148 -0.1345
178  2.387  0.001 0.01835 0.01787 0.01843 0.03501 0.1667 -0.3453
45  2.508  0.001 0.01428 0.01726 0.0178 0.1428 -0.05635 -0.2025
84  2.572  0.001 0.02058 0.01572 0.01843 -0.04318 0.245 -0.07325
53  2.593  0.001 0.02203 0.01862 0.01843 -0.1299 -0.08793 -0.02298
68  2.637  0.001 0.01807 0.01979 0.01843 0.07863 -0.1618 -0.3487
49  2.681  0.001 0.01956 0.01898 0.01843 0.2602 -0.02547 -0.1556
25  2.691  0.001 0.01739 0.01605 0.01843 -0.005483 0.147 -0.2191
54  2.703  0.001 0.02188 0.01988 0.01843 -0.09451 0.06076 -0.09921
49  2.723  0.001 0.02393 0.01818 0.01843 0.007633 -0.1281 -0.04893
96  2.735  0.001 0.01907 0.01915 0.01843 -0.03972 -0.03529 -0.06736
25  2.742  0.001 0.01748 0.01557 0.01843 0.003006 -0.03752 -0.1668
89  2.75  0.001 0.02359 0.01676 0.01843 -0.1074 0.002807 -0.09768
171  2.758  0.001 0.02201 0.01489 0.01804 -0.1118 0.1027 -0.05037
148  2.776  0.001 0.02224 0.0173 0.01843 0.2303 -0.01251 -0.2764
154  2.784  0.001 0.01699 0.01559 0.01843 0.09581 -0.1162 -0.3361
79  2.785  0.001 0.01503 0.01737 0.01843 -0.007528 0.04176 -0.1021
23  2.788  0.001 0.01931 0.01939 0.01843 -0.0597 0.009127 -0.2571
148  2.801  0.001 0.01905 0.01709 0.01843 -0.1994 0.1704 -0.06255
67  2.819  0.001 0.02135 0.0145 0.01691 0.0447 0.1211 -0.1449
104  2.819  0.001 0.01657 0.01459 0.01734 0.118 0.14 -0.1534
184  2.824  0.001 0.01819 0.01402 0.01742 0.1442 0.2028 -0.323
82  2.851  0.001 0.01579 0.01568 0.01843 0.1133 0.05736 -0.6789
159  2.869  0.001 0.01704 0.01436 0.01729 0.1644 -0.04648 -0.0278
148  2.907  0.001 0.01524 0.01566 0.0184 0.08442 0.1012 0.03804
148  2.914  0.001 0.0158 0.01634 0.01843 0.08442 0.1012 -0.02749
98  2.915  0.001 0.01598 0.01946 0.01843 0.1135 0.1003 -0.4905
91  2.936  0.001 0.02153 0.01714 0.01843 0.351 -0.1027 -0.2838
187  2.977  0.001 0.01837 0.01765 0.01843 -0.05001 0.1923 -0.161
35  3.079  0.001 0.02384 0.0181 0.01843 0.1451 -0.1241 -0.08417
187  3.086  0.001 0.02224 0.01553 0.01843 0.1227 -0.1511 -0.1151
14  3.107  0.001 0.02037 0.01777 0.01843 -0.148 0.1073 -0.1483
136  3.113  0.001 0.01953 0.01726 0.01843 -0.0542 0.1649 -0.1477
131  3.123  0.001 0.02217 0.01602 0.01843 -0.05803 -0.1701 -0.06921
23  3.126  0.001 0.01925 0.01698 0.01843 -0.05194 -0.007319 -0.07609
87  3.13  0.001 0.02275 0.01554 0.01772 -0.09864 0.01373 -0.07523
115  3.134  0.001 0.02332 0.01625 0.01668 -0.07909 -0.02032 -0.1594
177  3.152  0.001 0.01842 0.01869 0.01843 0.1113 0.1951 -0.2147
42  3.155  0.001 0.01546 0.01949 0.01843 0.1147 -0.1252 -0.1784
85  3.156  0.001 0.02051 0.01947 0.01843 -0.0003655 -0.04966 -0.0832
54  3.166  0.001 0.02074 0.01648 0.01843 -0.1645 -0.2438 -0.1442
42  3.188  0.001 0.01722 0.01806 0.01843 0.03373 -0.01715 -0.05368
171  3.189  0.001 0.01966 0.01623 0.01843 -0.1059 0.1184 -0.2676
87  3.195  0.001 0.01788 0.01479 0.01843 -0.08817 0.007559 -0.1565
39  3.246  0.001 0.01769 0.01548 0.01843 -0.07207 0.1208 -0.388
17  3.26  0.001 0.02348 0.01886 0.01843 0.05428 -0.2348 -0.4066
17  3.288  0.001 0.02288 0.01798 0.01843 -0.009321 -0.0104 -0.01981
182  3.303  0.001 0.02103 0.01581 0.01843 -0.09657 0.03994 -0.3916
39  3.315  0.001 0.01753 0.01452 0.01843 -0.01219 0.09529 -0.255
65  3.323  0.001 0.02236 0.01517 0.01634 -0.08778 -0.05267 -0.06067
95  3.356  0.001 0.01455 0.01665 0.01787 0.179 0.09728 -0.1094
182  3.363  0.001 0.01932 0.01449 0.01843 -0.01632 0.08303 -0.2079
49  3.389  0.001 0.0204 0.01574 0.01843 -0.02292 -0.05092 -0.556
96  3.411  0.001 0.01569 0.01936 0.01843 0.1813 0.02589 -0.2461
143  3.443  0.001 0.01964 0.01878 0.01843 -0.1932 -0.1177 -0.353
131  3.461  0.001 0.02082 0.01815 0.01843 -0.2072 -0.2504 -0.07224
54  3.465  0.001 0.01791 0.01587 0.01843 -0.0003795 0.01726 -0.1214
112  3.47  0.001 0.02135 0.0145 0.01706 -0.08329 0.1402 -0.05909
74  3.47  0.001 0.02058 0.01713 0.01843 -0.1302 0.01657 -0.2078
39  3.473  0.001 0.0188 0.01816 0.01843 0.1354 -0.1046 -0.1953
149  3.506  0.001 0.01427 0.01726 0.01719 0.1195 0.01558 -0.0272
106  3.531  0.001 0.01579 0.02035 0.01843 -0.06459 0.117 -0.1363
131  3.537  0.001 0.02311 0.01997 0.01843 -0.1633 -0.004046 -0.02916
64  3.569  0.001 0.02408 0.01819 0.01687 -0.04962 -0.04392 0.008997
65  3.587  0.001 0.02036 0.01639 0.01843 -0.003663 0.1912 -0.6339
143  3.598  0.001 0.01525 0.01622 0.01843 0.1579 0.1524 -0.5319
62  3.605  0.001 0.01789 0.01723 0.01843 0.1969 0.02248 -0.1881
105  3.653  0.001 0.02414 0.01933 0.01735 -0.04078 0.01568 0.04258
143  3.682  0.001 0.01659 0.01458 0.01791 0.04601 0.06987 -0.3552
136  3.761  0.001 0.02101 0.02013 0.01843 0.212 0.1674 -0.2491
87  3.805  0.001 0.0176 0.01767 0.01843 0.1313 -0.02325 -0.5253
90  3.83  0.001 0.01465 0.01832 0.01843 -0.1383 -0.06548 -0.08195
10  3.884  0.001 0.02264 0.01857 0.01843 0.1668 -0.1208 -0.3025
87  3.893  0.001 0.01772 0.0146 0.01843 -0.004041 -0.0353 -0.3912
105  3.943  0.001 0.02239 0.01937 0.01843 0.2999 -0.0439 -0.1433
135  4.034  0.001 0.02365 0.01815 0.01843 0.1519 -0.1496 -0.05289
60  4.039  0.001 0.01939 0.016 0.01843 -0.01261 -0.1824 -0.1335
167  4.099  0.001 0.0168 0.01782 0.01843 0.04422 0.1545 -0.3344
74  4.144  0.001 0.01594 0.01533 0.01843 -0.2306 -0.1405 -0.5754
187  4.165  0.001 0.02033 0.0191 0.01843 0.1146 0.1735 -0.3517
184  4.316  0.001 0.01807 0.01885 0.01843 -0.1165 -0.1079 -0.1822
108  4.321  0.001 0.02011 0.01907 0.01843 -0.2028 -0.000783 -0.1403
63  4.325  0.001 0.02012 0.01879 0.01843 -0.2131 -0.1339 -0.08369
108  4.354  0.001 0.01601 0.01963 0.01843 -0.08001 0.03772 -0.04328
65  4.366  0.001 0.015 0.01596 0.01718 0.02947 0.1703 -0.2387
65  4.402  0.001 0.01623 0.0148 0.01835 0.1323 0.01525 -0.05298
