# ID time  diameter x y z u v w  (ex ey ez, color)
34  0.05317  0.001 0.01639 0.01987 0.01843    0    0 -0.01
235  0.05914  0.001 0.02222 0.02067 0.01843    0    0 -0.01
147  0.06392  0.001 0.02045 0.01613 0.01843    0    0 -0.01
250  0.06662  0.001 0.01759 0.01498 0.01843    0    0 -0.01
138  0.06866  0.001 0.01656 0.01692 0.01843    0    0 -0.01
104  0.07182  0.001 0.01616 0.02247 0.01843    0    0 -0.01
97  0.07955  0.001 0.01872 0.02302 0.01843    0    0 -0.01
160  0.08483  0.001 0.0163 0.01863 0.01843    0    0 -0.01
134  0.0854  0.001 0.01984 0.02264 0.01843    0    0 -0.01
132  0.08895  0.001 0.01647 0.02102 0.01843    0    0 -0.01
27  0.0962  0.001 0.01913 0.02014 0.01843    0    0 -0.01
139  0.1053  0.001 0.0183 0.01678 0.01843    0    0 -0.01
110  0.1068  0.001 0.01871 0.01898 0.01843    0    0 -0.01
9  0.1113  0.001 0.02059 0.02017 0.01843    0    0 -0.01
60  0.1229  0.001 0.01791 0.02168 0.01843    0    0 -0.01
190  0.1278  0.001 0.02068 0.017 0.01843    0    0 -0.01
76  0.1478  0.001 0.01562 0.02101 0.01843    0    0 -0.01
21  0.1625  0.001 0.01711 0.01814 0.01843    0    0 -0.01
129  0.1631  0.001 0.0228 0.02163 0.01843    0    0 -0.01
13  0.1643  0.001 0.01463 0.01945 0.01843    0    0 -0.01
191  0.1769  0.001 0.01917 0.02335 0.01843    0    0 -0.01
239  0.1774  0.001 0.01948 0.01932 0.01843    0    0 -0.01
154  0.1823  0.001 0.02328 0.01916 0.01843    0    0 -0.01
7  0.1841  0.001 0.01673 0.01615 0.01843    0    0 -0.01
98  0.1917  0.001 0.02163 0.01831 0.01843    0    0 -0.01
176  0.2017  0.001 0.01694 0.02189 0.01843    0    0 -0.01
113  0.2033  0.001 0.02111 0.01615 0.01843    0    0 -0.01
17  0.206  0.001 0.02091 0.02027 0.01843    0    0 -0.01
43  0.207  0.001 0.01482 0.01777 0.01843    0    0 -0.01
99  0.2159  0.001 0.01617 0.01891 0.01843    0    0 -0.01
102  0.2189  0.001 0.0173 0.0233 0.01843    0    0 -0.01
129  0.2324  0.001 0.02121 0.01953 0.01843 0.1967 0.1252 -0.1968
168  0.2337  0.001 0.01555 0.02204 0.01843    0    0 -0.01
245  0.2479  0.001 0.01804 0.02247 0.01843    0    0 -0.01
162  0.2501  0.001 0.01545 0.01635 0.01843    0    0 -0.01
24  0.2578  0.001 0.01754 0.01674 0.01843    0    0 -0.01
189  0.2688  0.001 0.0229 0.01804 0.01843    0    0 -0.01
227  0.2702  0.001 0.02115 0.01512 0.01843    0    0 -0.01
253  0.2798  0.001 0.02154 0.02119 0.01843    0    0 -0.01
52  0.2912  0.001 0.01943 0.02314 0.01843    0    0 -0.01
184  0.2917  0.001 0.02168 0.0177 0.01843    0    0 -0.01
175  0.3013  0.001 0.01918 0.02217 0.01843    0    0 -0.01
231  0.3049  0.001 0.01737 0.01784 0.01843    0    0 -0.01
238  0.3126  0.001 0.01954 0.01846 0.01843    0    0 -0.01
40  0.3195  0.001 0.0216 0.01895 0.01843    0    0 -0.01
93  0.323  0.001 0.01737 0.02071 0.01843    0    0 -0.01
95  0.3248  0.001 0.01616 0.01567 0.01843    0    0 -0.01
86  0.3315  0.001 0.01851 0.01681 0.01843    0    0 -0.01
208  0.3371  0.001 0.02267 0.017 0.01843    0    0 -0.01
61  0.3423  0.001 0.01517 0.01768 0.01843    0    0 -0.01
96  0.3541  0.001 0.01501 0.0202 0.01843    0    0 -0.01
45  0.3594  0.001 0.02211 0.02042 0.01843    0    0 -0.01
213  0.3644  0.001 0.0162 0.01808 0.01843    0    0 -0.01
145  0.3677  0.001 0.01563 0.01933 0.01843    0    0 -0.01
20  0.368  0.001 0.01962 0.01486 0.01843    0    0 -0.01
18  0.3966  0.001 0.01952 0.02012 0.01843    0    0 -0.01
33  0.4006  0.001 0.02169 0.01713 0.01843    0    0 -0.01
1  0.4077  0.001 0.02081 0.01787 0.01843    0    0 -0.01
178  0.4118  0.001 0.01714 0.01984 0.01843    0    0 -0.01
234  0.4187  0.001 0.01655 0.019 0.01843    0    0 -0.01
201  0.4204  0.001 0.0202 0.02347 0.01843    0    0 -0.01
58  0.4211  0.001 0.01666 0.02269 0.01843    0    0 -0.01
136  0.4234  0.001 0.02088 0.01981 0.01843    0    0 -0.01
193  0.4262  0.001 0.0213 0.02224 0.01843    0    0 -0.01
143  0.4284  0.001 0.01495 0.01817 0.01843    0    0 -0.01
187  0.4334  0.001 0.02219 0.02125 0.01843    0    0 -0.01
12  0.4372  0.001 0.01826 0.02318 0.01843    0    0 -0.01
25  0.4389  0.001 0.01985 0.01664 0.01843    0    0 -0.01
159  0.4451  0.001 0.01746 0.02112 0.01843    0    0 -0.01
215  0.4512  0.001 0.01686 0.01645 0.01843    0    0 -0.01
164  0.4514  0.001 0.02136 0.01577 0.01843    0    0 -0.01
36  0.4627  0.001 0.02103 0.02112 0.01843    0    0 -0.01
218  0.4678  0.001 0.01793 0.02221 0.01843    0    0 -0.01
212  0.4696  0.001 0.01521 0.02155 0.01843    0    0 -0.01
214  0.4804  0.001 0.0183 0.01908 0.01843    0    0 -0.01
174  0.4947  0.001 0.01965 0.01827 0.01843    0    0 -0.01
194  0.5005  0.001 0.01511 0.01726 0.01843    0    0 -0.01
5  0.5073  0.001 0.01997 0.01562 0.01843    0    0 -0.01
157  0.5108  0.001 0.01665 0.02084 0.01843    0    0 -0.01
2  0.5116  0.001 0.01628 0.01757 0.01843    0    0 -0.01
205  0.5258  0.001 0.02304 0.01702 0.01843    0    0 -0.01
106  0.5303  0.001 0.01842 0.02092 0.01843    0    0 -0.01
111  0.5352  0.001 0.02183 0.01624 0.01843    0    0 -0.01
109  0.5363  0.001 0.01568 0.01649 0.01843    0    0 -0.01
232  0.5365  0.001 0.01854 0.01581 0.01843    0    0 -0.01
216  0.5384  0.001 0.0203 0.01995 0.01843    0    0 -0.01
180  0.5386  0.001 0.01715 0.01514 0.01843    0    0 -0.01
142  0.5668  0.001 0.02311 0.01818 0.01843    0    0 -0.01
252  0.5683  0.001 0.01892 0.01955 0.01843    0    0 -0.01
10  0.5744  0.001 0.01808 0.02272 0.01843    0    0 -0.01
53  0.5898  0.001 0.02289 0.02038 0.01843    0    0 -0.01
219  0.6029  0.001 0.01503 0.02091 0.01843    0    0 -0.01
62  0.614  0.001 0.02153 0.02145 0.01843    0    0 -0.01
152  0.62  0.001 0.021 0.01928 0.01843    0    0 -0.01
170  0.6221  0.001 0.01457 0.01927 0.01843    0    0 -0.01
23  0.6253  0.001 0.01723 0.01959 0.01843    0    0 -0.01
39  0.6331  0.001 0.02185 0.01815 0.01843    0    0 -0.01
220  0.6333  0.001 0.01656 0.0179 0.01843    0    0 -0.01
150  0.6351  0.001 0.01955 0.02079 0.01843    0    0 -0.01
133  0.6373  0.001 0.017 0.02139 0.01843    0    0 -0.01
137  0.6381  0.001 0.01816 0.02008 0.01843    0    0 -0.01
131  0.6386  0.001 0.01488 0.01786 0.01843    0    0 -0.01
163  0.6422  0.001 0.0207 0.01582 0.01843    0    0 -0.01
229  0.6428  0.001 0.0176 0.01613 0.01843    0    0 -0.01
236  0.6505  0.001 0.01902 0.0219 0.01843    0    0 -0.01
155  0.651  0.001 0.01941 0.01807 0.01843    0    0 -0.01
42  0.6615  0.001 0.02035 0.01736 0.01843    0    0 -0.01
236  0.6624  0.001 0.0181 0.02106 0.01843 0.2099 -0.1824 -0.2734
49  0.6657  0.001 0.01769 0.01745 0.01843    0    0 -0.01
210  0.6664  0.001 0.0204 0.01858 0.01843    0    0 -0.01
103  0.6743  0.001 0.0217 0.02055 0.01843    0    0 -0.01
216  0.6841  0.001 0.02163 0.02211 0.01843 -0.09351 -0.08646 -0.1268
210  0.6992  0.001 0.02198 0.0197 0.01843 0.2204 0.09004 -0.2115
198  0.7038  0.001 0.01887 0.01494 0.01843    0    0 -0.01
57  0.7097  0.001 0.01552 0.01988 0.01843    0    0 -0.01
108  0.7122  0.001 0.0216 0.01586 0.01843    0    0 -0.01
19  0.7171  0.001 0.01712 0.02242 0.01843    0    0 -0.01
156  0.7224  0.001 0.01698 0.01854 0.01843    0    0 -0.01
80  0.7409  0.001 0.01688 0.0213 0.01843    0    0 -0.01
116  0.7454  0.001 0.01603 0.01891 0.01843    0    0 -0.01
107  0.7475  0.001 0.02296 0.01804 0.01843    0    0 -0.01
115  0.7531  0.001 0.02047 0.0195 0.01843    0    0 -0.01
196  0.7569  0.001 0.01602 0.01569 0.01843    0    0 -0.01
192  0.7577  0.001 0.02155 0.01829 0.01843    0    0 -0.01
123  0.7603  0.001 0.01684 0.01964 0.01843    0    0 -0.01
105  0.7779  0.001 0.01763 0.0152 0.01843    0    0 -0.01
32  0.7825  0.001 0.01888 0.02229 0.01843    0    0 -0.01
117  0.7827  0.001 0.01968 0.01637 0.01843    0    0 -0.01
128  0.795  0.001 0.01953 0.01867 0.01843    0    0 -0.01
199  0.7971  0.001 0.02102 0.01621 0.01843    0    0 -0.01
141  0.7984  0.001 0.02181 0.01962 0.01843    0    0 -0.01
142  0.8023  0.001 0.02078 0.01884 0.01843 -0.06666 -0.02273 -0.08296
74  0.8036  0.001 0.01815 0.02297 0.01843    0    0 -0.01
88  0.8066  0.001 0.02043 0.02121 0.01843    0    0 -0.01
171  0.8135  0.001 0.02089 0.01773 0.01843    0    0 -0.01
70  0.8141  0.001 0.02335 0.02054 0.01843    0    0 -0.01
30  0.8287  0.001 0.01971 0.02318 0.01843    0    0 -0.01
85  0.832  0.001 0.01688 0.01696 0.01843    0    0 -0.01
254  0.8347  0.001 0.01985 0.01743 0.01843    0    0 -0.01
144  0.8455  0.001 0.01803 0.01874 0.01843    0    0 -0.01
92  0.8456  0.001 0.02119 0.02175 0.01843    0    0 -0.01
41  0.8485  0.001 0.01653 0.01864 0.01843    0    0 -0.01
35  0.8608  0.001 0.0186 0.01972 0.01843    0    0 -0.01
6  0.8632  0.001 0.01482 0.01773 0.01843    0    0 -0.01
240  0.8689  0.001 0.02228 0.018 0.01843    0    0 -0.01
64  0.877  0.001 0.02031 0.01563 0.01843    0    0 -0.01
121  0.8801  0.001 0.02356 0.01891 0.01843    0    0 -0.01
223  0.8924  0.001 0.01917 0.01547 0.01843    0    0 -0.01
203  0.8963  0.001 0.01456 0.01956 0.01843    0    0 -0.01
54  0.8994  0.001 0.01829 0.02213 0.01843    0    0 -0.01
124  0.9082  0.001 0.01952 0.01848 0.01843    0    0 -0.01
149  0.9126  0.001 0.0176 0.02316 0.01843    0    0 -0.01
225  0.9166  0.001 0.02126 0.0204 0.01843    0    0 -0.01
237  0.9227  0.001 0.01576 0.01741 0.01843    0    0 -0.01
94  0.9358  0.001 0.01871 0.02356 0.01843    0    0 -0.01
38  0.9456  0.001 0.01873 0.0173 0.01843    0    0 -0.01
181  0.9534  0.001 0.01572 0.01929 0.01843    0    0 -0.01
82  0.9634  0.001 0.01999 0.02003 0.01843    0    0 -0.01
158  0.9656  0.001 0.01813 0.01548 0.01843    0    0 -0.01
28  0.9722  0.001 0.01948 0.01647 0.01843    0    0 -0.01
90  0.9769  0.001 0.02262 0.01886 0.01843    0    0 -0.01
243  0.9829  0.001 0.02142 0.02272 0.01843    0    0 -0.01
101  0.9889  0.001 0.01545 0.0212 0.01843    0    0 -0.01
179  0.9931  0.001 0.02016 0.02316 0.01843    0    0 -0.01
50  0.9953  0.001 0.02131 0.02105 0.01843    0    0 -0.01
233  0.9972  0.001 0.01536 0.01815 0.01843    0    0 -0.01
206  1.001  0.001 0.02215 0.02159 0.01843    0    0 -0.01
251  1.004  0.001 0.02085 0.01678 0.01843    0    0 -0.01
140  1.009  0.001 0.02194 0.01688 0.01843    0    0 -0.01
195  1.01  0.001 0.01948 0.02148 0.01843    0    0 -0.01
41  1.022  0.001 0.01808 0.01801 0.01843 0.01471 0.1916 -0.1957
194  1.025  0.001 0.01724 0.01491 0.01843 -0.04162 -0.1594 -0.109
173  1.027  0.001 0.01619 0.02008 0.01843    0    0 -0.01
185  1.028  0.001 0.01719 0.02313 0.01843    0    0 -0.01
124  1.033  0.001 0.01483 0.01617 0.01709 0.09076 0.1072 -0.2523
31  1.034  0.001 0.01766 0.0201 0.01843    0    0 -0.01
135  1.034  0.001 0.01716 0.02143 0.01843    0    0 -0.01
29  1.035  0.001 0.01702 0.01859 0.01843    0    0 -0.01
65  1.048  0.001 0.02053 0.01565 0.01843    0    0 -0.01
123  1.053  0.001 0.0222 0.01749 0.01843 0.07828 0.04669 -0.1347
52  1.054  0.001 0.02349 0.02078 0.01758 0.4129 -0.7825 1.105
82  1.058  0.001 0.01962 0.01944 0.01843 -0.04374 0.05543 -0.4577
179  1.06  0.001 0.01864 0.02399 0.01843 0.05138 0.09 -0.08193
236  1.064  0.001 0.0228 0.01871 0.01843 0.09602 0.003773 -0.1799
81  1.066  0.001 0.02044 0.01858 0.01843    0    0 -0.01
4  1.072  0.001 0.01626 0.01686 0.01843    0    0 -0.01
186  1.08  0.001 0.02087 0.02195 0.01843    0    0 -0.01
249  1.08  0.001 0.01506 0.01911 0.01843    0    0 -0.01
197  1.082  0.001 0.01844 0.0214 0.01843    0    0 -0.01
209  1.094  0.001 0.01774 0.0223 0.01843    0    0 -0.01
125  1.095  0.001 0.02314 0.01765 0.01843    0    0 -0.01
68  1.105  0.001 0.0222 0.02101 0.01843    0    0 -0.01
77  1.109  0.001 0.01958 0.02208 0.01843    0    0 -0.01
37  1.111  0.001 0.01944 0.01617 0.01843    0    0 -0.01
91  1.116  0.001 0.01822 0.02322 0.01843    0    0 -0.01
100  1.125  0.001 0.01747 0.01859 0.01843    0    0 -0.01
155  1.126  0.001 0.01532 0.0196 0.01843 -0.08214 0.0001443 -0.2475
47  1.147  0.001 0.02229 0.01842 0.01843    0    0 -0.01
155  1.147  0.001 0.01447 0.02054 0.01843 -0.05942 0.02107 -0.08478
59  1.154  0.001 0.02068 0.01794 0.01843    0    0 -0.01
188  1.161  0.001 0.01484 0.01752 0.01843    0    0 -0.01
89  1.165  0.001 0.01789 0.01638 0.01843    0    0 -0.01
8  1.17  0.001 0.02325 0.01895 0.01843    0    0 -0.01
165  1.171  0.001 0.01543 0.02166 0.01843    0    0 -0.01
16  1.176  0.001 0.0164 0.01659 0.01843    0    0 -0.01
247  1.189  0.001 0.02286 0.01693 0.01843    0    0 -0.01
172  1.19  0.001 0.01836 0.02136 0.01843    0    0 -0.01
3  1.194  0.001 0.02304 0.02012 0.01843    0    0 -0.01
161  1.195  0.001 0.02125 0.01911 0.01843    0    0 -0.01
69  1.201  0.001 0.0174 0.0211 0.01843    0    0 -0.01
217  1.211  0.001 0.01732 0.0173 0.01843    0    0 -0.01
204  1.211  0.001 0.01955 0.01906 0.01843    0    0 -0.01
79  1.213  0.001 0.02127 0.02095 0.01843    0    0 -0.01
207  1.219  0.001 0.02175 0.01542 0.01843    0    0 -0.01
206  1.22  0.001 0.02274 0.01553 0.01772 -0.2096 0.1328 -0.4598
228  1.221  0.001 0.01998 0.01523 0.01843    0    0 -0.01
130  1.222  0.001 0.02088 0.02226 0.01843    0    0 -0.01
182  1.225  0.001 0.01576 0.0207 0.01843    0    0 -0.01
14  1.227  0.001 0.01703 0.02308 0.01843    0    0 -0.01
68  1.239  0.001 0.02223 0.02253 0.01843 0.2424 -0.1478 -0.3366
119  1.246  0.001 0.01898 0.02029 0.01843    0    0 -0.01
177  1.254  0.001 0.01937 0.02316 0.01843    0    0 -0.01
11  1.255  0.001 0.01504 0.01872 0.01843    0    0 -0.01
112  1.264  0.001 0.02014 0.02048 0.01843    0    0 -0.01
211  1.278  0.001 0.01681 0.01867 0.01843    0    0 -0.01
183  1.282  0.001 0.01967 0.01625 0.01843    0    0 -0.01
83  1.283  0.001 0.01894 0.01545 0.01843    0    0 -0.01
51  1.283  0.001 0.01577 0.01801 0.01843    0    0 -0.01
255  1.295  0.001 0.02178 0.02028 0.01843    0    0 -0.01
66  1.311  0.001 0.02205 0.01867 0.01843    0    0 -0.01
244  1.317  0.001 0.01748 0.02225 0.01843    0    0 -0.01
44  1.318  0.001 0.01863 0.01723 0.01843    0    0 -0.01
15  1.323  0.001 0.02053 0.01703 0.01843    0    0 -0.01
46  1.341  0.001 0.01998 0.02162 0.01843    0    0 -0.01
242  1.346  0.001 0.01454 0.01972 0.01843    0    0 -0.01
167  1.349  0.001 0.0163 0.0214 0.01843    0    0 -0.01
151  1.351  0.001 0.0234 0.02 0.01843    0    0 -0.01
246  1.356  0.001 0.0174 0.01488 0.01843    0    0 -0.01
75  1.357  0.001 0.01804 0.0197 0.01843    0    0 -0.01
120  1.359  0.001 0.02157 0.02285 0.01843    0    0 -0.01
56  1.371  0.001 0.0234 0.01844 0.01843    0    0 -0.01
221  1.376  0.001 0.01858 0.02309 0.01843    0    0 -0.01
153  1.383  0.001 0.02067 0.01857 0.01843    0    0 -0.01
73  1.385  0.001 0.01833 0.02209 0.01843    0    0 -0.01
48  1.407  0.001 0.02045 0.01485 0.01843    0    0 -0.01
226  1.409  0.001 0.01601 0.01853 0.01843    0    0 -0.01
222  1.412  0.001 0.02185 0.02021 0.01843    0    0 -0.01
230  1.434  0.001 0.01854 0.01753 0.01843    0    0 -0.01
55  1.442  0.001 0.02214 0.02212 0.01843    0    0 -0.01
87  1.465  0.001 0.01611 0.01765 0.01843    0    0 -0.01
72  1.469  0.001 0.01511 0.01696 0.01843    0    0 -0.01
26  1.474  0.001 0.01705 0.02098 0.01843    0    0 -0.01
78  1.474  0.001 0.0198 0.02115 0.01843    0    0 -0.01
169  1.481  0.001 0.01817 0.02277 0.01843    0    0 -0.01
224  1.488  0.001 0.02009 0.02282 0.01843    0    0 -0.01
207  1.492  0.001 0.02313 0.01607 0.01843 0.017 0.02208 -0.1524
127  1.493  0.001 0.01837 0.0211 0.01843    0    0 -0.01
148  1.494  0.001 0.01852 0.01915 0.01843    0    0 -0.01
200  1.495  0.001 0.01773 0.0177 0.01843    0    0 -0.01
84  1.497  0.001 0.01984 0.01551 0.01843    0    0 -0.01
67  1.498  0.001 0.02234 0.01837 0.01843    0    0 -0.01
114  1.502  0.001 0.02085 0.02051 0.01843    0    0 -0.01
118  1.507  0.001 0.02199 0.01693 0.01843    0    0 -0.01
22  1.508  0.001 0.01862 0.01522 0.01843    0    0 -0.01
146  1.513  0.001 0.0212 0.01539 0.01843    0    0 -0.01
166  1.513  0.001 0.02103 0.02249 0.01843    0    0 -0.01
71  1.527  0.001 0.01692 0.01946 0.01843    0    0 -0.01
202  1.529  0.001 0.01518 0.02089 0.01843    0    0 -0.01
63  1.541  0.001 0.02206 0.02045 0.01843    0    0 -0.01
248  1.543  0.001 0.02129 0.0196 0.01843    0    0 -0.01
241  1.543  0.001 0.01632 0.02149 0.01843    0    0 -0.01
126  1.545  0.001 0.01989 0.01651 0.01843    0    0 -0.01
122  1.547  0.001 0.01864 0.01738 0.01843    0    0 -0.01
46  1.551  0.001 0.0241 0.01836 0.01774 -0.06469 -0.05526 -0.05637
150  1.578  0.001 0.01864 0.01976 0.01843 -0.07258 0.0003579 -0.1131
37  1.592  0.001 0.01998 0.01693 0.01843 0.2292 0.1407 -0.2142
63   1.6  0.001 0.02238 0.01752 0.01843 -0.0232 -0.1673 -0.1795
331  1.606  0.001 0.02224 0.02189 0.01843    0    0 -0.01
68  1.61  0.001 0.02304 0.02053 0.01843 0.09895 0.03013 -0.1512
161  1.611  0.001 0.01834 0.0189 0.01843 -0.07165 -0.1423 -0.1047
36  1.619  0.001 0.01727 0.01845 0.01843 0.2548 0.112 -0.168
178  1.62  0.001 0.02033 0.01628 0.01843 0.123 -0.07724 -0.1238
62  1.62  0.001 0.02195 0.01736 0.01843 0.001465 -0.1382 -0.1404
77  1.625  0.001 0.01908 0.02319 0.01843 0.02742 0.06087 -0.1562
292  1.629  0.001 0.01735 0.01524 0.01843    0    0 -0.01
30  1.631  0.001 0.02077 0.01968 0.01843 0.001924 0.04017 -0.148
252  1.639  0.001 0.01952 0.02018 0.01843 -0.00984 -0.04378 -0.1268
36  1.643  0.001 0.01855 0.02116 0.01843 0.0023 0.1141 -0.0437
31  1.643  0.001 0.02265 0.02101 0.01843 0.08318 0.01067 -0.2782
73  1.651  0.001 0.01598 0.01508 0.01843 0.04024 0.06878 -0.2275
127  1.655  0.001 0.01404 0.01947 0.01843 0.07299 -0.0338 -0.1957
85  1.657  0.001 0.02389 0.01745 0.01746 -0.04678 0.03489 -0.1028
106  1.668  0.001 0.02088 0.02284 0.01843 0.001124 0.04393 -0.261
47  1.67  0.001 0.01856 0.01397 0.01761 -0.01805 0.09022 -0.008569
297  1.673  0.001 0.01602 0.01779 0.01843    0    0 -0.01
336  1.678  0.001 0.01912 0.01629 0.01843    0    0 -0.01
315  1.682  0.001 0.01834 0.01805 0.01843    0    0 -0.01
91  1.699  0.001 0.01846 0.024 0.01746 0.05957 0.02805 0.09835
50   1.7  0.001 0.02258 0.01537 0.01767 -0.04424 0.1193 -0.003567
271  1.701  0.001 0.01982 0.01933 0.01843    0    0 -0.01
221  1.702  0.001 0.01524 0.02126 0.01843 0.07421 0.04286 -0.08222
323  1.732  0.001 0.01949 0.02156 0.01843    0    0 -0.01
106  1.737  0.001 0.01662 0.02304 0.01843 -0.1084 0.001102 -0.1328
120  1.738  0.001 0.02292 0.01572 0.01758 -0.2753 -0.06785 -0.1023
130  1.741  0.001 0.01746 0.0239 0.0175 0.1084 -0.06861 -0.04358
296  1.761  0.001 0.01811 0.02141 0.01843    0    0 -0.01
304  1.771  0.001 0.02237 0.01642 0.01843    0    0 -0.01
313  1.773  0.001 0.02024 0.01482 0.01843    0    0 -0.01
266  1.78  0.001 0.01926 0.01734 0.01843    0    0 -0.01
321  1.785  0.001 0.02251 0.01862 0.01843    0    0 -0.01
299  1.854  0.001 0.0201 0.01557 0.01843    0    0 -0.01
282  1.879  0.001 0.01819 0.02002 0.01843    0    0 -0.01
256  1.891  0.001 0.01746 0.02099 0.01843    0    0 -0.01
337  1.894  0.001 0.01666 0.02006 0.01843    0    0 -0.01
266  1.897  0.001 0.02032 0.01761 0.01843 0.000857 0.03778 -0.06376
201  1.905  0.001 0.01818 0.01402 0.01794 0.009704 0.05447 -0.1446
293  1.909  0.001 0.02215 0.01982 0.01843    0    0 -0.01
259  1.944  0.001 0.01506 0.01708 0.01843    0    0 -0.01
300  1.952  0.001 0.01724 0.02263 0.01843    0    0 -0.01
286  1.958  0.001 0.01561 0.01865 0.01843    0    0 -0.01
329  1.981  0.001 0.02011 0.02123 0.01843    0    0 -0.01
305  1.982  0.001 0.02073 0.01682 0.01843    0    0 -0.01
269  1.984  0.001 0.01517 0.02104 0.01843    0    0 -0.01
333  1.986  0.001 0.01964 0.01633 0.01843    0    0 -0.01
9  1.986  0.001 0.02342 0.02168 0.01754 -0.01647 -0.03396 0.05173
30  1.992  0.001 0.02182 0.02094 0.01843 -0.2601 -0.5434 -0.2489
255  1.993  0.001 0.02323 0.02124 0.01744 0.09627 -5.881e-05 0.3015
282  1.994  0.001 0.01679 0.01926 0.01843 -0.1089 -0.252 -0.2529
184  1.995  0.001 0.02329 0.0163 0.01744 -0.1513 -0.1257 0.0425
54  2.004  0.001 0.02148 0.02302 0.0175 0.0417 -0.07694 0.5834
152  2.005  0.001 0.02276 0.02092 0.01748 0.06075 -0.3439 0.3056
265  2.006  0.001 0.01707 0.02081 0.01843    0    0 -0.06425
312  2.01  0.001 0.01752 0.02324 0.01843 -0.1066 0.06995 -0.161
278  2.012  0.001 0.02199 0.02113 0.01843 -0.02193 -0.06134 -0.124
283  2.012  0.001 0.01762 0.01644 0.01843    0    0 -0.1262
280  2.012  0.001 0.01637 0.01736 0.01843    0    0 -0.1322
265  2.013  0.001 0.0168 0.02011 0.01843 -0.03953 -0.1055 -0.0288
289  2.014  0.001 0.01961 0.01809 0.01843 0.03555 -0.03655 -0.111
332  2.015  0.001 0.02186 0.01914 0.01843    0    0 -0.1575
341  2.017  0.001 0.02275 0.01853 0.01843    0    0 -0.1777
272  2.017  0.001 0.02232 0.01655 0.01843    0    0 -0.1814
338  2.019  0.001 0.0211 0.01712 0.01843    0    0 -0.1984
294  2.019  0.001 0.01799 0.02037 0.01843 -8.107e-05 0.01187 -0.1377
103  2.02  0.001 0.01753 0.02185 0.01843 -0.09148 -0.08061 -0.05226
295  2.02  0.001 0.01744 0.0184 0.01843    0    0 -0.2081
320  2.021  0.001 0.0172 0.01943 0.01843 -0.06597 -0.04709 -0.07249
311  2.022  0.001 0.01771 0.01491 0.01843    0    0 -0.2245
267  2.023  0.001 0.02118 0.01948 0.01843 -0.07369 0.03371 -0.07756
319  2.024  0.001 0.02094 0.01509 0.01843    0    0 -0.2466
291  2.025  0.001 0.01843 0.02142 0.01843    0    0 -0.251
302  2.025  0.001 0.02338 0.01762 0.01843    0    0 -0.2513
309  2.025  0.001 0.02166 0.01818 0.01843    0    0 -0.2593
270  2.027  0.001 0.01687 0.02261 0.01843 -0.001833 0.01827 -0.2623
156  2.028  0.001 0.01999 0.01987 0.01843 -0.07652 0.01462 -0.1586
307  2.028  0.001 0.01909 0.01504 0.01843    0    0 -0.2894
328  2.029  0.001 0.02028 0.01785 0.01843 -0.009255 -0.09972 -0.2174
262  2.029  0.001 0.01738 0.02157 0.01843 -0.07166 -0.0436 -0.2312
130  2.029  0.001 0.01499 0.02023 0.01843 -0.1469 -0.07359 -0.1568
330  2.029  0.001 0.0206 0.02164 0.01843    0    0 -0.2994
308  2.031  0.001 0.0175 0.01925 0.01843 -0.08436 -0.01677 -0.1327
214  2.031  0.001 0.01816 0.02236 0.01843 -0.001222 0.006527 -0.259
284  2.031  0.001 0.02167 0.01721 0.01843 0.03457 -0.1042 -0.3031
257  2.031  0.001 0.02065 0.01574 0.01843    0    0 -0.3169
274  2.031  0.001 0.01919 0.02224 0.01843    0    0 -0.3188
263  2.032  0.001 0.01823 0.01819 0.01843    0    0 -0.3227
317  2.033  0.001 0.01658 0.02037 0.01843 -0.0154 -0.03411 -0.2525
310  2.033  0.001 0.01881 0.01934 0.01843 -0.01826 -0.04903 -0.06335
316  2.034  0.001 0.0157 0.01653 0.01843    0    0 -0.3458
298  2.035  0.001 0.01738 0.02178 0.01843 0.004367 0.03082 -0.1098
327  2.035  0.001 0.01798 0.0203 0.01843 -0.06816 -0.04194 -0.2726
335  2.036  0.001 0.02287 0.02074 0.01843 -0.08478 0.09426 -0.1369
284  2.037  0.001 0.02182 0.01718 0.01843 -0.01541 0.09219 -0.05391
264  2.037  0.001 0.02238 0.01576 0.01843 0.1267 -0.1168 -0.0632
339  2.037  0.001 0.01456 0.01816 0.01843    0    0 -0.3736
318  2.037  0.001 0.01967 0.0158 0.01843    0    0 -0.3749
258  2.037  0.001 0.02313 0.01902 0.01843    0    0 -0.3757
324  2.038  0.001 0.01683 0.01535 0.01843    0    0 -0.3807
314  2.038  0.001 0.01715 0.0229 0.01843 0.06735 0.0244 -0.08453
152  2.039  0.001 0.02291 0.01765 0.01843 0.02687 -0.01402 -0.3335
306  2.039  0.001 0.01872 0.02042 0.01843 0.07086 -0.01351 -0.2735
322  2.039  0.001 0.01613 0.01827 0.01843 -0.1207 -0.1013 -0.2132
268  2.039  0.001 0.0181 0.02343 0.01843    0    0 -0.3954
287  2.04  0.001 0.01814 0.0185 0.01843 -0.1136 -0.04912 -0.2569
334  2.04  0.001 0.01781 0.02117 0.01843 0.01412 0.01364 -0.3715
290  2.04  0.001 0.02141 0.01882 0.01843    0    0 -0.4025
276  2.04  0.001 0.02308 0.02047 0.01843 0.007095 -0.01203 -0.2885
260  2.04  0.001 0.01982 0.02172 0.01843    0    0 -0.4059
284  2.041  0.001 0.02172 0.01715 0.01843 -0.02162 -0.009753 -0.01722
303  2.041  0.001 0.01579 0.02186 0.01843    0    0 -0.4107
275  2.042  0.001 0.01682 0.02151 0.01843 -0.1159 -0.05272 -0.2016
301  2.043  0.001 0.01623 0.01965 0.01843 -0.1041 0.04295 -0.1534
285  2.043  0.001 0.02266 0.01716 0.01843 -0.01369 -0.04173 -0.1789
255  2.043  0.001 0.0236 0.0168 0.01843 -0.0397 -0.08222 -0.1164
281  2.044  0.001 0.0153 0.02112 0.01843    0    0 -0.4409
340  2.044  0.001 0.01608 0.01648 0.01843    0    0 -0.4426
288  2.044  0.001 0.01957 0.01995 0.01843 0.002005 0.02043 -0.07129
326  2.045  0.001 0.018 0.02347 0.01843 -0.1465 0.04199 -0.2843
277  2.046  0.001 0.02007 0.02102 0.01843 -0.04347 0.09428 -0.1618
325  2.046  0.001 0.01794 0.01601 0.01843 -0.09722 -0.1201 -0.2534
279  2.049  0.001 0.0238 0.01886 0.01843 0.1101 -0.07864 -0.07585
285  2.058  0.001 0.02224 0.01671 0.01843 -0.02993 -0.02995 -0.05505
278  2.059  0.001 0.02058 0.02132 0.01843 0.01773 0.1161 -0.1164
273  2.062  0.001 0.02029 0.01426 0.01843 -0.0497 0.07682 -0.1614
263  2.091  0.001 0.01543 0.01674 0.01843 -0.08491 -0.04246 -0.1366
261  2.132  0.001 0.02295 0.02098 0.01843 -0.1575 0.0007652 -0.05323
261  2.146  0.001 0.02162 0.02081 0.01843 -0.08935 -0.01671 -0.04353
9  2.148  0.001 0.01856 0.01397 0.0177 -0.06113 0.1791 -0.4805
318  2.159  0.001 0.01665 0.01788 0.01843 -0.1214 0.05782 -0.05783
258  2.164  0.001 0.02382 0.01946 0.01843 -0.03595 0.01009 -0.07214
333  2.165  0.001 0.01761 0.01739 0.01843 -0.07337 0.05959 -0.09199
12  2.167  0.001 0.02142 0.02357 0.01823 0.03345 -0.1284 0.04651
328  2.181  0.001 0.01979 0.02128 0.01843 0.007717 0.126 -0.06237
8  2.193  0.001 0.02174 0.01754 0.01843 0.04986 -0.02031 -0.03364
284  2.199  0.001 0.02324 0.0191 0.01843 -0.01344 0.01006 -0.03106
292   2.2  0.001 0.02013 0.0178 0.01843 0.01397 -0.004585 -0.07145
83  2.208  0.001 0.02045 0.01668 0.01843 0.02256 -0.007508 -0.1128
37  2.217  0.001 0.01943 0.0221 0.01843 -0.0005645 0.08364 -0.2022
310  2.225  0.001 0.01906 0.01939 0.01843 0.02521 -0.04602 -0.04827
279  2.235  0.001 0.02315 0.01848 0.01843 -0.03121 0.0007392 -0.03937
12  2.244  0.001 0.01831 0.02388 0.01843 0.01825 -0.02807 -0.04894
275  2.26  0.001 0.01579 0.02095 0.01843 -0.04652 -0.04429 -0.04644
81  2.274  0.001 0.01396 0.01947 0.01769 0.05568 -0.03868 -0.001445
50  2.282  0.001 0.02231 0.02274 0.01843 0.0007948 0.07779 -0.1636
302  2.286  0.001 0.01671 0.01868 0.01843 -0.1 -0.0208 -0.06076
37  2.289  0.001 0.01634 0.02197 0.01843 -0.08982 -0.005032 -0.09975
7  2.298  0.001 0.02403 0.02016 0.01758 -0.03071 0.002702 -0.001826
299  2.298  0.001 0.01837 0.01487 0.01843 -0.03354 -0.0472 -0.1913
261  2.301  0.001 0.0192 0.02226 0.01843 -0.003503 -0.002552 -0.01182
146  2.317  0.001 0.02098 0.01675 0.01843 0.01936 -0.0786 -0.1874
288  2.32  0.001 0.01555 0.0155 0.01843 0.06135 0.04891 -0.1466
308  2.347  0.001 0.01667 0.01744 0.01843 0.04902 -0.0408 -0.02207
166  2.352  0.001 0.01958 0.0164 0.01746 -0.4791 -0.3046 0.6554
201  2.352  0.001 0.02174 0.01477 0.01743 0.00994 0.003936 0.1006
222  2.357  0.001 0.02081 0.01702 0.01746 -0.1345 0.07549 0.1775
107  2.357  0.001 0.02309 0.02216 0.01771 -0.07527 0.008681 0.07463
262  2.363  0.001 0.01686 0.02216 0.01843 -0.003962 -0.01841 -0.01334
326  2.364  0.001 0.01944 0.024 0.01843 0.0008118 -0.002712 -0.03732
156  2.375  0.001 0.01629 0.01814 0.01843 -0.1348 -0.06236 -0.07484
66  2.378  0.001 0.01798 0.02265 0.01843 -0.01609 -0.04168 -0.04691
329  2.389  0.001 0.01719 0.02142 0.01843 0.01744 -0.02471 -0.04044
326  2.391  0.001 0.01946 0.02408 0.01843 -0.002977 -0.009628 -0.07644
298  2.392  0.001 0.01495 0.02125 0.01843 -0.01102 -0.0915 -0.1158
57  2.393  0.001 0.02148 0.02055 0.01744 -0.001672 -0.1779 0.08426
222  2.399  0.001 0.01583 0.02018 0.01843 -0.08056 0.06997 -0.08351
85  2.401  0.001 0.01697 0.01481 0.01843 -0.002376 0.0926 -0.173
278  2.402  0.001 0.01396 0.01929 0.01758 0.07392 -0.1201 -0.2422
151  2.403  0.001 0.01794 0.01744 0.01843 -0.158 -0.1594 -0.09187
12  2.421  0.001 0.01956 0.02398 0.01843 0.05454 -0.02133 -0.04173
33  2.437  0.001 0.02023 0.02234 0.01843 0.04658 -0.1476 -0.09061
126  2.437  0.001 0.01662 0.02337 0.01843 0.05008 0.03606 -0.08211
176  2.461  0.001 0.01562 0.01902 0.01843 0.0336 0.08878 -0.4197
306  2.467  0.001 0.01417 0.02055 0.01768 0.05613 -0.006411 -0.01009
302  2.47  0.001 0.02414 0.01868 0.01818 -0.1612 0.07084 -0.353
216  2.475  0.001 0.02276 0.02076 0.01781 -0.5087 -0.2398 1.113
32  2.477  0.001 0.02342 0.0206 0.01747 -0.2003 0.0151 0.183
237  2.493  0.001 0.01746 0.02288 0.01843 -0.01251 -0.008712 -0.07277
326  2.493  0.001 0.021 0.02331 0.01843 0.00409 0.009703 -0.02952
334  2.494  0.001 0.01795 0.01993 0.01843 -0.05228 -0.0613 -0.03466
126  2.501  0.001 0.0165 0.02324 0.01843 0.03389 0.00793 -0.04888
12  2.502  0.001 0.01834 0.02224 0.01843 0.00781 -0.04823 -0.06451
291  2.503  0.001 0.01831 0.0238 0.01843 0.01854 0.001682 -0.03861
123  2.503  0.001 0.01888 0.01906 0.01764 -0.005281 0.05214 0.4615
334  2.536  0.001 0.0155 0.02092 0.01843 -0.06361 0.02344 -0.04389
148  2.538  0.001 0.01747 0.02327 0.01843 0.04079 -0.01577 -0.02159
291  2.548  0.001 0.01889 0.02391 0.01843 0.02216 -0.01372 -0.01646
148  2.599  0.001 0.01816 0.02282 0.01843 0.01484 -0.01603 -0.01457
126  2.605  0.001 0.01637 0.02327 0.01843 0.0001715 0.00133 -0.004121
126  2.641  0.001 0.01641 0.02329 0.01843 -0.003508 -0.004805 -0.01005
291  2.643  0.001 0.01925 0.02405 0.01843 0.0128 -0.008171 -0.03799
125  2.659  0.001 0.01692 0.01627 0.01758 -0.2361 0.3317 1.229
85  2.659  0.001 0.01661 0.01469 0.01745 -0.2559 -0.8176 0.4864
330  2.661  0.001 0.02153 0.02073 0.01843 -0.01875 -0.06287 -0.0429
303  2.673  0.001 0.02399 0.02032 0.0181 -0.001489 -0.1413 0.1042
148  2.673  0.001 0.01889 0.02318 0.01843 0.02834 0.01366 -0.05563
303  2.69  0.001 0.02396 0.01787 0.01843 -0.001489 -0.1413 -0.0663
92  2.735  0.001 0.02012 0.02271 0.0175 0.06 -0.12 0.4924
79  2.74  0.001 0.01899 0.02224 0.01751 -0.08945 -0.07736 0.4177
111  2.741  0.001 0.02193 0.02296 0.0175 0.03049 0.0583 0.2651
82  2.749  0.001 0.01729 0.02384 0.01834 0.02004 -0.04101 -0.05967
312  2.759  0.001 0.01626 0.02316 0.01843 -0.02247 0.002905 -0.05302
126  2.765  0.001 0.01503 0.02114 0.01843 -0.01926 -0.06433 -0.06104
137  2.773  0.001 0.02316 0.01603 0.01791 -0.06929 -0.005504 -0.0923
4  2.778  0.001 0.01635 0.02178 0.01843 -0.03002 -0.03087 -0.1923
204  2.778  0.001 0.01491 0.01607 0.01807 0.04311 0.04446 -0.04417
112  2.788  0.001 0.01743 0.01421 0.01803 -0.02139 0.06523 -0.1432
104  2.792  0.001 0.01566 0.02245 0.01843 -0.005156 -0.05601 -0.04685
79  2.811  0.001 0.01506 0.01882 0.01843 -0.171 -0.08325 -0.1653
19  2.814  0.001 0.01552 0.02203 0.01843 -0.02639 -0.00489 -0.0321
72  2.82  0.001 0.02287 0.02243 0.01772 -0.07039 -0.08576 -0.2328
306  2.823  0.001 0.02262 0.01636 0.01843 -0.06433 0.2611 -0.4768
4  2.824  0.001 0.01597 0.02071 0.01843 -0.0233 -0.05199 -0.05614
85  2.824  0.001 0.01937 0.01396 0.0175 0.01181 0.2001 -0.5346
167  2.828  0.001 0.01686 0.01724 0.01843 -0.002921 -0.1148 -0.05661
310  2.83  0.001 0.02351 0.01697 0.01744 -0.068 0.1093 0.08968
100  2.836  0.001 0.02219 0.01503 0.01785 0.03282 0.06564 -0.03348
331  2.836  0.001 0.0224 0.0229 0.01739 -0.1617 -0.05936 -0.1891
69  2.843  0.001 0.01725 0.02377 0.01843 0.03964 -0.03918 -0.09527
178  2.85  0.001 0.01712 0.02249 0.01843 -0.03001 -0.418 -0.3191
89  2.854  0.001 0.0182 0.02377 0.01843 0.01912 0.0009803 -0.1303
178  2.875  0.001 0.0172 0.01964 0.01843 0.006123 -0.07888 -0.07438
232  2.89  0.001 0.0195 0.01397 0.01787 -0.01661 0.2055 -0.5121
332  2.901  0.001 0.0238 0.02046 0.01748 -0.01785 0.02023 0.0853
181  2.906  0.001 0.01989 0.01402 0.01737 -0.09924 0.2252 -0.5157
228  2.934  0.001 0.0208 0.02079 0.01843 -0.06614 0.03204 -0.1017
340  2.948  0.001 0.02288 0.02215 0.01743 -0.01091 0.04295 0.04826
306  2.957  0.001 0.02101 0.0226 0.01843 -0.04533 0.003217 -0.01669
34  2.96  0.001 0.02054 0.02054 0.01843 -0.07703 -0.008374 -0.05231
123  2.972  0.001 0.02005 0.02002 0.01743 -0.005731 0.01471 0.002087
258  3.052  0.001 0.0217 0.0183 0.01755 -0.05992 -0.2358 0.151
32  3.056  0.001 0.02382 0.01922 0.01745 0.1066 -0.09705 0.05351
95  3.068  0.001 0.02328 0.01731 0.01843 0.0361 -0.1053 -0.0324
212  3.078  0.001 0.01805 0.0239 0.01843 -0.07055 0.04364 -0.03459
258  3.088  0.001 0.01985 0.01401 0.01801 -0.03824 0.04459 -0.1107
193  3.098  0.001 0.01559 0.0189 0.01843 -0.1242 -0.08167 -0.2238
212  3.131  0.001 0.01844 0.02386 0.01843 0.03055 -0.02053 -0.01972
260  3.17  0.001 0.02283 0.01779 0.01756 -0.02879 -0.05389 0.1146
220  3.198  0.001 0.023 0.01939 0.01843 -0.009032 0.01718 -0.1013
34  3.203  0.001 0.02204 0.01944 0.01843 0.0559 -0.008809 -0.1631
173  3.236  0.001 0.02068 0.01597 0.01843 -0.04826 -0.05521 -0.3211
313  3.259  0.001 0.02287 0.02243 0.01762 -0.01292 -0.01138 0.004933
339  3.276  0.001 0.01806 0.0198 0.01754 0.0266 -0.03926 0.04166
240  3.283  0.001 0.02097 0.01515 0.01753 0.008633 -1.092 2.106
281  3.285  0.001 0.02 0.01651 0.01747 -0.107 -0.03341 0.4141
271  3.292  0.001 0.01918 0.01617 0.01744 0.03729 0.04575 0.1481
29  3.308  0.001 0.0225 0.02161 0.01744 -0.1527 0.03912 0.06352
260  3.312  0.001 0.02186 0.01903 0.01843 -0.05453 -0.004631 -0.07052
271  3.325  0.001 0.01853 0.01427 0.01843 -0.04843 -0.08613 -0.1099
73  3.33  0.001 0.01951 0.01694 0.01744 -0.1498 -0.03626 0.3624
62  3.359  0.001 0.01925 0.02407 0.01743 -0.1345 -0.01521 0.3118
128  3.376  0.001 0.01927 0.01713 0.01744 -0.1485 0.03634 0.1581
103  3.381  0.001 0.01696 0.0234 0.01843 -0.07018 0.01074 -0.04136
294  3.382  0.001 0.01714 0.01591 0.01843 -0.06436 -0.1672 -0.09008
297  3.383  0.001 0.01595 0.01876 0.01843 -0.06054 -0.1002 -0.1024
340  3.385  0.001 0.0241 0.01831 0.01811 -0.08676 -0.02003 0.09546
123  3.39  0.001 0.018 0.01497 0.01843 -0.0547 -0.1589 -0.1419
308  3.399  0.001 0.02005 0.01919 0.01843 6.777e-05 0.1071 -0.05142
128  3.399  0.001 0.01575 0.01799 0.01843 -0.1485 0.03634 -0.07407
143  3.406  0.001 0.02119 0.01755 0.01843 -0.01089 -0.09419 -0.2124
29  3.409  0.001 0.01913 0.01395 0.01818 -0.01542 0.07335 -0.1474
109  3.413  0.001 0.01585 0.01507 0.01806 0.05491 0.04051 -0.04503
306  3.416  0.001 0.01627 0.02287 0.01843 0.1219 -0.03816 -0.1081
82  3.417  0.001 0.01991 0.01787 0.01843 -0.01626 -0.07868 -0.2688
228  3.439  0.001 0.01608 0.01561 0.01843 0.03019 0.08942 -0.2589
117  3.449  0.001 0.02284 0.01955 0.01843 0.0192 -0.0296 -0.4436
31  3.46  0.001 0.02024 0.02331 0.01743 -0.01374 -0.04726 0.1023
212  3.462  0.001 0.016 0.02287 0.01843 0.02665 -0.03314 -0.02826
332  3.47  0.001 0.024 0.02029 0.0179 -1.555 0.4879 2.197
326  3.471  0.001 0.02287 0.0198 0.01744 -0.3244 -0.005246 0.4935
53  3.476  0.001 0.02358 0.01816 0.01748 -0.4092 -0.2535 0.3829
273  3.478  0.001 0.01908 0.01988 0.01744 -0.03152 0.05818 0.04826
73  3.485  0.001 0.01464 0.01728 0.01743 -0.0749 -0.02474 0.006522
133  3.516  0.001 0.01856 0.0166 0.01843 -0.02678 -0.107 -0.09605
9  3.521  0.001 0.01736 0.01951 0.01843 0.001917 0.03398 -0.06998
41  3.528  0.001 0.02154 0.02175 0.01766 -0.3068 -0.3532 0.5194
53  3.548  0.001 0.01432 0.01754 0.01843 -0.0001704 0.1038 -0.3472
20  3.563  0.001 0.01786 0.02401 0.01795 -0.1861 -0.2496 -0.157
77  3.565  0.001 0.02413 0.01858 0.01751 -0.0476 -0.1627 0.01178
246  3.572  0.001 0.01488 0.01769 0.01843 0.1461 -0.001139 -0.2495
159  3.652  0.001 0.014 0.01836 0.01842 0.02782 -0.06199 -0.03887
92  3.674  0.001 0.0218 0.01606 0.01757 -0.01513 -0.01285 0.2073
8  3.683  0.001 0.02173 0.01778 0.01744 -0.007125 0.03739 -0.006418
92  3.712  0.001 0.02123 0.01557 0.01843 -0.01513 -0.01285 -0.1616
117  3.737  0.001 0.0229 0.02192 0.01787 0.5987 0.1944 2.885
161  3.747  0.001 0.02269 0.01777 0.01752 -1.314 -1.493 0.5454
20  3.753  0.001 0.01751 0.02362 0.01843 -0.02839 -0.02085 -0.09972
12  3.755  0.001 0.02308 0.01639 0.01744 -0.06053 -0.09372 0.08618
315  3.765  0.001 0.01912 0.021 0.01843 -0.06094 -0.03915 -0.08224
273  3.779  0.001 0.01527 0.02114 0.01843 -0.1356 0.009847 -0.1667
214  3.781  0.001 0.0168 0.0215 0.01843 -0.1222 -0.0496 -0.1828
214  3.789  0.001 0.01568 0.02216 0.01843 -0.1323 0.08821 -0.024
218  3.803  0.001 0.02293 0.02103 0.01769 -0.09032 0.4592 0.6335
32  3.805  0.001 0.02148 0.01815 0.0175 -0.02934 -0.152 0.22
207  3.811  0.001 0.0198 0.02074 0.01748 -0.1131 -0.1412 0.2177
326  3.813  0.001 0.01489 0.02087 0.01745 0.002521 0.01012 0.03196
214  3.814  0.001 0.01535 0.02207 0.01843 -0.007895 -0.008453 -0.1114
38  3.814  0.001 0.02042 0.02051 0.01759 -0.06691 -0.04762 0.2433
139  3.826  0.001 0.02095 0.02062 0.01756 0.1028 -0.09498 0.2547
219  3.843  0.001 0.02389 0.019 0.01843 0.05556 -0.05644 -0.09175
8  3.844  0.001 0.01982 0.01581 0.01843 -0.06016 -0.08146 -0.1647
109  3.846  0.001 0.01816 0.01791 0.01843 -0.00776 0.05011 -0.2326
207  3.851  0.001 0.01574 0.0156 0.01843 0.04967 0.03771 -0.1412
38  3.86  0.001 0.01735 0.01833 0.01843 -0.06691 -0.04762 -0.2066
84  3.862  0.001 0.02018 0.02304 0.01745 -0.004678 0.02253 0.1676
293  3.87  0.001 0.02092 0.01829 0.01843 0.007092 -0.05802 -0.2633
217  3.875  0.001 0.01534 0.02088 0.01843 -0.1004 -0.05775 -0.05648
84  3.888  0.001 0.02006 0.02365 0.01843 -0.004678 0.02253 -0.09439
139  3.891  0.001 0.02371 0.01697 0.01823 -0.08165 0.03308 -0.06498
116  3.897  0.001 0.02356 0.01909 0.01753 0.04951 -0.1065 0.1091
66  3.898  0.001 0.02247 0.01976 0.01757 0.06381 -0.09796 0.1618
306   3.9  0.001 0.01462 0.01851 0.01843 -0.09543 -0.08427 -0.1842
247  3.901  0.001 0.02046 0.02037 0.01843 0.03174 -0.02104 -0.199
9  3.908  0.001 0.01987 0.01409 0.01843 -0.01983 0.0701 -0.09586
76  3.921  0.001 0.01395 0.01907 0.01815 0.03827 -0.01989 0.1123
67  3.929  0.001 0.02132 0.02212 0.01744 0.1009 0.02703 0.2348
76  3.941  0.001 0.01471 0.01867 0.01843 0.03827 -0.01989 -0.08395
155  3.952  0.001 0.01534 0.01555 0.01743 0.1469 0.1799 -0.3626
44  3.964  0.001 0.01992 0.02185 0.01745 -0.1619 -0.08665 0.07361
146  3.978  0.001 0.023 0.02228 0.01764 -0.0826 -0.0314 -0.1018
293  3.993  0.001 0.02273 0.02119 0.01843 0.03611 0.00215 -0.1047
42  3.994  0.001 0.0236 0.01815 0.0175 -0.0559 0.09043 0.3516
111  4.008  0.001 0.01848 0.02338 0.01752 0.06534 0.1053 0.3407
95  4.012  0.001 0.01826 0.01987 0.01843 -0.2155 0.05255 -0.08667
242  4.015  0.001 0.01998 0.01718 0.01843 -0.08787 -0.04206 -0.04831
70  4.028  0.001 0.02384 0.01862 0.01748 -0.1234 -0.3894 0.1544
142  4.049  0.001 0.0171 0.0232 0.01743 0.008603 -0.004629 0.04567
247  4.05  0.001 0.01846 0.0209 0.01843 -0.02749 -0.04511 -0.1791
197  4.05  0.001 0.0189 0.02407 0.01843 -0.01258 0.02036 -0.1599
44  4.05  0.001 0.01693 0.0182 0.01843 0.01392 -0.04202 -0.1203
21  4.055  0.001 0.01428 0.01991 0.01843 0.1633 -0.1523 -0.07147
66  4.056  0.001 0.01588 0.01505 0.01741 0.1537 0.1947 -0.3804
161  4.058  0.001 0.01397 0.01856 0.01804 0.05589 -0.3374 0.1272
162  4.063  0.001 0.01939 0.02414 0.01807 0.0004421 -0.07745 -0.0191
308  4.068  0.001 0.02166 0.02331 0.01768 0.17 0.1246 0.5583
21  4.07  0.001 0.01729 0.0188 0.01843 0.2052 -0.07445 -0.06614
265  4.085  0.001 0.01734 0.022 0.01843 -0.05525 -0.05744 -0.004651
310  4.092  0.001 0.01893 0.01478 0.01745 -0.02237 0.02201 0.08159
75  4.108  0.001 0.01756 0.02393 0.01829 0.0493 -0.03602 -0.08529
80  4.122  0.001 0.01883 0.01752 0.01777 -1.128 -0.872 2.857
64  4.123  0.001 0.02227 0.02072 0.01745 -0.02694 -0.004026 0.1783
93  4.128  0.001 0.01739 0.02349 0.01843 -0.0006387 -0.08015 -0.04986
64  4.152  0.001 0.02148 0.0206 0.01843 -0.02694 -0.004026 -0.1116
215  4.155  0.001 0.01951 0.01902 0.01773 0.0275 0.003009 0.71
111  4.165  0.001 0.02103 0.02177 0.01744 0.04546 -0.1054 0.05215
74  4.212  0.001 0.02141 0.01627 0.01744 -0.07911 -0.1855 0.111
308  4.243  0.001 0.02416 0.01902 0.01802 -0.1918 -0.2598 0.5457
277  4.25  0.001 0.02401 0.01785 0.01773 -0.1182 -0.09475 0.08538
166  4.267  0.001 0.01874 0.02207 0.01751 0.1375 -0.0918 0.4552
14  4.269  0.001 0.01879 0.02387 0.01748 0.1096 0.008505 0.416
281  4.272  0.001 0.01845 0.02179 0.01744 0.01492 -0.05325 0.1869
172  4.273  0.001 0.01984 0.02182 0.01744 0.08844 -0.005101 0.1359
141  4.274  0.001 0.0236 0.01856 0.01746 -0.0568 -0.1548 0.437
156  4.295  0.001 0.02005 0.01956 0.01843 0.05084 -0.05755 -0.06865
113  4.299  0.001 0.02346 0.02051 0.01843 -0.0006957 0.1535 -0.2041
215   4.3  0.001 0.02346 0.01921 0.01843 0.01962 -0.2076 -0.5267
95  4.301  0.001 0.01868 0.01856 0.01843 0.02952 -0.08407 -0.1142
281  4.304  0.001 0.01892 0.0201 0.01843 0.01492 -0.05325 -0.1244
103  4.322  0.001 0.0178 0.02085 0.01843 -0.02077 -0.03752 -0.2273
126  4.333  0.001 0.01877 0.01854 0.01843 0.02274 -0.05787 -0.2928
265  4.345  0.001 0.01811 0.01403 0.01775 0.0228 0.09316 -0.08607
37  4.353  0.001 0.01563 0.01526 0.01773 0.08523 0.03988 -0.2312
320  4.358  0.001 0.02286 0.01566 0.01808 -0.1004 0.02984 -0.1902
142  4.38  0.001 0.02386 0.01735 0.01746 -0.143 -0.03344 0.006484
195  4.392  0.001 0.01867 0.02299 0.01747 0.07066 0.01293 0.1091
31  4.396  0.001 0.01793 0.02403 0.01746 -0.0403 -0.2157 -0.06475
50  4.408  0.001 0.01851 0.02388 0.01754 0.0755 0.005376 0.1812
69  4.411  0.001 0.01991 0.02132 0.01744 -0.07576 0.05536 0.0007486
168  4.412  0.001 0.0175 0.02294 0.01762 -0.0119 0.0009111 0.2619
20  4.432  0.001 0.0221 0.01496 0.01785 -0.06548 0.241 -0.469
6  4.433  0.001 0.02357 0.02071 0.01746 -0.1768 -0.1597 0.6873
244  4.435  0.001 0.0214 0.02352 0.01749 -0.2082 0.2472 0.3161
222  4.442  0.001 0.01944 0.0196 0.01843 -0.02466 -0.04607 -0.1792
212  4.454  0.001 0.01413 0.0204 0.0183 0.1965 0.0109 0.26
146  4.455  0.001 0.0206 0.02122 0.01843 -0.05493 -0.04458 -0.02522
114  4.456  0.001 0.01787 0.01409 0.0178 0.02195 0.06072 -0.09746
168  4.462  0.001 0.0169 0.02299 0.01843 -0.0119 0.0009111 -0.2294
67  4.482  0.001 0.02373 0.01841 0.01771 -0.4818 -0.7488 3.339
286  4.483  0.001 0.02254 0.01847 0.01749 -1.167 -0.148 1.739
93  4.503  0.001 0.02303 0.01844 0.01744 -0.1508 -0.2426 0.08867
196  4.534  0.001 0.01928 0.01829 0.01745 0.005419 -0.03263 0.1399
275  4.534  0.001 0.01866 0.02189 0.01755 0.1097 -0.2019 0.3343
22  4.535  0.001 0.01628 0.02333 0.01804 0.03708 -0.03178 -0.02688
295  4.535  0.001 0.01396 0.01941 0.01775 0.03628 -0.02065 -0.006159
224  4.538  0.001 0.01953 0.01717 0.01744 0.01585 -0.03567 0.06905
196  4.55  0.001 0.01937 0.01777 0.01843 0.005419 -0.03263 -0.01746
165  4.571  0.001 0.02029 0.0191 0.01751 -0.1967 -0.09217 0.2274
48  4.573  0.001 0.02194 0.01943 0.01744 0.03773 -0.01455 0.03878
264  4.577  0.001 0.01877 0.02154 0.01749 -0.07838 -0.1056 0.1472
42  4.579  0.001 0.02124 0.02256 0.01745 0.01077 -0.001964 0.07697
336  4.591  0.001 0.02021 0.0211 0.01759 0.1035 -0.3824 1.127
225  4.592  0.001 0.0195 0.02037 0.01745 0.1195 -0.2398 0.9399
228  4.594  0.001 0.01842 0.0222 0.01745 0.01032 -0.05406 0.4595
124  4.596  0.001 0.02415 0.01921 0.01763 -0.1459 0.2122 0.06335
92  4.598  0.001 0.02282 0.01992 0.01744 0.05273 -0.196 0.06333
212  4.606  0.001 0.01395 0.01921 0.01763 0.1752 -0.005906 -0.1478
66  4.613  0.001 0.01774 0.01848 0.01843 0.03555 -0.1124 -0.01948
165  4.624  0.001 0.01528 0.01701 0.01843 0.08093 0.06578 -0.1573
24  4.626  0.001 0.02078 0.02273 0.01745 -0.1407 0.006468 0.1043
95  4.631  0.001 0.01583 0.01648 0.01748 0.01541 -0.08726 0.08641
2  4.647  0.001 0.01893 0.01873 0.01843 -0.01767 -0.08838 -0.2291
297  4.649  0.001 0.02143 0.01454 0.01777 -0.0402 0.04989 -0.1319
131  4.65  0.001 0.01585 0.01757 0.01843 -0.03119 -0.07238 -0.133
232  4.654  0.001 0.01646 0.02305 0.01843 0.2106 -0.3513 -0.2346
294  4.658  0.001 0.02197 0.01487 0.01756 -0.01501 0.004995 -0.06098
179  4.66  0.001 0.02103 0.01809 0.01744 0.01072 0.05648 0.02596
281  4.676  0.001 0.01944 0.01396 0.01785 -0.02244 0.1132 -0.1188
2  4.68  0.001 0.02044 0.01717 0.01843 0.1237 -0.09833 -0.08338
228  4.685  0.001 0.01936 0.01725 0.01843 0.01032 -0.05406 -0.4381
287  4.687  0.001 0.018 0.01406 0.01769 -0.04366 0.02756 -0.03726
34  4.69  0.001 0.0157 0.02031 0.01843 -0.02235 -0.003789 -0.4774
15  4.692  0.001 0.02106 0.0222 0.01749 -0.2025 -0.1057 0.3018
22  4.697  0.001 0.01395 0.01892 0.01755 0.05153 -0.1447 -0.03798
224  4.702  0.001 0.02054 0.01618 0.01843 -0.006684 0.005911 -0.2278
167  4.707  0.001 0.0179 0.01807 0.01843 -0.0106 -0.04281 -0.5517
124  4.707  0.001 0.02131 0.01448 0.01777 -0.1311 -0.00813 -0.1084
340  4.716  0.001 0.01646 0.01629 0.01747 -0.1468 0.02636 0.4381
142  4.718  0.001 0.01568 0.01541 0.01758 -0.08599 -0.04494 0.273
95  4.725  0.001 0.01708 0.01434 0.01754 -0.03617 0.03837 -0.01543
195  4.732  0.001 0.02148 0.02347 0.01744 -0.04961 0.02582 0.03746
83  4.75  0.001 0.02088 0.01729 0.01744 0.2209 -0.5729 0.4768
244  4.75  0.001 0.01902 0.02235 0.01782 -0.196 0.1241 0.9694
270  4.751  0.001 0.0206 0.01885 0.01757 0.08474 -0.2566 0.5584
50  4.751  0.001 0.01951 0.02331 0.01766 -0.07463 0.1426 0.8369
32  4.755  0.001 0.0227 0.01758 0.01744 0.1126 -0.1805 0.07715
153  4.764  0.001 0.02194 0.01803 0.01744 0.02805 -0.06086 0.05204
15  4.764  0.001 0.01412 0.01775 0.01823 0.06856 0.0069 -0.2469
42  4.764  0.001 0.02268 0.02166 0.01755 -0.149 -0.01207 0.2181
270  4.779  0.001 0.02145 0.01637 0.01843 0.01565 -0.04478 -0.2096
185  4.784  0.001 0.01529 0.02246 0.01753 -0.2094 -0.1578 0.4521
84  4.785  0.001 0.01901 0.0214 0.01746 -0.01684 -0.09692 0.1694
320  4.788  0.001 0.01817 0.01596 0.01843 -0.1456 -0.1231 -0.0744
122  4.789  0.001 0.01675 0.01943 0.01744 -0.02221 -0.0989 0.06872
197  4.791  0.001 0.01555 0.01898 0.01744 -0.02856 -0.07086 0.04843
305  4.795  0.001 0.02297 0.01894 0.01843 0.0449 -0.04338 -0.1836
42  4.804  0.001 0.01672 0.02118 0.01843 -0.149 -0.01207 -0.1739
8  4.809  0.001 0.01503 0.01655 0.01843 0.06643 0.05642 -0.1196
84  4.813  0.001 0.01855 0.01876 0.01843 -0.01684 -0.09692 -0.09827
340  4.818  0.001 0.01397 0.01856 0.01763 0.1782 0.1015 0.04908
92  4.85  0.001 0.01417 0.02036 0.01843 0.1135 -0.04999 -0.163
287  4.858  0.001 0.02258 0.01536 0.01805 -0.005769 0.1175 -0.006855
299  4.865  0.001 0.01663 0.02159 0.01843 0.04825 -0.1088 -0.2586
119  4.867  0.001 0.01593 0.02294 0.01749 0.05709 -0.004957 0.05503
19  4.908  0.001 0.01523 0.01678 0.0175 0.08681 0.08321 0.1091
167  4.91  0.001 0.01988 0.01961 0.01843 0.08 -0.006431 -0.2061
185  4.968  0.001 0.01561 0.01835 0.01744 -0.06037 -0.02408 0.08497
313  4.988  0.001 0.02348 0.01771 0.01743 0.04947 -0.09726 0.05324
122  5.022  0.001 0.02306 0.02052 0.01745 -0.06555 -0.005987 0.0366
86  5.057  0.001 0.02355 0.01858 0.01768 -0.2817 -0.1506 0.6559
92  5.057  0.001 0.01413 0.02039 0.01743 0.009053 0.001749 0.004503
256  5.071  0.001 0.0166 0.02205 0.01746 -0.04248 0.01491 0.08639
187  5.178  0.001 0.02306 0.0222 0.01746 0.01175 0.01514 0.02114
184  5.186  0.001 0.01974 0.02393 0.01758 0.1107 0.02208 0.3051
70  5.186  0.001 0.01852 0.02135 0.0176 -0.01234 -0.1664 0.2911
269  5.187  0.001 0.01932 0.02268 0.01753 -0.03313 -0.08826 0.3642
63  5.187  0.001 0.0158 0.02037 0.01745 -0.04744 0.02245 0.09966
163  5.19  0.001 0.01874 0.0226 0.01746 0.04735 -0.06269 0.2954
261  5.19  0.001 0.01781 0.02331 0.01747 0.001198 -0.01289 0.1996
169  5.193  0.001 0.02037 0.0237 0.01747 0.06769 0.006002 0.2062
20  5.213  0.001 0.01627 0.01737 0.01843 -0.04093 -0.119 -0.09373
261  5.225  0.001 0.01785 0.02286 0.01843 0.001198 -0.01289 -0.145
2  5.229  0.001 0.02005 0.01968 0.01843 -0.1036 -0.06406 -0.005296
34  5.235  0.001 0.01775 0.01811 0.01843 0.004794 -0.07095 -0.2211
163  5.246  0.001 0.02143 0.01904 0.01843 0.04735 -0.06269 -0.2613
70  5.258  0.001 0.01849 0.01398 0.01805 0.03047 0.06127 -0.1735
207  5.26  0.001 0.02123 0.02251 0.01843 0.0435 0.001638 -0.3457
269  5.269  0.001 0.02147 0.01808 0.01843 0.02623 -0.05615 -0.391
163  5.274  0.001 0.02302 0.01969 0.01843 0.0575 0.03227 -0.09563
21  5.29  0.001 0.02162 0.01583 0.01843 -0.1146 -0.1695 -0.1242
42  5.315  0.001 0.02415 0.01896 0.01749 -0.02804 -0.02789 -0.02997
282  5.324  0.001 0.02103 0.01594 0.01746 -0.02802 0.07556 0.08569
263  5.326  0.001 0.02311 0.01656 0.01743 -0.01481 0.04789 0.02621
335  5.327  0.001 0.02381 0.0209 0.01744 -0.01736 -0.01816 -0.02379
38  5.345  0.001 0.01577 0.02297 0.01754 0.000678 -0.06269 -0.0747
299  5.363  0.001 0.01888 0.01395 0.01745 0.007845 0.2024 -0.5486
195  5.388  0.001 0.02148 0.02285 0.01748 -3.316 1.467 2.453
105  5.39  0.001 0.02139 0.02229 0.01745 -1.695 0.6167 0.4966
215  5.39  0.001 0.01937 0.02155 0.01744 -0.1164 -0.09128 0.2643
53  5.393  0.001 0.01646 0.02163 0.01743 -0.2685 0.07317 0.1298
308  5.404  0.001 0.01887 0.02033 0.01745 0.07721 -0.1255 0.1074
53  5.418  0.001 0.01466 0.02165 0.0181 0.1463 -0.0097 -0.1691
37  5.434  0.001 0.01544 0.01544 0.01829 0.04802 0.04042 -0.1391
109  5.445  0.001 0.01652 0.01621 0.01843 0.009965 0.09771 -0.2591
84  5.449  0.001 0.01404 0.01807 0.01751 0.05991 0.007544 -0.2661
72  5.459  0.001 0.01923 0.01672 0.01751 -0.07908 0.07354 0.1484
290  5.463  0.001 0.01835 0.02388 0.01746 -0.0519 0.008664 0.1088
228  5.47  0.001 0.01556 0.01533 0.01743 0.09327 0.09709 -0.1956
72  5.481  0.001 0.01753 0.0183 0.01843 -0.07908 0.07354 -0.06254
197  5.483  0.001 0.02338 0.01886 0.01745 -0.0583 -0.3173 0.6203
206  5.484  0.001 0.02343 0.01714 0.01745 -0.6942 -0.6757 0.7154
122  5.485  0.001 0.02077 0.01942 0.01745 -0.3217 -0.02573 0.3045
187  5.486  0.001 0.01411 0.01778 0.01811 0.1002 0.01854 -0.2388
310  5.503  0.001 0.02201 0.01507 0.01843 -0.05303 0.05044 -0.1631
259  5.503  0.001 0.01759 0.02319 0.01843 -0.03829 0.002854 -0.1959
282  5.505  0.001 0.01813 0.01403 0.01767 0.01452 0.05931 -0.1179
207  5.52  0.001 0.02358 0.02135 0.01756 -0.07807 -0.4213 0.7066
184  5.52  0.001 0.0222 0.02279 0.01772 -0.1742 -0.9304 4.84
316  5.521  0.001 0.02183 0.02199 0.01779 -1.586 -0.8811  3.7
241  5.521  0.001 0.02041 0.02064 0.01749 -0.4728 -0.3303 1.004
169  5.524  0.001 0.02039 0.02206 0.01745 -0.3346 -0.2511 0.6341
305  5.525  0.001 0.01408 0.02018 0.01839 0.09785 -0.08005 0.003406
41  5.526  0.001 0.01966 0.02268 0.01744 0.0884 0.1005 0.07248
95  5.527  0.001 0.0147 0.01782 0.01743 -0.023 0.07801 0.0122
105  5.537  0.001 0.01567 0.01697 0.01843 -0.05131 0.125 -0.3253
265  5.548  0.001 0.01698 0.02154 0.01843 -0.0571 0.004492 -0.04662
92  5.554  0.001 0.0168 0.01592 0.01744 0.09246 0.05434 0.117
281  5.568  0.001 0.01398 0.01849 0.0178 0.05932 0.01668 -0.1384
13  5.584  0.001 0.01648 0.01541 0.01759 -0.005753 -0.2501 1.12
2  5.595  0.001 0.02184 0.01907 0.01843 0.3278 0.1332 -0.7296
206  5.633  0.001 0.01547 0.02059 0.01744 0.03899 -0.01358 0.02213
236  5.68  0.001 0.0226 0.01781 0.01745 -0.1837 -0.5273 0.2067
207  5.684  0.001 0.01748 0.01583 0.01743 -0.006757 0.2417 0.02635
2  5.685  0.001 0.02198 0.02212 0.01744 -0.09819 -0.05358 0.1285
179  5.695  0.001 0.02245 0.02185 0.01745 0.05272 -0.04846 0.06788
112  5.711  0.001 0.02184 0.01561 0.01753 -0.1223 0.05776 0.3502
207  5.712  0.001 0.01913 0.02096 0.01843 0.07892 0.1626 -0.05649
123  5.744  0.001 0.01466 0.02165 0.0182 0.05629 -0.04435 -0.07709
48  5.752  0.001 0.02173 0.01502 0.01762 -0.04858 -0.2587 0.4156
