# ID time  diameter x y z u v w  (ex ey ez, color)
35  0.002725  0.0001 0.01971 0.02318 0.01843    0    0 -0.03
28  0.01707  0.0001 0.01408 0.01826 0.01843    0    0 -0.03
9  0.02212  0.0001 0.02325 0.01895 0.01843    0    0 -0.03
67  0.02595  0.0001 0.02131 0.02105 0.01843    0    0 -0.03
73  0.02927  0.0001 0.01829 0.02213 0.01843    0    0 -0.03
22  0.03915  0.0001 0.01952 0.02012 0.01843    0    0 -0.03
13  0.03977  0.0001 0.01808 0.02272 0.01843    0    0 -0.03
7  0.04637  0.0001 0.01482 0.01773 0.01843    0    0 -0.03
17  0.05367  0.0001 0.01703 0.02308 0.01843    0    0 -0.03
46  0.05399  0.0001 0.02245 0.01579 0.01843    0    0 -0.03
18  0.06031  0.0001 0.02053 0.01703 0.01843    0    0 -0.03
25  0.07093  0.0001 0.01711 0.01814 0.01843    0    0 -0.03
56  0.08206  0.0001 0.01701 0.01788 0.01843    0    0 -0.03
43  0.0915  0.0001 0.02025 0.02367 0.01843    0    0 -0.03
69  0.09911  0.0001 0.01943 0.02314 0.01843    0    0 -0.03
49  0.1048  0.0001 0.01873 0.0173 0.01843    0    0 -0.03
21  0.1077  0.0001 0.01643 0.01692 0.01843    0    0 -0.03
19  0.1172  0.0001 0.0164 0.01659 0.01843    0    0 -0.03
34  0.1185  0.0001 0.01702 0.01859 0.01843    0    0 -0.03
1  0.1209  0.0001 0.0168 0.01476 0.01843    0    0 -0.03
64  0.1254  0.0001 0.02045 0.01485 0.01843    0    0 -0.03
12  0.1307  0.0001 0.02226 0.02271 0.01843    0    0 -0.03
26  0.1313  0.0001 0.01862 0.01522 0.01843    0    0 -0.03
37  0.1392  0.0001 0.01766 0.0201 0.01843    0    0 -0.03
5  0.1541  0.0001 0.01626 0.01686 0.01843    0    0 -0.03
2  0.1555  0.0001 0.02081 0.01787 0.01843    0    0 -0.03
68  0.1646  0.0001 0.01577 0.01801 0.01843    0    0 -0.03
10  0.1765  0.0001 0.01563 0.0224 0.01843    0    0 -0.03
57  0.1816  0.0001 0.01863 0.01723 0.01843    0    0 -0.03
70  0.1897  0.0001 0.02289 0.02038 0.01843    0    0 -0.03
58  0.1913  0.0001 0.02211 0.02042 0.01843    0    0 -0.03
24  0.1934  0.0001 0.01962 0.01486 0.01843    0    0 -0.03
42  0.196  0.0001 0.0186 0.01972 0.01843    0    0 -0.03
61  0.1973  0.0001 0.01734 0.01457 0.01843    0    0 -0.03
45  0.2055  0.0001 0.01944 0.01617 0.01843    0    0 -0.03
53  0.2069  0.0001 0.02035 0.01736 0.01843    0    0 -0.03
63  0.2216  0.0001 0.02229 0.01842 0.01843    0    0 -0.03
20  0.224  0.0001 0.02091 0.02027 0.01843    0    0 -0.03
33  0.2458  0.0001 0.01948 0.01647 0.01843    0    0 -0.03
31  0.2612  0.0001 0.01705 0.02098 0.01843    0    0 -0.03
44  0.2678  0.0001 0.02103 0.02112 0.01843    0    0 -0.03
36  0.2719  0.0001 0.02369 0.01966 0.01843    0    0 -0.03
6  0.2727  0.0001 0.01997 0.01562 0.01843    0    0 -0.03
72  0.2773  0.0001 0.02309 0.0209 0.01843    0    0 -0.03
40  0.2794  0.0001 0.01639 0.01987 0.01843    0    0 -0.03
59  0.2848  0.0001 0.0191 0.01443 0.01843    0    0 -0.03
41  0.3002  0.0001 0.01644 0.01498 0.01843    0    0 -0.03
29  0.3091  0.0001 0.01754 0.01674 0.01843    0    0 -0.03
54  0.3168  0.0001 0.01642 0.01496 0.01843    0    0 -0.03
47  0.3186  0.0001 0.01617 0.01695 0.01843    0    0 -0.03
32  0.3295  0.0001 0.01913 0.02014 0.01843    0    0 -0.03
30  0.3299  0.0001 0.01985 0.01664 0.01843    0    0 -0.03
39  0.3332  0.0001 0.02169 0.01713 0.01843    0    0 -0.03
74  0.3343  0.0001 0.02214 0.02212 0.01843    0    0 -0.03
4  0.3423  0.0001 0.02304 0.02012 0.01843    0    0 -0.03
38  0.3554  0.0001 0.01888 0.02229 0.01843    0    0 -0.03
51  0.3672  0.0001 0.0216 0.01895 0.01843    0    0 -0.03
65  0.3696  0.0001 0.01769 0.01745 0.01843    0    0 -0.03
8  0.375  0.0001 0.01673 0.01615 0.01843    0    0 -0.03
16  0.3771  0.0001 0.01463 0.01945 0.01843    0    0 -0.03
3  0.3829  0.0001 0.01628 0.01757 0.01843    0    0 -0.03
14  0.394  0.0001 0.01504 0.01872 0.01843    0    0 -0.03
11  0.4032  0.0001 0.02059 0.02017 0.01843    0    0 -0.03
55  0.4128  0.0001 0.01482 0.01777 0.01843    0    0 -0.03
75  0.4219  0.0001 0.01667 0.02303 0.01843    0    0 -0.03
48  0.4244  0.0001 0.02051 0.02322 0.01843    0    0 -0.03
15  0.4261  0.0001 0.01826 0.02318 0.01843    0    0 -0.03
50  0.4319  0.0001 0.02185 0.01815 0.01843    0    0 -0.03
66  0.432  0.0001 0.01557 0.0221 0.01843    0    0 -0.03
62  0.442  0.0001 0.01998 0.02162 0.01843    0    0 -0.03
52  0.4539  0.0001 0.01653 0.01864 0.01843    0    0 -0.03
60  0.4658  0.0001 0.0191 0.01414 0.01843    0    0 -0.03
27  0.4763  0.0001 0.01723 0.01959 0.01843    0    0 -0.03
23  0.4876  0.0001 0.01712 0.02242 0.01843    0    0 -0.03
71  0.4985  0.0001 0.01458 0.01791 0.01843    0    0 -0.03
127  0.5089  0.0001 0.02289 0.02177 0.01843    0    0 -0.03
118  0.5115  0.0001 0.01984 0.01551 0.01843    0    0 -0.03
102  0.5187  0.0001 0.01815 0.02297 0.01843    0    0 -0.03
137  0.5206  0.0001 0.02262 0.01886 0.01843    0    0 -0.03
133  0.5231  0.0001 0.02038 0.02328 0.01843    0    0 -0.03
93  0.5321  0.0001 0.02234 0.01837 0.01843    0    0 -0.03
84  0.5343  0.0001 0.01517 0.01768 0.01843    0    0 -0.03
108  0.5385  0.0001 0.0198 0.02115 0.01843    0    0 -0.03
120  0.5392  0.0001 0.01576 0.01553 0.01843    0    0 -0.03
119  0.5489  0.0001 0.01688 0.01696 0.01843    0    0 -0.03
140  0.5528  0.0001 0.01587 0.0178 0.01843    0    0 -0.03
121  0.557  0.0001 0.02382 0.02002 0.01843    0    0 -0.03
125  0.558  0.0001 0.01888 0.02231 0.01843    0    0 -0.03
122  0.5826  0.0001 0.01595 0.01801 0.01843    0    0 -0.03
