# ID time  diameter x y z u v w  (ex ey ez, color)
34  0.005319  0.001 0.01639 0.01987 0.01843    0    0 -0.1
138  0.006867  0.001 0.01656 0.01692 0.01843    0    0 -0.1
104  0.007183  0.001 0.01616 0.02247 0.01843    0    0 -0.1
97  0.007956  0.001 0.01872 0.02302 0.01843    0    0 -0.1
134  0.008542  0.001 0.01984 0.02264 0.01843    0    0 -0.1
132  0.008896  0.001 0.01647 0.02102 0.01843    0    0 -0.1
27  0.009621  0.001 0.01913 0.02014 0.01843    0    0 -0.1
139  0.01053  0.001 0.0183 0.01678 0.01843    0    0 -0.1
110  0.01068  0.001 0.01871 0.01898 0.01843    0    0 -0.1
9  0.01114  0.001 0.02059 0.02017 0.01843    0    0 -0.1
60  0.01229  0.001 0.01791 0.02168 0.01843    0    0 -0.1
76  0.01478  0.001 0.01562 0.02101 0.01843    0    0 -0.1
21  0.01625  0.001 0.01711 0.01814 0.01843    0    0 -0.1
129  0.01632  0.001 0.0228 0.02163 0.01843    0    0 -0.1
13  0.01643  0.001 0.01463 0.01945 0.01843    0    0 -0.1
7  0.01841  0.001 0.01673 0.01615 0.01843    0    0 -0.1
98  0.01917  0.001 0.02163 0.01831 0.01843    0    0 -0.1
113  0.02034  0.001 0.02111 0.01615 0.01843    0    0 -0.1
17  0.0206  0.001 0.02091 0.02027 0.01843    0    0 -0.1
43  0.0207  0.001 0.01482 0.01777 0.01843    0    0 -0.1
99  0.02159  0.001 0.01617 0.01891 0.01843    0    0 -0.1
102  0.02189  0.001 0.0173 0.0233 0.01843    0    0 -0.1
24  0.02578  0.001 0.01754 0.01674 0.01843    0    0 -0.1
52  0.02912  0.001 0.01943 0.02314 0.01843    0    0 -0.1
40  0.03195  0.001 0.0216 0.01895 0.01843    0    0 -0.1
93  0.0323  0.001 0.01737 0.02071 0.01843    0    0 -0.1
95  0.03248  0.001 0.01616 0.01567 0.01843    0    0 -0.1
27  0.0327  0.001 0.01977 0.01671 0.01843 0.1405 -0.1782 -0.479
86  0.03315  0.001 0.01851 0.01681 0.01843    0    0 -0.1
61  0.03423  0.001 0.01517 0.01768 0.01843    0    0 -0.1
97  0.0343  0.001 0.01491 0.02133 0.01843 -0.7061 -0.07979 -0.5069
96  0.03541  0.001 0.01501 0.0202 0.01843    0    0 -0.1
45  0.03594  0.001 0.02211 0.02042 0.01843    0    0 -0.1
20  0.0368  0.001 0.01962 0.01486 0.01843    0    0 -0.1
18  0.03966  0.001 0.01952 0.02012 0.01843    0    0 -0.1
33  0.04006  0.001 0.02169 0.01713 0.01843    0    0 -0.1
1  0.04077  0.001 0.02081 0.01787 0.01843    0    0 -0.1
58  0.04211  0.001 0.01666 0.02269 0.01843    0    0 -0.1
136  0.04234  0.001 0.02088 0.01981 0.01843    0    0 -0.1
143  0.04284  0.001 0.01495 0.01817 0.01843    0    0 -0.1
12  0.04372  0.001 0.01826 0.02318 0.01843    0    0 -0.1
25  0.04389  0.001 0.01985 0.01664 0.01843    0    0 -0.1
36  0.04627  0.001 0.02103 0.02112 0.01843    0    0 -0.1
5  0.05073  0.001 0.01997 0.01562 0.01843    0    0 -0.1
2  0.05116  0.001 0.01628 0.01757 0.01843    0    0 -0.1
106  0.05303  0.001 0.01842 0.02092 0.01843    0    0 -0.1
111  0.05352  0.001 0.02183 0.01624 0.01843    0    0 -0.1
109  0.05363  0.001 0.01568 0.01649 0.01843    0    0 -0.1
142  0.05668  0.001 0.02311 0.01818 0.01843    0    0 -0.1
10  0.05744  0.001 0.01808 0.02272 0.01843    0    0 -0.1
53  0.05898  0.001 0.02289 0.02038 0.01843    0    0 -0.1
96  0.05975  0.001 0.0168 0.01854 0.01843 0.06898 -0.04159 -0.2134
62  0.0614  0.001 0.02153 0.02145 0.01843    0    0 -0.1
23  0.06253  0.001 0.01723 0.01959 0.01843    0    0 -0.1
39  0.06331  0.001 0.02185 0.01815 0.01843    0    0 -0.1
133  0.06374  0.001 0.017 0.02139 0.01843    0    0 -0.1
137  0.06381  0.001 0.01816 0.02008 0.01843    0    0 -0.1
131  0.06386  0.001 0.01488 0.01786 0.01843    0    0 -0.1
42  0.06616  0.001 0.02035 0.01736 0.01843    0    0 -0.1
49  0.06657  0.001 0.01769 0.01745 0.01843    0    0 -0.1
103  0.06743  0.001 0.0217 0.02055 0.01843    0    0 -0.1
57  0.07098  0.001 0.01552 0.01988 0.01843    0    0 -0.1
108  0.07122  0.001 0.0216 0.01586 0.01843    0    0 -0.1
19  0.07171  0.001 0.01712 0.02242 0.01843    0    0 -0.1
80  0.07409  0.001 0.01688 0.0213 0.01843    0    0 -0.1
116  0.07454  0.001 0.01603 0.01891 0.01843    0    0 -0.1
107  0.07475  0.001 0.02296 0.01804 0.01843    0    0 -0.1
115  0.07531  0.001 0.02047 0.0195 0.01843    0    0 -0.1
123  0.07603  0.001 0.01684 0.01964 0.01843    0    0 -0.1
105  0.07779  0.001 0.01763 0.0152 0.01843    0    0 -0.1
13  0.07804  0.001 0.01561 0.02281 0.01816 0.07784 -0.01798 -0.08404
32  0.07825  0.001 0.01888 0.02229 0.01843    0    0 -0.1
117  0.07827  0.001 0.01968 0.01637 0.01843    0    0 -0.1
128  0.0795  0.001 0.01953 0.01867 0.01843    0    0 -0.1
141  0.07984  0.001 0.02181 0.01962 0.01843    0    0 -0.1
74  0.08036  0.001 0.01815 0.02297 0.01843    0    0 -0.1
88  0.08066  0.001 0.02043 0.02121 0.01843    0    0 -0.1
70  0.08142  0.001 0.02335 0.02054 0.01843    0    0 -0.1
30  0.08287  0.001 0.01971 0.02318 0.01843    0    0 -0.1
85  0.0832  0.001 0.01688 0.01696 0.01843    0    0 -0.1
92  0.08456  0.001 0.02119 0.02175 0.01843    0    0 -0.1
41  0.08486  0.001 0.01653 0.01864 0.01843    0    0 -0.1
35  0.08608  0.001 0.0186 0.01972 0.01843    0    0 -0.1
6  0.08633  0.001 0.01482 0.01773 0.01843    0    0 -0.1
64  0.0877  0.001 0.02031 0.01563 0.01843    0    0 -0.1
121  0.08801  0.001 0.02356 0.01891 0.01843    0    0 -0.1
54  0.08994  0.001 0.01829 0.02213 0.01843    0    0 -0.1
124  0.09082  0.001 0.01952 0.01848 0.01843    0    0 -0.1
94  0.09358  0.001 0.01871 0.02356 0.01843    0    0 -0.1
38  0.09457  0.001 0.01873 0.0173 0.01843    0    0 -0.1
82  0.09635  0.001 0.01999 0.02003 0.01843    0    0 -0.1
28  0.09722  0.001 0.01948 0.01647 0.01843    0    0 -0.1
90  0.09769  0.001 0.02262 0.01886 0.01843    0    0 -0.1
101  0.09889  0.001 0.01545 0.0212 0.01843    0    0 -0.1
50  0.09953  0.001 0.02131 0.02105 0.01843    0    0 -0.1
140  0.1009  0.001 0.02194 0.01688 0.01843    0    0 -0.1
31  0.1034  0.001 0.01766 0.0201 0.01843    0    0 -0.1
135  0.1034  0.001 0.01716 0.02143 0.01843    0    0 -0.1
29  0.1035  0.001 0.01702 0.01859 0.01843    0    0 -0.1
65  0.1048  0.001 0.02053 0.01565 0.01843    0    0 -0.1
81  0.1066  0.001 0.02044 0.01858 0.01843    0    0 -0.1
4  0.1072  0.001 0.01626 0.01686 0.01843    0    0 -0.1
125  0.1095  0.001 0.02314 0.01765 0.01843    0    0 -0.1
68  0.1105  0.001 0.0222 0.02101 0.01843    0    0 -0.1
77  0.1109  0.001 0.01958 0.02208 0.01843    0    0 -0.1
37  0.1111  0.001 0.01944 0.01617 0.01843    0    0 -0.1
91  0.1116  0.001 0.01822 0.02322 0.01843    0    0 -0.1
100  0.1125  0.001 0.01747 0.01859 0.01843    0    0 -0.1
47  0.1147  0.001 0.02229 0.01842 0.01843    0    0 -0.1
59  0.1154  0.001 0.02068 0.01794 0.01843    0    0 -0.1
89  0.1165  0.001 0.01789 0.01638 0.01843    0    0 -0.1
8  0.117  0.001 0.02325 0.01895 0.01843    0    0 -0.1
16  0.1176  0.001 0.0164 0.01659 0.01843    0    0 -0.1
3  0.1194  0.001 0.02304 0.02012 0.01843    0    0 -0.1
69  0.1201  0.001 0.0174 0.0211 0.01843    0    0 -0.1
79  0.1213  0.001 0.02127 0.02095 0.01843    0    0 -0.1
130  0.1222  0.001 0.02088 0.02226 0.01843    0    0 -0.1
14  0.1227  0.001 0.01703 0.02308 0.01843    0    0 -0.1
119  0.1246  0.001 0.01898 0.02029 0.01843    0    0 -0.1
11  0.1255  0.001 0.01504 0.01872 0.01843    0    0 -0.1
112  0.1264  0.001 0.02014 0.02048 0.01843    0    0 -0.1
83  0.1283  0.001 0.01894 0.01545 0.01843    0    0 -0.1
51  0.1283  0.001 0.01577 0.01801 0.01843    0    0 -0.1
66  0.1311  0.001 0.02205 0.01867 0.01843    0    0 -0.1
44  0.1318  0.001 0.01863 0.01723 0.01843    0    0 -0.1
15  0.1323  0.001 0.02053 0.01703 0.01843    0    0 -0.1
46  0.1341  0.001 0.01998 0.02162 0.01843    0    0 -0.1
75  0.1358  0.001 0.01804 0.0197 0.01843    0    0 -0.1
120  0.1359  0.001 0.02157 0.02285 0.01843    0    0 -0.1
56  0.1371  0.001 0.0234 0.01844 0.01843    0    0 -0.1
73  0.1385  0.001 0.01833 0.02209 0.01843    0    0 -0.1
48  0.1407  0.001 0.02045 0.01485 0.01843    0    0 -0.1
55  0.1443  0.001 0.02214 0.02212 0.01843    0    0 -0.1
87  0.1465  0.001 0.01611 0.01765 0.01843    0    0 -0.1
72  0.1469  0.001 0.01511 0.01696 0.01843    0    0 -0.1
26  0.1474  0.001 0.01705 0.02098 0.01843    0    0 -0.1
78  0.1474  0.001 0.0198 0.02115 0.01843    0    0 -0.1
127  0.1493  0.001 0.01837 0.0211 0.01843    0    0 -0.1
84  0.1497  0.001 0.01984 0.01551 0.01843    0    0 -0.1
67  0.1498  0.001 0.02234 0.01837 0.01843    0    0 -0.1
114  0.1502  0.001 0.02085 0.02051 0.01843    0    0 -0.1
118  0.1507  0.001 0.02199 0.01693 0.01843    0    0 -0.1
22  0.1508  0.001 0.01862 0.01522 0.01843    0    0 -0.1
71  0.1527  0.001 0.01692 0.01946 0.01843    0    0 -0.1
63  0.1541  0.001 0.02206 0.02045 0.01843    0    0 -0.1
126  0.1545  0.001 0.01989 0.01651 0.01843    0    0 -0.1
122  0.1547  0.001 0.01864 0.01738 0.01843    0    0 -0.1
151  0.1564  0.001 0.0212 0.01539 0.01843    0    0 -0.1
178  0.1585  0.001 0.01746 0.02112 0.01843    0    0 -0.1
166  0.1622  0.001 0.01876 0.01662 0.01843    0    0 -0.1
179  0.1657  0.001 0.0211 0.01768 0.01843    0    0 -0.1
170  0.1668  0.001 0.01973 0.01501 0.01843    0    0 -0.1
184  0.1692  0.001 0.0207 0.01582 0.01843    0    0 -0.1
163  0.1749  0.001 0.021 0.01928 0.01843    0    0 -0.1
154  0.1832  0.001 0.0201 0.01536 0.01843    0    0 -0.1
147  0.1833  0.001 0.01485 0.01799 0.01843    0    0 -0.1
185  0.1834  0.001 0.01628 0.01688 0.01843    0    0 -0.1
187  0.1846  0.001 0.02136 0.01577 0.01843    0    0 -0.1
171  0.1849  0.001 0.01941 0.01807 0.01843    0    0 -0.1
149  0.1868  0.001 0.01899 0.02345 0.01843    0    0 -0.1
153  0.1936  0.001 0.01852 0.01915 0.01843    0    0 -0.1
160  0.194  0.001 0.02247 0.01982 0.01843    0    0 -0.1
177  0.1945  0.001 0.01813 0.01548 0.01843    0    0 -0.1
148  0.1947  0.001 0.01517 0.02014 0.01843    0    0 -0.1
186  0.1951  0.001 0.02124 0.01752 0.01843    0    0 -0.1
181  0.1955  0.001 0.01976 0.01616 0.01843    0    0 -0.1
175  0.201  0.001 0.01698 0.01854 0.01843    0    0 -0.1101
162  0.2085  0.001 0.0234 0.02 0.01843    0    0 -0.1831
168  0.2091  0.001 0.02067 0.01857 0.01843    0    0 -0.1894
157  0.2093  0.001 0.0176 0.02316 0.01843    0    0 -0.1911
183  0.2097  0.001 0.01732 0.01709 0.01843    0    0 -0.1947
144  0.2114  0.001 0.01543 0.01798 0.01843    0    0 -0.2121
174  0.2134  0.001 0.02037 0.01475 0.01843    0    0 -0.2316
182  0.2144  0.001 0.02063 0.022 0.01843    0    0 -0.2415
158  0.2146  0.001 0.01955 0.02079 0.01843    0    0 -0.2429
180  0.2159  0.001 0.01567 0.01639 0.01843 0.03609 0.007161 -0.1997
145  0.2182  0.001 0.01568 0.0187 0.01843    0    0 -0.2789
169  0.2183  0.001 0.02201 0.0177 0.01843    0    0 -0.2793
190  0.2194  0.001 0.02103 0.02249 0.01843    0    0 -0.2907
156  0.2205  0.001 0.01778 0.02281 0.01843    0    0 -0.3016
176  0.2223  0.001 0.01665 0.02084 0.01843    0    0 -0.3184
159  0.2224  0.001 0.02044 0.01975 0.01843    0    0 -0.32
188  0.2253  0.001 0.01543 0.02166 0.01843    0    0 -0.3477
164  0.2263  0.001 0.01767 0.02069 0.01843    0    0 -0.358
146  0.2291  0.001 0.01803 0.01874 0.01843    0    0 -0.385
155  0.2299  0.001 0.02097 0.01708 0.01843    0    0 -0.393
173  0.2308  0.001 0.02043 0.0181 0.01843    0    0 -0.4018
172  0.2325  0.001 0.022 0.02034 0.01843    0    0 -0.4187
161  0.2327  0.001 0.01912 0.0195 0.01843    0    0 -0.4206
165  0.2328  0.001 0.02293 0.02082 0.01843    0    0 -0.4216
167  0.2337  0.001 0.01701 0.01565 0.01843 -0.0377 -0.1155 -0.3156
152  0.2361  0.001 0.02043 0.01608 0.01843 -0.07444 -0.2156 -0.1833
150  0.2364  0.001 0.01563 0.01933 0.01843    0    0 -0.4569
189  0.2364  0.001 0.02269 0.01654 0.01843    0    0 -0.4569
169  0.2474  0.001 0.02211 0.01862 0.01843 -0.009012 0.0329 -0.02272
11  0.2552  0.001 0.01484 0.02106 0.01843 0.1004 -0.07616 -0.3099
169  0.2885  0.001 0.02063 0.0164 0.01843 -0.04598 -0.103 -0.1028
178  0.2925  0.001 0.02113 0.02152 0.01843 -0.1084 -0.08461 -0.357
165  0.3617  0.001 0.01586 0.01507 0.01806 0.2531 0.1721 -0.05777
162  0.3735  0.001 0.02286 0.02245 0.01757 -0.05466 -0.05066 -0.07609
63  0.3766  0.001 0.0179 0.02209 0.01843 0.02623 -0.07207 -0.407
160  0.3806  0.001 0.02196 0.02277 0.01843 -0.03894 0.08827 -0.1298
178  0.3863  0.001 0.01806 0.01735 0.01843 -0.08907 0.1133 -0.06124
171  0.4028  0.001 0.0227 0.01683 0.01843 -0.0801 0.09677 -0.1845
183  0.4223  0.001 0.01829 0.01401 0.01751 -0.001636 0.2459 -0.4168
120  0.4288  0.001 0.01997 0.02407 0.01755 -0.04396 -0.02276 -0.01043
160  0.5395  0.001 0.02276 0.02184 0.01843 0.002385 -0.03542 -0.05609
182  0.5507  0.001 0.01867 0.02414 0.01833 -0.04421 -0.05372 -0.1286
160  0.5632  0.001 0.02198 0.02286 0.01843 -0.04682 0.1004 -0.01117
182  0.5681  0.001 0.01831 0.02389 0.01843 -0.00781 0.006043 -0.0221
39  0.5686  0.001 0.02378 0.02096 0.01788 -0.06483 0.0419 -0.1057
79  0.5932  0.001 0.01791 0.02402 0.01836 -0.005295 -0.01134 -0.08368
117  0.6181  0.001 0.01628 0.01921 0.01843 0.1697 0.04105 -0.1142
50  0.6498  0.001 0.01954 0.01716 0.01843 -0.02529 -0.1559 -0.08813
115  0.6512  0.001 0.02069 0.02054 0.01843 0.02574 -0.08227 -0.07594
177  0.6565  0.001 0.01812 0.02262 0.01843 0.01088 0.02691 -0.09037
63  0.6583  0.001 0.01719 0.0238 0.01837 -0.002068 -0.06405 -0.06387
160  0.6761  0.001 0.0152 0.0224 0.01801 0.0324 -0.1104 -0.1087
146  0.6805  0.001 0.01882 0.01942 0.01843 0.1724 0.1383 -0.215
122  0.683  0.001 0.0159 0.02307 0.01706 0.03131 -0.006965 -0.05726
88  0.6849  0.001 0.0199 0.01553 0.01843 -0.1264 0.1116 -0.136
71  0.701  0.001 0.01609 0.02163 0.01843 -0.1427 -0.0921 -0.07278
55  0.7077  0.001 0.02121 0.01577 0.01843 -0.005395 -0.08115 -0.409
156  0.7079  0.001 0.01804 0.02317 0.01843 -0.03805 -0.03981 -0.08534
18  0.7091  0.001 0.02225 0.02054 0.01843 0.01488 -0.05556 -0.01206
100  0.7112  0.001 0.01807 0.02147 0.01843 -0.03033 -0.07307 -0.1265
177  0.7127  0.001 0.01703 0.02301 0.01843 0.009979 -0.03905 -0.03509
77  0.7141  0.001 0.01951 0.02328 0.01843 -0.01305 0.006105 -0.1145
46  0.7143  0.001 0.01943 0.02215 0.01843 -0.03571 -0.02871 -0.09802
153  0.7167  0.001 0.01834 0.02247 0.01843 0.02301 -0.1055 -0.1247
63  0.7187  0.001 0.01782 0.024 0.01836 0.0505 -0.02784 -0.05531
92  0.7193  0.001 0.02088 0.02104 0.01843 -0.002344 -0.04676 -0.1174
78  0.72  0.001 0.02181 0.02293 0.01843 0.02761 -0.02485 -0.1179
98  0.7214  0.001 0.0187 0.01533 0.01843 0.02472 0.04312 -0.08679
158  0.7233  0.001 0.0185 0.02413 0.01655 0.02352 -0.04766 -0.143
31  0.727  0.001 0.01488 0.01612 0.01837 0.103 0.125 0.07082
164  0.727  0.001 0.01708 0.02047 0.01843 0.1841 -0.03842 -0.161
88  0.7279  0.001 0.01755 0.01685 0.01843 -0.07782 0.08984 -0.07967
96  0.7285  0.001 0.02184 0.01805 0.01843 -0.1264 0.1378 -0.1377
59  0.7317  0.001 0.02098 0.01699 0.01843 -0.1349 0.07094 -0.1479
30  0.7322  0.001 0.02403 0.01792 0.01794 -0.08696 -0.01671 -0.01166
75  0.7338  0.001 0.02008 0.02405 0.01758 0.01378 -0.0576 -0.04579
40  0.7342  0.001 0.02292 0.01572 0.01702 -0.07794 0.02909 -0.1498
79  0.7351  0.001 0.01927 0.02415 0.01657 0.002933 -0.04576 -0.04892
68  0.7365  0.001 0.0216 0.02347 0.01761 -0.05424 -0.05846 -0.1728
54  0.7404  0.001 0.01906 0.01695 0.01843 0.06526 0.1796 -0.1257
31  0.7405  0.001 0.01627 0.01781 0.01843 0.103 0.125 -0.06202
83  0.7425  0.001 0.01741 0.01957 0.01843 0.1514 0.1445 -0.2016
124  0.7429  0.001 0.01743 0.01498 0.01843 -0.1121 0.07478 -0.1993
130  0.7504  0.001 0.02139 0.01875 0.01843 -0.05734 0.1525 -0.3352
31  0.7579  0.001 0.01792 0.02004 0.01843 0.09254 0.1292 -0.04952
155  0.7598  0.001 0.01737 0.01941 0.01843 0.1544 0.144 -0.3062
53  0.761  0.001 0.02345 0.01751 0.01843 -0.09576 0.006333 -0.3467
86  0.7639  0.001 0.01645 0.02318 0.01843 -0.02834 -0.117 -0.4278
39  0.773  0.001 0.01496 0.01601 0.01787 0.09325 0.1888 -0.104
42  0.7877  0.001 0.01414 0.02043 0.01749 0.1243 0.1293 -0.3132
53  0.7943  0.001 0.02284 0.01564 0.01843 -0.07065 0.007376 -0.1048
92  0.7975  0.001 0.01411 0.01801 0.01843 -0.09859 -0.159 -0.3071
181  0.801  0.001 0.02369 0.01962 0.01843 -0.05938 -0.01505 -0.3083
189  0.8018  0.001 0.01729 0.01426 0.01818 -0.08897 0.3327 -0.08349
65  0.8153  0.001 0.02257 0.01552 0.01843 0.08086 0.1394 -0.118
119  0.857  0.001 0.01547 0.01858 0.01843 0.14 0.1044 -0.1681
107  0.8589  0.001 0.02123 0.01902 0.01843 0.331 0.07457 -0.1434
181  0.8653  0.001 0.02252 0.02221 0.01843 -0.09215 -0.05887 -0.1551
107  0.904  0.001 0.0204 0.01576 0.01843 0.2326 -0.2486 -0.0805
141  0.9202  0.001 0.02261 0.02153 0.01843 -0.1148 -0.04796 -0.3437
140  0.9485  0.001 0.02062 0.01946 0.01843 0.2166 0.03834 -0.3202
153  0.996  0.001 0.01587 0.02304 0.01831 0.03595 -0.08916 0.04232
46  1.056  0.001 0.01621 0.0224 0.01843 -0.09844 -0.001628 -0.1628
139  1.08  0.001 0.02193 0.02281 0.01843 0.0002594 0.007154 -0.2328
58  1.087  0.001 0.01852 0.01481 0.01843 -0.1244 0.01084 -0.2505
146  1.103  0.001 0.0216 0.01638 0.01843 0.003993 -0.0715 -0.4144
64  1.106  0.001 0.02239 0.01903 0.01843 0.08877 0.1152 -0.1382
169  1.117  0.001 0.02347 0.01993 0.01843 -0.03129 0.02958 -0.05648
82  1.133  0.001 0.02194 0.01769 0.01843 -0.1313 0.0732 -0.1026
17  1.133  0.001 0.01977 0.014 0.01707 -0.1313 0.04602 -0.102
126  1.167  0.001 0.01925 0.01717 0.01556 0.0149 0.0282 0.008166
82  1.183  0.001 0.02151 0.01594 0.01843 0.03882 -0.07816 -0.1388
68  1.188  0.001 0.02007 0.02405 0.01832 -0.02727 -0.1166 -0.03831
18  1.199  0.001 0.02014 0.01778 0.01843 0.1803 0.09159 -0.4025
181  1.203  0.001 0.02269 0.02263 0.01832 -0.1162 0.03459 0.2029
37  1.204  0.001 0.01777 0.01456 0.01843 -0.03594 0.2647 -0.5442
83  1.223  0.001 0.02244 0.02277 0.01843 0.03428 -0.05951 -0.04114
168  1.233  0.001 0.01993 0.01524 0.01843 0.09763 0.01355 -0.3301
93  1.258  0.001 0.02409 0.01977 0.01843 -0.2869 0.0102 -0.5159
107  1.279  0.001 0.02058 0.02094 0.01843 -0.05768 0.1171 -0.06762
77  1.28  0.001 0.01634 0.01851 0.01843 0.1791 0.03007 -0.1656
123  1.283  0.001 0.02327 0.01618 0.01682 -0.08474 -0.02307 -0.1507
81  1.285  0.001 0.01794 0.01412 0.01843 -0.04381 0.02969 -0.2435
188  1.285  0.001 0.02191 0.02328 0.01609 -0.00948 -0.01975 -0.06746
59  1.288  0.001 0.01781 0.01741 0.01843 -0.075 0.1619 -0.3392
147  1.298  0.001 0.01654 0.01811 0.01843 0.152 -0.05352 -0.2293
178  1.301  0.001 0.02184 0.01574 0.01843 -0.09972 -0.03543 -0.4926
37  1.309  0.001 0.01773 0.01931 0.01843 0.01819 0.1807 -0.2926
85  1.309  0.001 0.02104 0.01435 0.01718 -0.2032 0.1298 -0.403
147  1.312  0.001 0.01646 0.01788 0.01843 -0.008555 -0.01558 -0.06308
156  1.312  0.001 0.02253 0.01848 0.01843 -0.1305 0.02319 -0.4749
82  1.314  0.001 0.019 0.01914 0.01843 -0.05656 0.1126 -0.05138
63  1.318  0.001 0.02052 0.01416 0.01697 -0.1374 0.2676 -0.1806
169  1.319  0.001 0.02032 0.02024 0.01843 -0.05346 0.005396 -0.07264
158  1.322  0.001 0.02168 0.02126 0.01843 -0.1309 -0.06498 -0.4611
37  1.346  0.001 0.01789 0.02318 0.01843 0.006575 0.09768 -0.08865
75  1.351  0.001 0.02413 0.01957 0.01808 -0.05298 -0.03648 -0.1568
48  1.362  0.001 0.02392 0.01752 0.01835 -0.1085 0.06513 -0.01082
96  1.379  0.001 0.02072 0.01822 0.01843 0.01195 -0.06309 -0.1179
93  1.387  0.001 0.01664 0.0176 0.01843 -0.2585 -0.06208 -0.3487
148  1.388  0.001 0.01936 0.01769 0.01843 -0.08817 0.00114 -0.117
93  1.447  0.001 0.01483 0.01618 0.01706 0.1012 0.0922 -0.08585
101  1.538  0.001 0.02085 0.02383 0.01641 -0.02104 -0.03177 -0.09942
120  1.566  0.001 0.01886 0.01883 0.01843 -0.1207 -0.1055 -0.09801
158  1.574  0.001 0.0151 0.02228 0.01738 0.02962 -0.1327 -0.1036
68  1.581  0.001 0.01479 0.0202 0.01843 0.05926 -0.08829 -0.2476
94  1.581  0.001 0.01644 0.02343 0.01784 0.04256 -0.04125 0.05629
44  1.589  0.001 0.0167 0.01872 0.01843 0.1122 0.1004 -0.3018
107  1.593  0.001 0.01496 0.02209 0.01699 0.02106 0.003687 0.0116
181  1.594  0.001 0.01579 0.02298 0.01682 -0.01173 -0.04327 -0.04249
79  1.596  0.001 0.02235 0.02294 0.01629 -0.05223 -0.1057 -0.09275
54  1.605  0.001 0.02372 0.01699 0.0175 -0.05832 0.007242 -0.1048
175  1.632  0.001 0.02288 0.01568 0.0173 -0.1323 0.04142 -0.059
75  1.64  0.001 0.02312 0.01597 0.01686 -0.08728 -0.03298 -0.09335
44  1.644  0.001 0.0156 0.02278 0.01843 -0.03347 0.07145 -0.2105
149  1.647  0.001 0.01451 0.01724 0.01843 0.0998 -0.0181 -0.6354
131  1.678  0.001 0.01472 0.01876 0.01843 -0.1209 0.06677 -0.0965
163  1.681  0.001 0.02386 0.01734 0.01654 -0.02457 -0.007134 0.01386
50  1.725  0.001 0.01909 0.02274 0.01843 0.01422 0.03879 -0.159
114  1.743  0.001 0.02297 0.02232 0.01706 -0.03336 -0.006628 -0.06867
64  1.745  0.001 0.0227 0.02217 0.01843 0.04933 -0.01613 -0.05548
102  1.768  0.001 0.01749 0.02219 0.01843 0.1157 -0.08954 -0.1579
132  1.791  0.001 0.02315 0.01618 0.01843 -0.1004 0.013 -0.07983
25  1.816  0.001 0.01923 0.01864 0.01843 -0.02398 -0.0839 -0.1585
22  1.851  0.001 0.01942 0.01499 0.01843 -0.01451 0.08818 -0.2467
116  1.853  0.001 0.02128 0.02319 0.01843 -0.01881 -0.0131 -0.01803
141  1.857  0.001 0.02118 0.02201 0.01843 -0.01784 -0.01275 -0.04801
163  1.869  0.001 0.02035 0.01787 0.01843 -0.07523 -0.04887 -0.08218
171  1.875  0.001 0.01528 0.01836 0.01843 -0.2447 0.1436 -0.3741
112  1.882  0.001 0.02332 0.01848 0.01843 0.02152 -0.04101 -0.1862
9  1.883  0.001 0.02247 0.02106 0.01843 -0.0176 -0.02067 -0.1082
171  1.948  0.001 0.01429 0.02089 0.01813 0.1229 -0.01182 -0.1843
112  1.967  0.001 0.01926 0.02031 0.01843 0.05827 0.1727 -0.3611
48  1.969  0.001 0.01449 0.02133 0.01719 0.1864 -0.173 -0.2696
48  1.995  0.001 0.01489 0.022 0.01843 -0.007082 0.01284 -0.03987
141  1.997  0.001 0.02053 0.0207 0.01843 -0.02121 -0.03712 -0.2216
112  2.008  0.001 0.0194 0.02258 0.01843 -0.04214 -0.1501 -0.1126
16  2.076  0.001 0.0222 0.01843 0.01843 -0.05953 -0.05472 -0.07771
95  2.083  0.001 0.02067 0.02389 0.01649 0.02129 -0.02669 -0.003227
110  2.085  0.001 0.02139 0.01452 0.01838 -0.03468 0.08566 -0.06065
127  2.09  0.001 0.01825 0.02225 0.01843 0.03754 -0.05554 -0.137
118  2.092  0.001 0.01617 0.01992 0.01843 -0.07602 -0.1288 -0.1567
4  2.094  0.001 0.01866 0.01972 0.01843 0.06887 -0.09772 -0.09692
66  2.101  0.001 0.01968 0.01399 0.0172 -0.08638 0.04611 -0.2118
170  2.112  0.001 0.0219 0.0161 0.01843 -0.0522 -0.2248 -0.03837
102  2.117  0.001 0.0203 0.01744 0.01843 0.01809 0.1812 -0.231
12  2.121  0.001 0.02232 0.01513 0.01642 -0.07114 0.08047 -0.2846
190  2.123  0.001 0.01849 0.01908 0.01843 0.1352 0.1138 -0.3481
160  2.134  0.001 0.02151 0.01663 0.01843 0.01728 0.1835 -0.07574
40  2.135  0.001 0.01596 0.02311 0.01715 0.1205 -0.1351 -0.197
83  2.135  0.001 0.01925 0.02022 0.01843 0.1371 -0.118 -0.2581
50  2.152  0.001 0.02073 0.01487 0.01843 0.05932 0.1523 -0.3468
146  2.152  0.001 0.01596 0.01701 0.01843 -0.2165 -0.1258 -0.3219
153  2.161  0.001 0.01765 0.0203 0.01843 -0.08589 0.1973 -0.5166
91  2.167  0.001 0.01833 0.01694 0.01843 0.08945 0.1294 -0.7023
157  2.17  0.001 0.01646 0.01702 0.01843 -0.1181 0.141 -0.6047
57  2.176  0.001 0.01501 0.01769 0.01843 0.1087 -0.01982 -0.1757
144  2.18  0.001 0.01955 0.01574 0.01843 -0.3294 -0.1146 -0.4454
64  2.181  0.001 0.01407 0.01794 0.01679 0.1906 0.1579 -0.3441
137  2.188  0.001 0.01758 0.01517 0.01843 -0.1561 0.00807 -0.2847
35  2.191  0.001 0.02172 0.01471 0.01812 -0.1886 0.1628 0.01706
83  2.193  0.001 0.01713 0.021 0.01843 -0.08468 -0.007996 -0.07117
85  2.194  0.001 0.01879 0.01653 0.01843 -0.1115 -0.1013 -0.1305
124  2.194  0.001 0.01893 0.02329 0.01843 -0.06372 0.2861 -0.2022
63  2.201  0.001 0.02075 0.01655 0.01843 0.0635 -0.0212 -0.1605
57  2.211  0.001 0.01646 0.0171 0.01843 0.01868 -0.01594 -0.0517
134  2.22  0.001 0.01425 0.01732 0.01743 0.2945 -0.01092 -0.4178
62  2.226  0.001 0.02039 0.02397 0.01726 0.03425 -0.06666 0.03065
141  2.227  0.001 0.01979 0.01938 0.01843 -0.1672 0.05629 -0.2291
78  2.229  0.001 0.01702 0.01437 0.01707 0.06795 0.1263 -0.0119
68  2.23  0.001 0.01532 0.02051 0.01843 -0.1093 -0.08463 -0.1262
14  2.235  0.001 0.02011 0.02404 0.01614 0.01387 -0.01256 -0.05735
169  2.246  0.001 0.02254 0.02183 0.01843 -0.09286 -0.06643 -0.2215
64  2.249  0.001 0.01395 0.01925 0.01692 0.1007 0.06458 0.0491
95  2.256  0.001 0.02364 0.01682 0.01776 -0.1201 -0.01491 -0.2815
53  2.261  0.001 0.02404 0.01858 0.01843 -0.08337 -0.02945 -0.3983
155  2.267  0.001 0.01658 0.01527 0.01843 0.1425 0.1646 -0.4849
70  2.269  0.001 0.01868 0.02286 0.01843 0.3307 0.1028 -0.3528
138  2.273  0.001 0.02314 0.0221 0.01679 -0.1174 0.00244 0.1678
139  2.284  0.001 0.01667 0.02068 0.01843 0.1176 -0.1306 -0.06358
95  2.285  0.001 0.01958 0.01532 0.01843 -0.1453 -0.05585 -0.08221
91  2.291  0.001 0.01651 0.01641 0.01843 0.04599 0.1492 -0.4206
157  2.294  0.001 0.0194 0.01721 0.01843 0.008289 0.2046 -0.3155
48  2.303  0.001 0.01401 0.01985 0.01721 0.2124 -0.02781 -0.5601
53  2.323  0.001 0.02359 0.02138 0.01714 -0.1299 -0.01731 -0.03357
188  2.33  0.001 0.0197 0.02411 0.01675 -0.01302 -0.2366 -0.5829
155  2.333  0.001 0.01877 0.01416 0.01843 0.04452 0.07364 -0.1603
37  2.351  0.001 0.02209 0.02315 0.01804 -0.05036 -0.03521 -0.1374
157  2.357  0.001 0.01892 0.01766 0.01843 -0.008906 -0.01 -0.2565
102  2.36  0.001 0.01858 0.01476 0.01843 0.355 -0.3657 -0.4555
102  2.395  0.001 0.01823 0.01801 0.01843 -0.02911 0.0571 -0.1028
48  2.398  0.001 0.01631 0.02335 0.01743 0.1376 -0.1081 -0.2976
68  2.426  0.001 0.01788 0.0236 0.01843 0.07857 -0.1295 -0.3996
53  2.515  0.001 0.02382 0.01725 0.01715 -0.08992 -0.06241 -0.1394
98  2.532  0.001 0.01945 0.01396 0.0172 -0.08082 0.03952 -0.1916
164  2.551  0.001 0.02174 0.01472 0.01839 -0.04826 0.05232 -0.2272
176  2.554  0.001 0.01586 0.0179 0.01843 0.1454 0.1105 -0.08521
4  2.557  0.001 0.01899 0.01561 0.01843 -0.07873 0.1063 -0.286
169  2.557  0.001 0.01866 0.02144 0.01843 0.01363 0.2338 -0.3509
6  2.573  0.001 0.02114 0.01781 0.01843 0.009918 0.1612 -0.3201
4  2.607  0.001 0.02088 0.01465 0.01843 -0.02325 0.09367 -0.08356
42  2.67  0.001 0.02017 0.01675 0.01843 -0.04275 -0.0288 -0.1657
6  2.673  0.001 0.01835 0.01624 0.01843 -0.1883 -0.08223 -0.1819
35  2.676  0.001 0.02081 0.02304 0.01843 0.02839 0.004276 -0.03216
160  2.699  0.001 0.0216 0.01463 0.01781 -0.1006 0.04079 -0.2732
177  2.735  0.001 0.02183 0.01941 0.01843 0.02102 -0.1194 -0.07063
139  2.749  0.001 0.01955 0.02107 0.01843 0.01126 0.01988 -0.07655
55  2.756  0.001 0.01969 0.0151 0.01843 -0.1491 0.179 -0.4854
68  2.757  0.001 0.01799 0.02404 0.01668 -0.03979 -0.0504 -0.02574
140  2.802  0.001 0.01921 0.01627 0.01843 0.002393 0.1585 -0.6186
187  2.811  0.001 0.02155 0.0235 0.01799 -0.04129 -0.04184 -0.1005
14  2.823  0.001 0.02339 0.0212 0.01843 0.03559 -0.06469 -0.03691
138  2.824  0.001 0.0163 0.02335 0.01788 -0.006684 -0.07337 -0.1572
1  2.832  0.001 0.01705 0.01937 0.01843 0.1287 -0.1146 -0.2075
18  2.849  0.001 0.02012 0.01753 0.01843 0.202 0.001295 -0.5586
24  2.849  0.001 0.01858 0.01967 0.01843 -0.2256 -0.1102 -0.2256
137  2.872  0.001 0.02346 0.02064 0.01843 -0.1208 -0.0774 -0.1697
139  2.876  0.001 0.02303 0.01919 0.01843 -0.1021 -0.05709 -0.2553
18  2.887  0.001 0.02381 0.01883 0.01843 -0.1239 0.01937 -0.04497
140  2.892  0.001 0.01721 0.01512 0.01843 0.006216 0.1131 -0.2992
24  2.895  0.001 0.01439 0.01746 0.01843 -0.0577 -0.03239 -0.1091
146  2.914  0.001 0.01764 0.0193 0.01843 0.1366 0.124 -0.274
102  2.916  0.001 0.01906 0.02267 0.01843 0.01045 -0.1493 -0.4194
138  2.917  0.001 0.01504 0.01887 0.01843 0.1168 0.02446 -0.1594
139  2.919  0.001 0.02159 0.01831 0.01843 -0.0235 -0.01618 -0.1457
124  2.922  0.001 0.0184 0.02091 0.01843 -0.1731 0.2116 -0.1801
146  2.95  0.001 0.01884 0.02323 0.01843 0.01095 0.1098 -0.07874
188  3.015  0.001 0.02408 0.01989 0.01824 -0.04395 -0.04719 -0.07153
61  3.018  0.001 0.02064 0.02244 0.01843 -0.04192 -0.004296 -0.2414
153  3.04  0.001 0.0205 0.0164 0.01843 0.1534 0.1502 -0.1057
146  3.049  0.001 0.018 0.01837 0.01843 0.1277 0.1095 -0.2971
153  3.079  0.001 0.0221 0.0191 0.01843 -0.003188 0.03739 -0.07416
110  3.101  0.001 0.02308 0.02217 0.01738 -0.05634 0.02407 -0.03825
146  3.105  0.001 0.01899 0.02133 0.01843 0.000542 0.04356 -0.1894
95  3.113  0.001 0.01428 0.02087 0.01657 0.1798 -0.1827 -0.5351
81  3.164  0.001 0.02129 0.01462 0.01843 -0.09258 0.01885 -0.1794
188  3.185  0.001 0.01848 0.01911 0.01843 -0.1934 0.04761 -0.1086
95  3.195  0.001 0.02035 0.02398 0.01653 0.05 -0.1202 -0.2753
102  3.221  0.001 0.01713 0.02001 0.01843 0.009858 -0.1589 -0.404
148  3.231  0.001 0.01783 0.02117 0.01843 -0.06728 -0.005234 -0.3621
21  3.235  0.001 0.01786 0.02045 0.01843 -0.1812 0.03038 -0.2829
153  3.243  0.001 0.01874 0.01901 0.01843 0.1668 0.08188 -0.3823
153  3.266  0.001 0.0181 0.01716 0.01843 -0.06773 -0.1124 -0.01013
95  3.268  0.001 0.01873 0.02321 0.01843 0.03587 -0.1058 -0.1232
126  3.271  0.001 0.0176 0.02276 0.01843 0.05834 0.0342 -0.1317
35  3.273  0.001 0.02333 0.02152 0.01843 -0.06073 -0.07531 -0.3308
148  3.276  0.001 0.01672 0.02359 0.01763 0.015 -0.08408 -0.03692
97  3.29  0.001 0.019 0.01855 0.01843 -0.04878 -0.338 -0.177
110  3.291  0.001 0.01576 0.02243 0.01843 0.1019 -0.0987 -0.615
102  3.308  0.001 0.0187 0.0226 0.01843 0.05173 -0.1202 -0.2597
146  3.332  0.001 0.01551 0.01538 0.0177 0.1406 0.06757 -0.09963
35  3.343  0.001 0.02395 0.02047 0.01765 -0.06586 -0.009379 -0.2416
22  3.376  0.001 0.02137 0.01981 0.01843 0.1999 0.06677 -0.292
35  3.381  0.001 0.02357 0.02142 0.01792 -0.04164 -0.04063 -0.1174
107  3.396  0.001 0.02264 0.01661 0.01843 0.2083 -0.1912 -0.2631
107  3.419  0.001 0.01923 0.01864 0.01843 -0.2209 0.1456 -0.03607
106  3.525  0.001 0.01947 0.02365 0.01843 -0.08256 0.06232 -0.01501
55  3.538  0.001 0.02251 0.02267 0.01843 -0.005447 0.00186 -0.1713
182  3.549  0.001 0.01843 0.02188 0.01843 -0.06199 -0.02037 -0.1934
181  3.554  0.001 0.02396 0.01766 0.01713 -0.05109 -0.01333 -0.08024
139  3.566  0.001 0.01838 0.02136 0.01843 -0.05939 -0.01282 -0.2622
23  3.571  0.001 0.01786 0.01409 0.01724 -0.2247 0.1513 -0.2045
60  3.574  0.001 0.02257 0.02106 0.01843 0.004307 -0.005555 -0.3133
147  3.59  0.001 0.02299 0.01888 0.01843 -0.05132 0.01479 -0.05667
61  3.594  0.001 0.0193 0.01971 0.01843 -0.06705 -0.09908 -0.05956
72  3.627  0.001 0.01955 0.01471 0.01843 -0.1296 -0.3846 -0.09327
72  3.649  0.001 0.01747 0.0179 0.01843 -0.08585 0.2513 -0.0679
54  3.653  0.001 0.02037 0.01412 0.01696 -0.1157 0.01375 -0.2303
139  3.663  0.001 0.01796 0.01588 0.01843 0.04643 0.1484 -0.1258
37  3.673  0.001 0.01971 0.01524 0.01843 0.03147 -0.1245 -0.247
59  3.682  0.001 0.01834 0.0241 0.01658 -0.05894 -0.1444 -0.2718
183  3.686  0.001 0.0233 0.01623 0.01756 -0.1451 0.007135 -0.06117
54  3.697  0.001 0.01585 0.01604 0.01843 -0.1653 -0.02197 -0.01154
190  3.698  0.001 0.01808 0.01804 0.01843 -0.03534 0.03844 -0.1153
71  3.702  0.001 0.02128 0.0191 0.01843 -0.1543 0.06674 -0.2335
14  3.706  0.001 0.01794 0.02125 0.01843 0.03926 -0.198 -0.07116
60  3.709  0.001 0.01862 0.0188 0.01843 0.1219 0.1082 -0.594
110  3.709  0.001 0.02276 0.01726 0.01843 -0.1416 -0.03951 -0.3257
139  3.714  0.001 0.01576 0.01826 0.01843 -0.04722 0.01153 -0.0345
149  3.72  0.001 0.01657 0.01958 0.01843 0.2007 -0.09653 -0.4036
103  3.726  0.001 0.02143 0.02357 0.01757 -0.1322 -0.233 -0.4783
182  3.733  0.001 0.01615 0.01771 0.01843 -0.05891 0.0238 -0.2438
147  3.734  0.001 0.01495 0.0214 0.01843 0.1429 0.1081 -0.5526
118  3.745  0.001 0.01647 0.02281 0.01843 -0.1653 0.05945 -0.1904
31  3.748  0.001 0.01885 0.01962 0.01843 -0.2198 -0.03908 -0.4566
126  3.758  0.001 0.02209 0.01777 0.01843 -0.1392 0.03317 -0.1395
77  3.77  0.001 0.01935 0.02359 0.01843 0.01771 -0.03917 -0.1223
149  3.781  0.001 0.01734 0.02385 0.01817 0.0521 -0.1324 -0.08672
114  3.783  0.001 0.02283 0.01984 0.01843 -0.233 -0.1076 -0.3167
147  3.791  0.001 0.01399 0.01966 0.01703 0.06835 -0.07164 -0.1717
103  3.805  0.001 0.01408 0.02019 0.01811 0.148 -0.03667 -0.04435
64  3.821  0.001 0.01986 0.01599 0.01843 -0.3254 -0.1068 -0.4352
114  3.833  0.001 0.02178 0.01533 0.01843 -0.05778 0.09191 -0.09607
35  3.835  0.001 0.0175 0.01771 0.01843 -0.08844 -0.02252 -0.07381
31  3.838  0.001 0.01913 0.02232 0.01843 0.05449 -0.1686 -0.1597
53  3.839  0.001 0.01631 0.01836 0.01843 -0.04234 -0.04658 -0.01432
155  3.851  0.001 0.01694 0.01848 0.01843 0.07623 0.2148 -0.4164
12  3.864  0.001 0.01898 0.01923 0.01843 0.0391 0.2423 -0.4762
114  3.876  0.001 0.02197 0.01612 0.01843 0.03408 -0.0166 -0.06374
97  3.876  0.001 0.01706 0.01878 0.01843 -0.1755 0.2666 -0.6403
30  3.883  0.001 0.0185 0.02112 0.01843 0.06693 -0.0227 -0.2481
25  3.896  0.001 0.01905 0.01557 0.01843 -0.269 -0.1573 -0.4872
189  3.916  0.001 0.01503 0.01745 0.01843 0.03928 0.09853 -0.7104
155  3.919  0.001 0.01573 0.02035 0.01843 0.1153 -0.02464 -0.2604
12  3.93  0.001 0.01922 0.01826 0.01843 -0.1969 -0.09621 -0.2388
30  3.931  0.001 0.0182 0.02408 0.01815 0.03483 -0.1042 -0.02605
97  3.931  0.001 0.01672 0.02359 0.0181 0.03289 -0.1162 -0.04902
31  3.939  0.001 0.01888 0.01823 0.01843 -0.1086 0.1174 -0.2824
93  3.96  0.001 0.01858 0.01655 0.01843 0.05693 0.2085 -0.07955
155  3.975  0.001 0.01652 0.02348 0.01829 0.07616 -0.06177 -0.06045
171  3.978  0.001 0.01569 0.02289 0.01841 0.1032 -0.1244 -0.05743
135  3.986  0.001 0.01547 0.01623 0.01843 -0.05875 -0.09122 -0.3319
189  4.05  0.001 0.01877 0.01521 0.01843 0.1364 0.1166 -0.4443
62  4.064  0.001 0.02061 0.01419 0.01799 -0.09199 0.08428 -0.1227
102  4.083  0.001 0.01774 0.01444 0.01843 -0.03629 0.2078 -0.6265
150  4.089  0.001 0.01794 0.01407 0.01815 -0.01761 0.1601 -0.1947
141  4.13  0.001 0.01592 0.01735 0.01843 0.04635 0.138 -0.5341
87  4.147  0.001 0.01997 0.01403 0.01739 -0.1195 0.1171 -0.4931
12  4.149  0.001 0.02125 0.01706 0.01843 0.09203 0.3022 -0.1599
174  4.149  0.001 0.02014 0.01531 0.01843 -0.1304 0.03761 -0.2351
185  4.159  0.001 0.01745 0.01467 0.01843 0.0791 0.3279 -0.4352
176  4.205  0.001 0.01913 0.01544 0.01843 -0.1755 -0.04691 -0.1302
35  4.206  0.001 0.01401 0.01982 0.01801 0.08629 -0.08352 -0.1151
91  4.216  0.001 0.01936 0.01502 0.01843 -0.1259 -0.0808 -0.1949
123  4.217  0.001 0.01742 0.01555 0.01843 -0.1018 0.1423 -0.07866
93  4.221  0.001 0.02182 0.01649 0.01843 0.007368 -0.1127 -0.2014
182  4.224  0.001 0.01427 0.02035 0.01843 0.08856 -0.0286 -0.1132
141  4.233  0.001 0.01719 0.01544 0.01843 0.163 0.1428 -0.1415
30  4.246  0.001 0.02041 0.01692 0.01843 -0.03859 0.163 -0.1114
118  4.265  0.001 0.0151 0.01581 0.01762 0.1647 0.009866 -0.307
66  4.271  0.001 0.02236 0.02169 0.01843 0.03288 -0.008835 -0.01229
158  4.275  0.001 0.01975 0.01933 0.01843 -0.06695 -0.06429 -0.1086
164  4.288  0.001 0.01836 0.02199 0.01843 0.1904 -0.2423 -0.2769
173  4.289  0.001 0.01747 0.02146 0.01843 -0.03338 0.3107 -0.2319
98  4.298  0.001 0.01413 0.01988 0.01843 -0.133 -0.03094 -0.2243
124  4.346  0.001 0.01641 0.01972 0.01843 -0.1182 0.2915 -0.6192
135  4.346  0.001 0.01843 0.02013 0.01843 0.132 0.1193 -0.5194
164  4.356  0.001 0.02011 0.02334 0.01843 -0.02578 -0.1427 -0.1194
135  4.426  0.001 0.01832 0.02277 0.01843 -0.008815 -0.1159 -0.312
21  4.533  0.001 0.02263 0.0172 0.01843 -0.02325 -0.08668 -0.01639
92  4.538  0.001 0.01763 0.01566 0.01843 -0.2284 -0.0707 -0.1018
183  4.54  0.001 0.0188 0.01742 0.01843 -0.1394 -0.1352 -0.06941
188  4.548  0.001 0.01984 0.02409 0.01763 -0.04708 -0.04997 -0.1211
178  4.585  0.001 0.02148 0.01569 0.01843 -0.09017 0.03256 -0.3592
25  4.592  0.001 0.01818 0.01402 0.01607 -0.07269 0.1376 -0.1982
61  4.617  0.001 0.02104 0.01699 0.01843 -0.05786 -0.09393 -0.2059
170  4.62  0.001 0.02041 0.01523 0.01843 -0.05832 0.1164 -0.1224
156  4.629  0.001 0.0203 0.01786 0.01843 -0.01867 0.193 -0.5413
133  4.633  0.001 0.01912 0.01924 0.01843 0.1882 0.09176 -0.346
95  4.64  0.001 0.01619 0.01602 0.01843 -0.1328 0.08991 -0.3445
114  4.656  0.001 0.01494 0.02207 0.01743 0.1916 -0.007463 -0.14
95  4.698  0.001 0.01554 0.01535 0.01734 0.06691 0.05938 -0.109
62  4.705  0.001 0.01921 0.01823 0.01843 0.2226 0.008981 -0.2562
156  4.71  0.001 0.02268 0.01586 0.01843 0.03323 -0.03827 -0.3446
86  4.726  0.001 0.01688 0.01455 0.01843 -0.07401 0.1353 -0.3021
62  4.758  0.001 0.02264 0.01898 0.01843 0.04548 0.01467 -0.1994
62  4.798  0.001 0.02272 0.02107 0.01843 -0.0078 0.06105 -0.1071
190  4.835  0.001 0.02008 0.016 0.01843 -0.05446 -0.1823 -0.09542
188  4.84  0.001 0.02335 0.02179 0.0182 0.02879 -0.06511 -0.1232
42  4.851  0.001 0.01577 0.02296 0.01839 0.03557 -0.06358 -0.1578
170  5.031  0.001 0.01907 0.02233 0.01843 -0.0658 0.009782 -0.1446
48  5.036  0.001 0.0154 0.01682 0.01843 -0.07941 -0.09038 -0.2981
81  5.154  0.001 0.01526 0.01691 0.01843 -0.2836 -0.1367 -0.1949
53  5.171  0.001 0.01635 0.01581 0.01843 -0.03174 0.1615 -0.4698
81  5.184  0.001 0.01905 0.02074 0.01843 0.1881 0.1673 -0.0957
