# ID time  diameter x y z u v w  (ex ey ez, color)
28  0.01616  0.0001 0.01408 0.01826 0.01843    0    0 -0.005
9  0.01818  0.0001 0.02325 0.01895 0.01843    0    0 -0.005
22  0.02499  0.0001 0.01952 0.02012 0.01843    0    0 -0.005
13  0.02524  0.0001 0.01808 0.02272 0.01843    0    0 -0.005
7  0.02788  0.0001 0.01482 0.01773 0.01843    0    0 -0.005
17  0.0308  0.0001 0.01703 0.02308 0.01843    0    0 -0.005
18  0.03346  0.0001 0.02053 0.01703 0.01843    0    0 -0.005
25  0.03771  0.0001 0.01711 0.01814 0.01843    0    0 -0.005
21  0.0524  0.0001 0.01643 0.01692 0.01843    0    0 -0.005
19  0.05621  0.0001 0.0164 0.01659 0.01843    0    0 -0.005
1  0.0577  0.0001 0.0168 0.01476 0.01843    0    0 -0.005
12  0.06162  0.0001 0.02226 0.02271 0.01843    0    0 -0.005
26  0.06185  0.0001 0.01862 0.01522 0.01843    0    0 -0.005
5  0.07097  0.0001 0.01626 0.01686 0.01843    0    0 -0.005
2  0.07154  0.0001 0.02081 0.01787 0.01843    0    0 -0.005
10  0.07992  0.0001 0.01563 0.0224 0.01843    0    0 -0.005
24  0.08671  0.0001 0.01962 0.01486 0.01843    0    0 -0.005
20  0.09894  0.0001 0.02091 0.02027 0.01843    0    0 -0.005
6  0.1184  0.0001 0.01997 0.01562 0.01843    0    0 -0.005
29  0.133  0.0001 0.01754 0.01674 0.01843    0    0 -0.005
30  0.1413  0.0001 0.01985 0.01664 0.01843    0    0 -0.005
4  0.1462  0.0001 0.02304 0.02012 0.01843    0    0 -0.005
8  0.1593  0.0001 0.01673 0.01615 0.01843    0    0 -0.005
16  0.1602  0.0001 0.01463 0.01945 0.01843    0    0 -0.005
3  0.1625  0.0001 0.01628 0.01757 0.01843    0    0 -0.005
14  0.1669  0.0001 0.01504 0.01872 0.01843    0    0 -0.005
11  0.1706  0.0001 0.02059 0.02017 0.01843    0    0 -0.005
15  0.1798  0.0001 0.01826 0.02318 0.01843    0    0 -0.005
27  0.1998  0.0001 0.01723 0.01959 0.01843    0    0 -0.005
23  0.2044  0.0001 0.01712 0.02242 0.01843    0    0 -0.005
34  0.2104  0.0001 0.01702 0.01859 0.01843    0    0 -0.005
45  0.2309  0.0001 0.01944 0.01617 0.01843    0    0 -0.005
55  0.2422  0.0001 0.01482 0.01777 0.01843    0    0 -0.005
42  0.2459  0.0001 0.0186 0.01972 0.01843    0    0 -0.005
48  0.2513  0.0001 0.02051 0.02322 0.01843    0    0 -0.005
33  0.2567  0.0001 0.01948 0.01647 0.01843    0    0 -0.005
36  0.265  0.0001 0.02369 0.01966 0.01843    0    0 -0.005
56  0.282  0.0001 0.01701 0.01788 0.01843    0    0 -0.005
57  0.2859  0.0001 0.01863 0.01723 0.01843    0    0 -0.005
41  0.2877  0.0001 0.01644 0.01498 0.01843    0    0 -0.005
60  0.2883  0.0001 0.0191 0.01414 0.01843    0    0 -0.005
44  0.2915  0.0001 0.02103 0.02112 0.01843    0    0 -0.005
52  0.2921  0.0001 0.01653 0.01864 0.01843    0    0 -0.005
32  0.3077  0.0001 0.01913 0.02014 0.01843    0    0 -0.005
43  0.3165  0.0001 0.02025 0.02367 0.01843    0    0 -0.005
35  0.3181  0.0001 0.01971 0.02318 0.01843    0    0 -0.005
39  0.3211  0.0001 0.02169 0.01713 0.01843    0    0 -0.005
58  0.3233  0.0001 0.02211 0.02042 0.01843    0    0 -0.005
40  0.3294  0.0001 0.01639 0.01987 0.01843    0    0 -0.005
53  0.336  0.0001 0.02035 0.01736 0.01843    0    0 -0.005
46  0.3368  0.0001 0.02245 0.01579 0.01843    0    0 -0.005
31  0.3411  0.0001 0.01705 0.02098 0.01843    0    0 -0.005
38  0.3426  0.0001 0.01888 0.02229 0.01843    0    0 -0.005
37  0.3515  0.0001 0.01766 0.0201 0.01843    0    0 -0.005
50  0.3562  0.0001 0.02185 0.01815 0.01843    0    0 -0.005
54  0.3744  0.0001 0.01642 0.01496 0.01843    0    0 -0.005
47  0.3791  0.0001 0.01617 0.01695 0.01843    0    0 -0.005
49  0.3821  0.0001 0.01873 0.0173 0.01843    0    0 -0.005
51  0.3909  0.0001 0.0216 0.01895 0.01843    0    0 -0.005
59  0.3957  0.0001 0.0191 0.01443 0.01843    0    0 -0.005
65  0.4197  0.0001 0.01769 0.01745 0.01843    0    0 -0.005
71  0.421  0.0001 0.01458 0.01791 0.01843    0    0 -0.005
84  0.423  0.0001 0.02334 0.01691 0.01843    0    0 -0.005
67  0.449  0.0001 0.02131 0.02105 0.01843    0    0 -0.005
62  0.4595  0.0001 0.01998 0.02162 0.01843    0    0 -0.005
90  0.4656  0.0001 0.02031 0.01563 0.01843    0    0 -0.005
66  0.4752  0.0001 0.01557 0.0221 0.01843    0    0 -0.005
68  0.4852  0.0001 0.01577 0.01801 0.01843    0    0 -0.005
61  0.498  0.0001 0.01734 0.01457 0.01843    0    0 -0.005
88  0.5021  0.0001 0.02234 0.02287 0.01843    0    0 -0.005
82  0.5105  0.0001 0.01791 0.02168 0.01843    0    0 -0.005
77  0.5119  0.0001 0.0234 0.01844 0.01843    0    0 -0.005
79  0.517  0.0001 0.01666 0.02269 0.01843    0    0 -0.005
70  0.5203  0.0001 0.02289 0.02038 0.01843    0    0 -0.005
72  0.5431  0.0001 0.02309 0.0209 0.01843    0    0 -0.005
89  0.5455  0.0001 0.02206 0.02045 0.01843    0    0 -0.005
75  0.5507  0.0001 0.01667 0.02303 0.01843    0    0 -0.005
85  0.5512  0.0001 0.01517 0.01768 0.01843    0    0 -0.005
63  0.5572  0.0001 0.02229 0.01842 0.01843    0    0 -0.005
76  0.5634  0.0001 0.02166 0.0176 0.01843    0    0 -0.005
87  0.5651  0.0001 0.02191 0.01537 0.01843    0    0 -0.005
73  0.5781  0.0001 0.01829 0.02213 0.01843    0    0 -0.005
64  0.5821  0.0001 0.02045 0.01485 0.01843    0    0 -0.005
83  0.5843  0.0001 0.01601 0.01848 0.01843    0    0 -0.005
81  0.588  0.0001 0.01651 0.01797 0.01843    0    0 -0.005
80  0.5992  0.0001 0.02068 0.01794 0.01843    0    0 -0.005
86  0.5999  0.0001 0.02153 0.02145 0.01843    0    0 -0.005
74  0.6031  0.0001 0.02214 0.02212 0.01843    0    0 -0.005
78  0.6069  0.0001 0.01552 0.01988 0.01843    0    0 -0.005
69  0.6087  0.0001 0.01943 0.02314 0.01843    0    0 -0.005
117  0.6139  0.0001 0.01497 0.01668 0.01843    0    0 -0.005
101  0.6168  0.0001 0.01511 0.01696 0.01843    0    0 -0.005
92  0.6222  0.0001 0.02053 0.01565 0.01843    0    0 -0.005
107  0.6247  0.0001 0.01439 0.01888 0.01843    0    0 -0.005
119  0.625  0.0001 0.01984 0.01551 0.01843    0    0 -0.005
118  0.6289  0.0001 0.01635 0.01953 0.01843    0    0 -0.005
120  0.6321  0.0001 0.01688 0.01696 0.01843    0    0 -0.005
113  0.6464  0.0001 0.02044 0.01858 0.01843    0    0 -0.005
115  0.6466  0.0001 0.01999 0.02003 0.01843    0    0 -0.005
97  0.6475  0.0001 0.0174 0.0211 0.01843    0    0 -0.005
116  0.6505  0.0001 0.01894 0.01545 0.01843    0    0 -0.005
100  0.6572  0.0001 0.01972 0.01526 0.01843    0    0 -0.005
95  0.6722  0.0001 0.0222 0.02101 0.01843    0    0 -0.005
106  0.6907  0.0001 0.01958 0.02208 0.01843    0    0 -0.005
103  0.7109  0.0001 0.01815 0.02297 0.01843    0    0 -0.005
94  0.7143  0.0001 0.02234 0.01837 0.01843    0    0 -0.005
110  0.7161  0.0001 0.02127 0.02095 0.01843    0    0 -0.005
105  0.7172  0.0001 0.01562 0.02101 0.01843    0    0 -0.005
112  0.7264  0.0001 0.01688 0.0213 0.01843    0    0 -0.005
114  0.7281  0.0001 0.01815 0.02239 0.01843    0    0 -0.005
108  0.7336  0.0001 0.01776 0.01443 0.01843    0    0 -0.005
102  0.7343  0.0001 0.01833 0.02209 0.01843    0    0 -0.005
109  0.7522  0.0001 0.0198 0.02115 0.01843    0    0 -0.005
104  0.7587  0.0001 0.01804 0.0197 0.01843    0    0 -0.005
91  0.7744  0.0001 0.01838 0.02164 0.01843    0    0 -0.005
96  0.7754  0.0001 0.02083 0.01468 0.01843    0    0 -0.005
98  0.7871  0.0001 0.02335 0.02054 0.01843    0    0 -0.005
111  0.7962  0.0001 0.02394 0.01853 0.01843    0    0 -0.005
99  0.7986  0.0001 0.01692 0.01946 0.01843    0    0 -0.005
93  0.8029  0.0001 0.02205 0.01867 0.01843    0    0 -0.005
125  0.8129  0.0001 0.01851 0.01681 0.01843    0    0 -0.005
135  0.8176  0.0001 0.01697 0.01686 0.01843    0    0 -0.005
131  0.8186  0.0001 0.01747 0.0199 0.01843    0    0 -0.005
138  0.8304  0.0001 0.02262 0.01886 0.01843    0    0 -0.005
123  0.8325  0.0001 0.01595 0.01801 0.01843    0    0 -0.005
139  0.8429  0.0001 0.01822 0.02322 0.01843    0    0 -0.005
129  0.8739  0.0001 0.01659 0.02234 0.01843    0    0 -0.005
127  0.874  0.0001 0.01611 0.01765 0.01843    0    0 -0.005
136  0.8747  0.0001 0.0159 0.02084 0.01843    0    0 -0.005
133  0.8748  0.0001 0.01789 0.01638 0.01843    0    0 -0.005
124  0.8932  0.0001 0.0211 0.02097 0.01843    0    0 -0.005
132  0.8983  0.0001 0.02043 0.02121 0.01843    0    0 -0.005
147  0.9003  0.0001 0.01501 0.0202 0.01843    0    0 -0.005
145  0.9027  0.0001 0.01911 0.02404 0.01843    0    0 -0.005
128  0.903  0.0001 0.02289 0.02177 0.01843    0    0 -0.005
140  0.9032  0.0001 0.02119 0.02175 0.01843    0    0 -0.005
144  0.9037  0.0001 0.01871 0.02356 0.01843    0    0 -0.005
126  0.907  0.0001 0.01888 0.02231 0.01843    0    0 -0.005
146  0.9077  0.0001 0.01616 0.01567 0.01843    0    0 -0.005
141  0.9167  0.0001 0.01587 0.0178 0.01843    0    0 -0.005
122  0.9352  0.0001 0.02382 0.02002 0.01843    0    0 -0.005
134  0.9512  0.0001 0.02038 0.02328 0.01843    0    0 -0.005
121  0.9533  0.0001 0.01576 0.01553 0.01843    0    0 -0.005
142  0.9541  0.0001 0.01883 0.0192 0.01843    0    0 -0.005
149  0.9695  0.0001 0.02163 0.01831 0.01843    0    0 -0.005
137  0.9719  0.0001 0.0236 0.01788 0.01843    0    0 -0.005
130  0.9819  0.0001 0.01847 0.02193 0.01843    0    0 -0.005
150  0.9845  0.0001 0.015 0.01657 0.01843    0    0 -0.005
143  1.004  0.0001 0.01737 0.02071 0.01843    0    0 -0.005
148  1.004  0.0001 0.01872 0.02302 0.01843    0    0 -0.005
173  1.014  0.0001 0.02111 0.01615 0.01843    0    0 -0.005
179  1.015  0.0001 0.01718 0.02342 0.01843    0    0 -0.005
165  1.015  0.0001 0.01921 0.02076 0.01843    0    0 -0.005
177  1.015  0.0001 0.02103 0.02089 0.01843    0    0 -0.005
170  1.025  0.0001 0.01871 0.01898 0.01843    0    0 -0.005
156  1.026  0.0001 0.0173 0.0233 0.01843    0    0 -0.005
160  1.029  0.0001 0.01842 0.02092 0.01843    0    0 -0.005
151  1.072  0.0001 0.0202 0.02018 0.01843    0    0 -0.005
178  1.088  0.0001 0.02085 0.02051 0.01843    0    0 -0.005
175  1.088  0.0001 0.01761 0.01704 0.01843    0    0 -0.005
166  1.099  0.0001 0.0216 0.01586 0.01843    0    0 -0.005
174  1.103  0.0001 0.01831 0.02056 0.01843    0    0 -0.005
158  1.105  0.0001 0.01616 0.02247 0.01843    0    0 -0.005
167  1.109  0.0001 0.01568 0.01649 0.01843    0    0 -0.005
168  1.113  0.0001 0.01968 0.02404 0.01843    0    0 -0.005
155  1.118  0.0001 0.01545 0.0212 0.01843    0    0 -0.005
152  1.121  0.0001 0.01617 0.01891 0.01843    0    0 -0.005
153  1.121  0.0001 0.01639 0.01582 0.01843    0    0 -0.005
159  1.124  0.0001 0.01763 0.0152 0.01843    0    0 -0.005
180  1.141  0.0001 0.02047 0.0195 0.01843    0    0 -0.005
154  1.143  0.0001 0.01747 0.01859 0.01843    0    0 -0.005
169  1.146  0.0001 0.02023 0.02212 0.01843    0    0 -0.005
162  1.149  0.0001 0.01754 0.02335 0.01843    0    0 -0.005
161  1.149  0.0001 0.02296 0.01804 0.01843    0    0 -0.005
171  1.166  0.0001 0.02183 0.01624 0.01843    0    0 -0.005
176  1.177  0.0001 0.01744 0.01849 0.01843    0    0 -0.005
164  1.202  0.0001 0.02373 0.01934 0.01843    0    0 -0.005
172  1.209  0.0001 0.02014 0.02048 0.01843    0    0 -0.005
163  1.209  0.0001 0.02036 0.01752 0.01843    0    0 -0.005
157  1.21  0.0001 0.0217 0.02055 0.01843    0    0 -0.005
198  1.212  0.0001 0.01684 0.01964 0.01843    0    0 -0.005
183  1.212  0.0001 0.0197 0.01944 0.01843    0    0 -0.005
184  1.217  0.0001 0.02199 0.01693 0.01843    0    0 -0.005
210  1.237  0.0001 0.0201 0.01543 0.01843    0    0 -0.005
201  1.248  0.0001 0.02314 0.01765 0.01843    0    0 -0.005
194  1.248  0.0001 0.01795 0.01557 0.01843    0    0 -0.005
196  1.252  0.0001 0.01477 0.01708 0.01843    0    0 -0.005
181  1.26  0.0001 0.01603 0.01891 0.01843    0    0 -0.005
189  1.26  0.0001 0.02107 0.01709 0.01843    0    0 -0.005
200  1.262  0.0001 0.01759 0.02117 0.01843    0    0 -0.005
207  1.262  0.0001 0.01709 0.01522 0.01843    0    0 -0.005
195  1.263  0.0001 0.02133 0.01814 0.01843    0    0 -0.005
187  1.279  0.0001 0.02324 0.01642 0.01843    0    0 -0.005
209  1.286  0.0001 0.0162 0.01826 0.01843    0    0 -0.005
204  1.288  0.0001 0.01837 0.0211 0.01843    0    0 -0.005
182  1.288  0.0001 0.01968 0.01637 0.01843    0    0 -0.005
191  1.294  0.0001 0.02356 0.01891 0.01843    0    0 -0.005
205  1.303  0.0001 0.01417 0.01886 0.01843    0    0 -0.005
186  1.31  0.0001 0.01597 0.02281 0.01843    0    0 -0.005
192  1.316  0.0001 0.01876 0.02127 0.01843    0    0 -0.005
188  1.325  0.0001 0.02157 0.02285 0.01843    0    0 -0.005
203  1.325  0.0001 0.01989 0.01651 0.01843    0    0 -0.005
206  1.333  0.0001 0.01884 0.02237 0.01843    0    0 -0.005
185  1.338  0.0001 0.01898 0.02029 0.01843    0    0 -0.005
193  1.364  0.0001 0.02025 0.01536 0.01843    0    0 -0.005
202  1.368  0.0001 0.01967 0.02165 0.01843    0    0 -0.005
208  1.383  0.0001 0.01953 0.01867 0.01843    0    0 -0.005
190  1.392  0.0001 0.01561 0.01817 0.01843    0    0 -0.005
199  1.403  0.0001 0.01952 0.01848 0.01843    0    0 -0.005
197  1.405  0.0001 0.01864 0.01738 0.01843    0    0 -0.005
227  1.415  0.0001 0.01451 0.01717 0.01843    0    0 -0.005
212  1.42  0.0001 0.02088 0.02226 0.01843    0    0 -0.005
229  1.424  0.0001 0.01618 0.01691 0.01843    0    0 -0.005
216  1.426  0.0001 0.0196 0.0204 0.01843    0    0 -0.005
217  1.428  0.0001 0.01967 0.01435 0.01843    0    0 -0.005
236  1.429  0.0001 0.02181 0.01962 0.01843    0    0 -0.005
231  1.437  0.0001 0.01816 0.02008 0.01843    0    0 -0.005
237  1.448  0.0001 0.02311 0.01818 0.01843    0    0 -0.005
239  1.45  0.0001 0.01495 0.01817 0.01843    0    0 -0.005
219  1.45  0.0001 0.02274 0.02221 0.01843    0    0 -0.005
222  1.461  0.0001 0.01853 0.0157 0.01843    0    0 -0.005
226  1.463  0.0001 0.01984 0.02264 0.01843    0    0 -0.005
238  1.464  0.0001 0.01809 0.02195 0.01843    0    0 -0.005
233  1.464  0.0001 0.0183 0.01678 0.01843    0    0 -0.005
228  1.464  0.0001 0.01716 0.02143 0.01843    0    0 -0.005
224  1.471  0.0001 0.017 0.02139 0.01843    0    0 -0.005
214  1.488  0.0001 0.02235 0.0223 0.01843    0    0 -0.005
235  1.489  0.0001 0.02376 0.01734 0.01843    0    0 -0.005
218  1.49  0.0001 0.02383 0.02035 0.01843    0    0 -0.005
223   1.5  0.0001 0.01647 0.02102 0.01843    0    0 -0.005
234  1.503  0.0001 0.02194 0.01688 0.01843    0    0 -0.005
232  1.503  0.0001 0.01656 0.01692 0.01843    0    0 -0.005
215  1.516  0.0001 0.01667 0.02145 0.01843    0    0 -0.005
225  1.532  0.0001 0.02345 0.01707 0.01843    0    0 -0.005
240  1.559  0.0001 0.01543 0.01798 0.01843    0    0 -0.005
230  1.563  0.0001 0.02088 0.01981 0.01843    0    0 -0.005
221  1.573  0.0001 0.01488 0.01786 0.01843    0    0 -0.005
220  1.582  0.0001 0.01853 0.02202 0.01843    0    0 -0.005
211  1.584  0.0001 0.0228 0.02163 0.01843    0    0 -0.005
213  1.588  0.0001 0.02266 0.01585 0.01843    0    0 -0.005
253  1.615  0.0001 0.01778 0.02281 0.01843    0    0 -0.005
262  1.63  0.0001 0.021 0.01928 0.01843    0    0 -0.005
246  1.634  0.0001 0.01563 0.01933 0.01843    0    0 -0.005
260  1.644  0.0001 0.02314 0.01629 0.01843    0    0 -0.005
264  1.658  0.0001 0.02293 0.02082 0.01843    0    0 -0.005
265  1.658  0.0001 0.01807 0.02396 0.01843    0    0 -0.005
257  1.663  0.0001 0.02044 0.01975 0.01843    0    0 -0.005
248  1.667  0.0001 0.02045 0.01613 0.01843    0    0 -0.005
259  1.669  0.0001 0.01912 0.0195 0.01843    0    0 -0.005
270  1.675  0.0001 0.02201 0.0177 0.01843    0    0 -0.005
249  1.686  0.0001 0.01852 0.01915 0.01843    0    0 -0.005
251  1.689  0.0001 0.02097 0.01708 0.01843    0    0 -0.005
245  1.708  0.0001 0.01899 0.02345 0.01843    0    0 -0.005
244  1.709  0.0001 0.01517 0.02014 0.01843    0    0 -0.005
252  1.712  0.0001 0.01415 0.01925 0.01843    0    0 -0.005
250  1.715  0.0001 0.0201 0.01536 0.01843    0    0 -0.005
242  1.721  0.0001 0.01803 0.01874 0.01843    0    0 -0.005
261  1.732  0.0001 0.0234 0.02 0.01843    0    0 -0.005
268  1.736  0.0001 0.01704 0.01575 0.01843    0    0 -0.005
256  1.74  0.0001 0.01955 0.02079 0.01843    0    0 -0.005
258  1.751  0.0001 0.02247 0.01982 0.01843    0    0 -0.005
266  1.754  0.0001 0.01876 0.01662 0.01843    0    0 -0.005
254  1.762  0.0001 0.0176 0.02316 0.01843    0    0 -0.005
263  1.771  0.0001 0.01767 0.02069 0.01843    0    0 -0.005
243  1.783  0.0001 0.01485 0.01799 0.01843    0    0 -0.005
269  1.783  0.0001 0.02067 0.01857 0.01843    0    0 -0.005
267  1.79  0.0001 0.02383 0.01857 0.01843    0    0 -0.005
255  1.799  0.0001 0.01661 0.01472 0.01843    0    0 -0.005
247  1.801  0.0001 0.0212 0.01539 0.01843    0    0 -0.005
241  1.805  0.0001 0.01568 0.0187 0.01843    0    0 -0.005
291  1.812  0.0001 0.02063 0.022 0.01843    0    0 -0.005
293  1.818  0.0001 0.0207 0.01582 0.01843    0    0 -0.005
295  1.82  0.0001 0.01628 0.01688 0.01843    0    0 -0.005
299  1.827  0.0001 0.01543 0.02166 0.01843    0    0 -0.005
292  1.839  0.0001 0.01732 0.01709 0.01843    0    0 -0.005
296  1.84  0.0001 0.02124 0.01752 0.01843    0    0 -0.005
277  1.842  0.0001 0.0233 0.0203 0.01843    0    0 -0.005
297  1.844  0.0001 0.02136 0.01577 0.01843    0    0 -0.005
283  1.861  0.0001 0.0163 0.01863 0.01843    0    0 -0.005
300  1.861  0.0001 0.02269 0.01654 0.01843    0    0 -0.005
294  1.867  0.0001 0.02382 0.01997 0.01843    0    0 -0.005
285  1.899  0.0001 0.0211 0.01768 0.01843    0    0 -0.005
290  1.918  0.0001 0.01976 0.01616 0.01843    0    0 -0.005
286  1.921  0.0001 0.02187 0.0231 0.01843    0    0 -0.005
272  1.93  0.0001 0.02066 0.01944 0.01843    0    0 -0.005
273  1.933  0.0001 0.02328 0.01916 0.01843    0    0 -0.005
279  1.936  0.0001 0.01698 0.01854 0.01843    0    0 -0.005
278  1.939  0.0001 0.02037 0.01475 0.01843    0    0 -0.005
280  1.94  0.0001 0.01665 0.02084 0.01843    0    0 -0.005
271  1.943  0.0001 0.01973 0.01501 0.01843    0    0 -0.005
298  1.945  0.0001 0.0172 0.02031 0.01843    0    0 -0.005
284  1.946  0.0001 0.02249 0.02232 0.01843    0    0 -0.005
281  1.947  0.0001 0.01813 0.01548 0.01843    0    0 -0.005
287  1.948  0.0001 0.0213 0.01657 0.01843    0    0 -0.005
288  1.958  0.0001 0.02125 0.01911 0.01843    0    0 -0.005
289  1.959  0.0001 0.01545 0.01635 0.01843    0    0 -0.005
282  1.965  0.0001 0.01746 0.02112 0.01843    0    0 -0.005
275  1.967  0.0001 0.022 0.02034 0.01843    0    0 -0.005
276  1.974  0.0001 0.02043 0.0181 0.01843    0    0 -0.005
274  1.977  0.0001 0.01941 0.01807 0.01843    0    0 -0.005
